0.37 -3.9 0.002 0.2554 0.002 0.2505 0.0212
0.04 -6.0 0.0241 0.2029 0.0237 0.2026 0.0037
0.004 -3.9 0.0221 0.2062 0.022 0.2058 0.0007
0.41 -9.0 0.0507 0.3155 0.0503 0.3151 0.0067
0.2 -8.4 0.0264 0.2371 0.0258 0.2365 0.0074
0.22 -5.4 0.0285 0.244 0.0282 0.2436 0.0057
0.31 -7.8 0.0379 0.2802 0.0377 0.2797 0.0071
0.14 -8.4 0.0272 0.2226 0.0269 0.2223 0.0054
0.53 -7.5 0.0664 0.3442 0.0648 0.3439 0.0048
0.31 -4.2 0.0018 0.2372 0.0018 0.2319 0.0276
0.0016 -3.9 0.023 0.2248 0.023 0.2247 0.0004
0.31 -3.3 0.0014 0.2326 0.0014 0.2278 0.0223
0.2 -5.1 0.0282 0.2426 0.0281 0.2422 0.0078
0.29 -3.0 0.0021 0.2218 0.0021 0.2171 0.0201
0.0016 -7.2 0.0243 0.2208 0.0242 0.2208 0.0006
0.0011 -5.4 0.0339 0.2336 0.0337 0.2335 0.0008
0.01 -6.6 0.0199 0.2156 0.0197 0.2155 0.0011
0.53 -7.8 0.064 0.3438 0.063 0.3433 0.0047
0.01 -4.8 0.0202 0.2127 0.0201 0.2123 0.0017
0.53 -6.3 0.0673 0.3422 0.0657 0.3421 0.0047
0.22 -7.8 0.0288 0.2466 0.0283 0.2465 0.0071
0.31 -7.5 0.0377 0.2808 0.0374 0.2802 0.0075
0.45 -9.0 0.057 0.3246 0.0561 0.3243 0.0083
0.45 -6.0 0.0545 0.3253 0.0534 0.3246 0.0101
0.37 -8.4 0.0424 0.2987 0.0417 0.2981 0.0081
0.2 -4.8 0.0263 0.2325 0.0261 0.2312 0.0086
0.004 -4.5 0.0207 0.2087 0.0206 0.2085 0.0015
0.004 -7.8 0.0216 0.2096 0.0213 0.2093 0.0009
0.2 -6.6 0.0298 0.2394 0.0293 0.2391 0.0088
0.31 -3.6 0.0012 0.2377 0.0012 0.2308 0.0296
0.47 -5.7 0.0547 0.3266 0.0536 0.3262 0.0057
0.51 -6.9 0.063 0.3436 0.0625 0.3433 0.0061
0.12 -8.4 0.026 0.2181 0.0254 0.2179 0.0057
0.06 -8.4 0.0234 0.2126 0.0229 0.2119 0.0053
