0.29 -3.3 0.0717 0.0107 0.005 0.0002 0.0105 0.0001 0.0049
0.25 -8.4 0.0713 0.0124 0.0037 0.0001 0.0123 0.0 0.0037
0.51 -5.1 0.0906 0.0178 0.0107 0.0002 0.0176 0.0 0.0107
0.27 -6.6 0.0716 0.0146 0.0058 0.0 0.0146 0.0 0.0058
0.27 -6.9 0.071 0.0111 0.0033 0.0 0.0111 0.0 0.0033
0.53 -8.1 0.0945 0.018 0.0099 0.0001 0.0179 0.0 0.0099
0.51 -6.3 0.0898 0.0141 0.0078 0.0002 0.0139 0.0002 0.0076
0.27 -5.4 0.0723 0.0147 0.0053 0.0002 0.0145 0.0001 0.0052
0.29 -5.7 0.068 0.0099 0.0037 0.0 0.0099 0.0 0.0037
0.37 -7.5 0.0719 0.0146 0.0048 0.0 0.0146 0.0 0.0048
0.41 -4.2 0.0779 0.0169 0.0082 0.0002 0.0167 0.0 0.0082
0.37 -4.8 0.0774 0.0142 0.0061 0.0001 0.0141 0.0001 0.006
0.22 -3.9 0.084 0.0039 0.0011 0.0002 0.0037 0.0001 0.001
0.22 -3.6 0.0826 0.0053 0.0016 0.0 0.0053 0.0 0.0016
0.49 -4.5 0.0876 0.0182 0.0108 0.0003 0.0179 0.0002 0.0106
0.49 -7.8 0.0897 0.0148 0.0073 0.0002 0.0146 0.0002 0.0071
0.33 -5.4 0.0751 0.0133 0.006 0.0002 0.0131 0.0001 0.0059
0.45 -6.3 0.0834 0.0142 0.0069 0.0 0.0142 0.0 0.0069
0.47 -8.1 0.085 0.0188 0.0089 0.0003 0.0185 0.0002 0.0087
0.33 -6.9 0.0675 0.0123 0.0045 0.0001 0.0122 0.0001 0.0044
0.51 -3.0 0.0915 0.0201 0.0115 0.0001 0.0201 0.0 0.0115
0.33 -6.6 0.0722 0.0163 0.0066 0.0001 0.0162 0.0 0.0066
0.45 -5.1 0.085 0.0176 0.0088 0.0001 0.0175 0.0 0.0088
0.31 -8.4 0.0706 0.0105 0.0038 0.0 0.0105 0.0 0.0038
0.43 -3.0 0.0796 0.019 0.0095 0.0001 0.0189 0.0 0.0095
0.33 -4.8 0.071 0.0143 0.0073 0.0004 0.0139 0.0003 0.007
0.45 -4.2 0.0834 0.0188 0.0099 0.0001 0.0187 0.0 0.0099
0.33 -7.5 0.0703 0.0131 0.0048 0.0 0.0131 0.0 0.0048
0.31 -3.0 0.0706 0.0136 0.0055 0.0002 0.0134 0.0 0.0055
0.27 -7.5 0.0692 0.0135 0.0047 0.0001 0.0134 0.0 0.0047
0.51 -4.2 0.0883 0.0167 0.0101 0.0001 0.0166 0.0001 0.01
0.27 -4.8 0.0743 0.0097 0.0036 0.0001 0.0096 0.0 0.0036
0.39 -5.7 0.0779 0.0171 0.008 0.0003 0.0168 0.0 0.008
0.37 -6.9 0.0741 0.0149 0.0045 0.0001 0.0148 0.0 0.0045
0.43 -8.1 0.0794 0.0141 0.0074 0.0 0.0141 0.0 0.0074
0.41 -6.3 0.077 0.0138 0.0058 0.0004 0.0135 0.0001 0.0057
0.37 -5.4 0.0754 0.0158 0.0069 0.0001 0.0157 0.0 0.0069
0.39 -3.3 0.0779 0.0147 0.0076 0.0003 0.0144 0.0 0.0076
0.35 -8.4 0.0721 0.0169 0.0077 0.0 0.0169 0.0 0.0077
0.41 -5.1 0.0831 0.0148 0.0084 0.0004 0.0144 0.0003 0.0081
0.37 -6.6 0.0746 0.0183 0.006 0.0001 0.0182 0.0 0.006
0.22 -3.0 0.0838 0.0056 0.0016 0.0 0.0056 0.0 0.0016
0.49 -4.2 0.087 0.0176 0.0094 0.0001 0.0175 0.0 0.0094
0.29 -9.0 0.0698 0.0145 0.0051 0.0 0.0145 0.0 0.0051
0.29 -6.0 0.0682 0.0156 0.0053 0.0 0.0156 0.0 0.0053
0.43 -3.9 0.0815 0.0183 0.0094 0.0002 0.0182 0.0001 0.0093
0.35 -3.3 0.074 0.0179 0.01 0.0 0.0179 0.0 0.01
0.39 -8.4 0.0778 0.0192 0.0084 0.0001 0.0191 0.0 0.0084
0.43 -3.6 0.078 0.0196 0.0098 0.0005 0.0191 0.0001 0.0097
0.35 -5.7 0.0755 0.0132 0.007 0.0002 0.013 0.0 0.007
0.37 -8.7 0.0743 0.0172 0.0061 0.0003 0.0169 0.0001 0.006
0.35 -6.0 0.0742 0.0177 0.0077 0.0001 0.0176 0.0001 0.0076
0.47 -9.0 0.0837 0.0162 0.0083 0.0003 0.016 0.0003 0.0081
0.35 -9.0 0.0734 0.0175 0.0074 0.0001 0.0175 0.0 0.0074
0.47 -6.0 0.0863 0.0182 0.0085 0.0002 0.018 0.0 0.0085
0.41 -7.8 0.0765 0.0134 0.007 0.0 0.0134 0.0 0.007
0.37 -7.2 0.0744 0.0156 0.0047 0.0002 0.0154 0.0002 0.0045
0.41 -4.5 0.0794 0.0164 0.0091 0.0001 0.0163 0.0 0.0091
0.51 -7.8 0.0919 0.0178 0.0095 0.0 0.0178 0.0 0.0095
0.27 -7.2 0.0701 0.0131 0.0047 0.0 0.0131 0.0 0.0047
0.51 -4.5 0.0901 0.0226 0.0113 0.0005 0.0222 0.0002 0.0112
0.27 -6.0 0.0724 0.014 0.0048 0.0005 0.0135 0.0001 0.0047
0.27 -8.7 0.0698 0.0096 0.0026 0.0003 0.0093 0.0 0.0026
0.27 -9.0 0.0723 0.0108 0.0041 0.0001 0.0107 0.0 0.0041
0.25 -5.7 0.0743 0.0083 0.0033 0.0002 0.0081 0.0002 0.0031
0.53 -3.6 0.0966 0.0177 0.0118 0.0004 0.0174 0.0001 0.0117
0.53 -3.9 0.098 0.0191 0.0117 0.0004 0.0187 0.0002 0.0115
0.25 -3.3 0.0726 0.0089 0.0033 0.0001 0.0088 0.0001 0.0032
0.29 -8.4 0.0692 0.0153 0.0056 0.0001 0.0152 0.0 0.0056
0.31 -5.7 0.0715 0.0098 0.0036 0.0001 0.0097 0.0 0.0036
0.33 -8.7 0.0707 0.0119 0.0042 0.0 0.0119 0.0 0.0042
0.49 -5.1 0.0908 0.0191 0.0096 0.0003 0.0188 0.0001 0.0095
0.31 -3.3 0.0716 0.0119 0.0054 0.0004 0.0115 0.0001 0.0053
0.47 -3.9 0.0869 0.016 0.0097 0.0001 0.0159 0.0 0.0097
0.49 -6.3 0.0883 0.0153 0.007 0.0 0.0153 0.0 0.007
0.47 -3.6 0.0873 0.017 0.0108 0.0004 0.0167 0.0003 0.0106
0.45 -4.5 0.0853 0.0157 0.0092 0.0 0.0157 0.0 0.0092
0.49 -6.0 0.0876 0.0167 0.0084 0.0 0.0167 0.0 0.0084
0.33 -7.2 0.0729 0.0148 0.0053 0.0001 0.0147 0.0001 0.0052
0.45 -7.8 0.0822 0.0158 0.0073 0.0003 0.0155 0.0 0.0073
0.22 -8.1 0.0882 0.0053 0.0014 0.0002 0.0051 0.0 0.0014
0.49 -9.0 0.0856 0.0176 0.0083 0.0002 0.0174 0.0001 0.0082
0.49 -5.7 0.092 0.0176 0.0092 0.0001 0.0175 0.0 0.0092
0.49 -3.3 0.0866 0.019 0.0116 0.0003 0.0187 0.0002 0.0114
0.45 -8.4 0.0809 0.016 0.007 0.0002 0.0158 0.0001 0.0069
0.47 -6.6 0.0875 0.0145 0.0072 0.0002 0.0143 0.0001 0.0071
0.31 -5.1 0.0698 0.0124 0.005 0.0 0.0124 0.0 0.005
0.22 -7.2 0.0871 0.0048 0.001 0.0 0.0048 0.0 0.001
0.47 -6.9 0.0846 0.0165 0.0092 0.0002 0.0163 0.0001 0.0091
0.33 -8.1 0.071 0.0123 0.0049 0.0002 0.0121 0.0001 0.0048
0.47 -5.4 0.087 0.016 0.0088 0.0001 0.0159 0.0001 0.0087
0.31 -6.3 0.0702 0.01 0.0046 0.0 0.01 0.0 0.0046
0.22 -8.7 0.0832 0.0042 0.0007 0.0 0.0042 0.0 0.0007
0.43 -4.8 0.083 0.0196 0.0107 0.0003 0.0193 0.0 0.0107
0.43 -7.5 0.0778 0.0183 0.0081 0.0 0.0183 0.0 0.0081
0.35 -4.2 0.0741 0.0141 0.0077 0.0002 0.014 0.0001 0.0077
0.29 -4.5 0.0699 0.0106 0.0039 0.0001 0.0105 0.0001 0.0038
0.29 -7.8 0.0674 0.0107 0.0037 0.0001 0.0106 0.0001 0.0036
0.25 -6.3 0.0697 0.0128 0.0038 0.0001 0.0127 0.0001 0.0037
0.53 -5.4 0.0977 0.0164 0.0103 0.0003 0.0161 0.0001 0.0102
0.27 -8.1 0.072 0.0096 0.0033 0.0 0.0096 0.0 0.0033
0.53 -6.9 0.0935 0.0185 0.0099 0.0003 0.0182 0.0 0.0099
0.33 -3.0 0.0731 0.0153 0.0066 0.0001 0.0152 0.0 0.0066
0.25 -5.1 0.0728 0.0092 0.0026 0.0002 0.009 0.0001 0.0025
0.53 -6.6 0.0949 0.0184 0.0093 0.0004 0.018 0.0001 0.0092
0.51 -8.4 0.0876 0.0188 0.0085 0.0002 0.0186 0.0001 0.0084
0.41 -3.0 0.0787 0.0158 0.0082 0.0003 0.0155 0.0001 0.0081
0.35 -5.1 0.079 0.0184 0.0093 0.0001 0.0183 0.0 0.0093
0.43 -6.6 0.0806 0.0162 0.0077 0.0001 0.0161 0.0 0.0077
0.41 -8.4 0.0771 0.0132 0.0062 0.0004 0.0128 0.0002 0.006
0.35 -6.3 0.0772 0.0134 0.0072 0.0002 0.0132 0.0002 0.007
0.43 -5.4 0.0791 0.0198 0.0095 0.0005 0.0195 0.0004 0.0092
0.37 -8.1 0.0748 0.0148 0.0045 0.0003 0.0146 0.0 0.0045
0.43 -6.9 0.0789 0.0181 0.0092 0.0001 0.018 0.0 0.0092
0.39 -4.5 0.0779 0.0153 0.008 0.0003 0.015 0.0001 0.0079
0.39 -7.8 0.0765 0.0158 0.0066 0.0002 0.0156 0.0 0.0066
0.53 -4.8 0.0975 0.0189 0.01 0.0 0.0189 0.0 0.01
0.53 -7.5 0.0941 0.0187 0.0093 0.0002 0.0186 0.0001 0.0093
0.25 -4.2 0.0735 0.0059 0.0026 0.0001 0.0058 0.0001 0.0025
0.53 -3.0 0.096 0.0195 0.0116 0.0002 0.0193 0.0 0.0116
0.31 -4.2 0.0724 0.0117 0.0055 0.0001 0.0116 0.0001 0.0054
0.47 -7.5 0.0835 0.0196 0.0094 0.0002 0.0194 0.0002 0.0092
0.47 -4.8 0.09 0.0174 0.01 0.0 0.0174 0.0 0.01
0.29 -4.2 0.0704 0.0086 0.0044 0.0002 0.0085 0.0 0.0044
0.43 -7.2 0.0784 0.017 0.0083 0.0003 0.0167 0.0 0.0083
0.35 -4.5 0.0756 0.0143 0.0074 0.0002 0.0141 0.0001 0.0073
0.35 -7.8 0.0748 0.0162 0.0079 0.0001 0.0161 0.0001 0.0078
0.43 -8.7 0.079 0.0137 0.0071 0.0002 0.0136 0.0002 0.007
0.41 -5.7 0.0774 0.0176 0.0084 0.0003 0.0173 0.0002 0.0082
0.39 -6.3 0.0759 0.0149 0.0059 0.0 0.0149 0.0 0.0059
0.39 -6.0 0.0745 0.0206 0.0077 0.0002 0.0204 0.0001 0.0076
0.37 -3.6 0.0744 0.0131 0.0057 0.0002 0.0129 0.0002 0.0055
0.39 -5.1 0.0788 0.0126 0.0059 0.0 0.0126 0.0 0.0059
0.41 -3.3 0.078 0.0152 0.0078 0.0001 0.0151 0.0 0.0078
0.39 -9.0 0.0761 0.0156 0.0061 0.0 0.0156 0.0 0.0061
0.37 -3.9 0.0732 0.0151 0.007 0.0003 0.0148 0.0 0.007
0.22 -4.8 0.0844 0.0031 0.0003 0.0 0.0031 0.0 0.0003
0.22 -7.5 0.0855 0.0049 0.0006 0.0001 0.0048 0.0 0.0006
0.25 -9.0 0.0729 0.0122 0.0039 0.0 0.0122 0.0 0.0039
0.25 -6.0 0.0755 0.0125 0.003 0.0001 0.0124 0.0 0.003
0.22 -6.6 0.087 0.0036 0.0005 0.0 0.0036 0.0 0.0005
0.22 -5.4 0.0863 0.0041 0.0012 0.0001 0.004 0.0 0.0012
0.22 -6.9 0.0861 0.0059 0.0007 0.0 0.0059 0.0 0.0007
0.31 -7.8 0.0717 0.014 0.0057 0.0001 0.0139 0.0 0.0057
0.31 -4.5 0.07 0.0109 0.0046 0.0 0.0109 0.0 0.0046
0.47 -7.2 0.0856 0.0176 0.0092 0.0 0.0176 0.0 0.0092
0.33 -3.6 0.0705 0.0121 0.0056 0.0002 0.0119 0.0001 0.0055
0.33 -3.9 0.0718 0.0129 0.007 0.0004 0.0125 0.0003 0.0067
0.45 -3.3 0.082 0.0172 0.0092 0.0 0.0172 0.0 0.0092
0.49 -8.4 0.0887 0.0168 0.0079 0.0002 0.0166 0.0001 0.0078
0.45 -6.0 0.0856 0.0186 0.0097 0.0 0.0186 0.0 0.0097
0.47 -8.7 0.0874 0.0151 0.0084 0.0002 0.0149 0.0001 0.0083
0.37 -9.0 0.0771 0.0163 0.0069 0.0 0.0163 0.0 0.0069
0.45 -9.0 0.0836 0.0184 0.0077 0.0001 0.0183 0.0001 0.0076
0.37 -6.0 0.073 0.0182 0.0059 0.0003 0.0179 0.0 0.0059
0.45 -5.7 0.0848 0.0168 0.0084 0.0 0.0168 0.0 0.0084
0.29 -5.1 0.0754 0.011 0.0047 0.0001 0.0109 0.0 0.0047
0.51 -3.3 0.0907 0.0203 0.011 0.0002 0.0201 0.0 0.011
0.27 -3.9 0.0697 0.0083 0.0027 0.0001 0.0082 0.0 0.0027
0.29 -6.3 0.0706 0.0141 0.0044 0.0 0.0141 0.0 0.0044
0.27 -3.6 0.071 0.0103 0.0042 0.0002 0.0101 0.0001 0.0041
0.51 -5.7 0.0912 0.0179 0.0093 0.0002 0.0177 0.0 0.0093
0.53 -8.7 0.0966 0.015 0.0077 0.0002 0.0148 0.0 0.0077
0.53 -7.2 0.0959 0.0153 0.0083 0.0002 0.0151 0.0 0.0083
0.25 -4.5 0.0717 0.0068 0.0021 0.0001 0.0067 0.0001 0.002
0.25 -7.8 0.0756 0.013 0.0034 0.0002 0.0128 0.0001 0.0033
0.39 -4.2 0.0774 0.0146 0.0061 0.0002 0.0145 0.0 0.0061
0.49 -8.7 0.0891 0.0144 0.0067 0.0001 0.0143 0.0001 0.0066
0.51 -6.0 0.0928 0.0171 0.009 0.0001 0.017 0.0 0.009
0.47 -8.4 0.0868 0.015 0.0083 0.0002 0.0148 0.0002 0.0081
0.33 -5.1 0.0747 0.0118 0.0061 0.0002 0.0117 0.0001 0.006
0.45 -6.6 0.0833 0.0144 0.0069 0.0 0.0144 0.0 0.0069
0.51 -9.0 0.0876 0.0137 0.0064 0.0001 0.0136 0.0 0.0064
0.45 -6.9 0.0829 0.015 0.0065 0.0 0.015 0.0 0.0065
0.31 -8.1 0.0702 0.0104 0.0043 0.0001 0.0103 0.0 0.0043
0.33 -6.3 0.0707 0.0163 0.0061 0.0001 0.0162 0.0001 0.006
0.45 -5.4 0.0854 0.0195 0.0088 0.0002 0.0193 0.0001 0.0087
0.49 -7.2 0.0872 0.015 0.0078 0.0 0.015 0.0 0.0078
0.22 -3.3 0.084 0.0038 0.0008 0.0001 0.0037 0.0 0.0008
0.22 -5.7 0.0829 0.0058 0.0016 0.0001 0.0057 0.0001 0.0015
0.41 -4.8 0.0788 0.0146 0.0071 0.0002 0.0145 0.0002 0.007
0.37 -4.2 0.0731 0.0151 0.0067 0.0002 0.0149 0.0001 0.0066
0.41 -7.5 0.0785 0.0156 0.0064 0.0 0.0156 0.0 0.0064
0.51 -5.4 0.0913 0.0167 0.01 0.0004 0.0163 0.0002 0.0098
0.27 -6.3 0.0692 0.0142 0.0052 0.0001 0.0141 0.0 0.0052
0.25 -8.1 0.0738 0.0093 0.0021 0.0002 0.0091 0.0 0.0021
0.51 -6.9 0.0895 0.0148 0.0078 0.0002 0.0146 0.0001 0.0077
0.29 -3.6 0.0679 0.0115 0.0041 0.0001 0.0114 0.0001 0.004
0.51 -6.6 0.0921 0.0177 0.0085 0.0001 0.0176 0.0 0.0085
0.27 -5.1 0.0737 0.0097 0.003 0.0001 0.0096 0.0 0.003
0.53 -8.4 0.0947 0.0149 0.0067 0.0002 0.0147 0.0 0.0067
0.29 -3.9 0.0675 0.0092 0.0039 0.0001 0.0091 0.0 0.0039
0.41 -6.6 0.0759 0.0136 0.0063 0.0001 0.0135 0.0 0.0063
0.37 -5.1 0.0791 0.0176 0.0077 0.0 0.0176 0.0 0.0077
0.43 -8.4 0.0813 0.0179 0.0087 0.0001 0.0178 0.0 0.0087
0.39 -3.9 0.0751 0.0141 0.0073 0.0002 0.0139 0.0001 0.0072
0.41 -5.4 0.0774 0.0151 0.0073 0.0 0.0151 0.0 0.0073
0.37 -6.3 0.0739 0.0154 0.0057 0.0001 0.0154 0.0001 0.0057
0.35 -8.1 0.0733 0.0133 0.0064 0.0 0.0133 0.0 0.0064
0.41 -6.9 0.0739 0.013 0.0061 0.0001 0.0129 0.0 0.0061
0.39 -3.6 0.0798 0.0182 0.0092 0.0001 0.0181 0.0001 0.0091
0.51 -4.8 0.0911 0.0162 0.0093 0.0003 0.0159 0.0001 0.0092
0.27 -4.2 0.07 0.0095 0.0038 0.0001 0.0094 0.0001 0.0037
0.51 -7.5 0.0891 0.0176 0.0087 0.0002 0.0174 0.0 0.0087
0.45 -7.5 0.0819 0.0179 0.0086 0.0 0.0179 0.0 0.0086
0.43 -6.0 0.08 0.0176 0.0088 0.0002 0.0174 0.0001 0.0087
0.33 -4.2 0.0722 0.0125 0.006 0.0001 0.0124 0.0001 0.0059
0.31 -9.0 0.0713 0.0134 0.0053 0.0002 0.0132 0.0002 0.0051
0.45 -4.8 0.0825 0.0163 0.0081 0.0003 0.016 0.0001 0.008
0.43 -9.0 0.0791 0.0179 0.0086 0.0 0.0179 0.0 0.0086
0.31 -6.0 0.069 0.0132 0.0047 0.0001 0.0131 0.0 0.0047
0.37 -4.5 0.0751 0.0147 0.0068 0.0005 0.0142 0.0002 0.0066
0.41 -7.2 0.0775 0.0159 0.0075 0.0002 0.0157 0.0001 0.0074
0.37 -7.8 0.0751 0.0165 0.0058 0.0003 0.0162 0.0002 0.0056
0.35 -3.0 0.0742 0.0178 0.0095 0.0003 0.0177 0.0 0.0095
0.47 -3.0 0.086 0.0184 0.0093 0.0 0.0184 0.0 0.0093
0.41 -8.7 0.0772 0.0128 0.0057 0.0005 0.0123 0.0001 0.0056
0.43 -5.7 0.0832 0.0169 0.0085 0.0 0.0169 0.0 0.0085
0.39 -8.1 0.0748 0.0162 0.0069 0.0002 0.016 0.0002 0.0067
0.35 -3.6 0.0753 0.0137 0.008 0.0002 0.0135 0.0002 0.0078
0.43 -3.3 0.0795 0.0166 0.0086 0.0001 0.0165 0.0 0.0086
0.35 -3.9 0.0738 0.0145 0.0067 0.0004 0.0141 0.0002 0.0065
0.29 -3.0 0.0707 0.0134 0.005 0.0001 0.0133 0.0001 0.0049
0.49 -7.5 0.0873 0.0151 0.0078 0.0004 0.0147 0.0002 0.0076
0.49 -4.8 0.0882 0.0186 0.011 0.0004 0.0182 0.0002 0.0108
0.22 -6.0 0.0846 0.0057 0.0013 0.0 0.0057 0.0 0.0013
0.22 -9.0 0.0875 0.0057 0.0011 0.0 0.0057 0.0 0.0011
0.22 -8.4 0.0884 0.0051 0.0012 0.0 0.0051 0.0 0.0012
0.49 -3.0 0.0868 0.0203 0.012 0.0003 0.0201 0.0002 0.0119
0.33 -7.8 0.0703 0.0123 0.0047 0.0001 0.0122 0.0 0.0047
0.45 -7.2 0.084 0.0131 0.0063 0.0 0.0131 0.0 0.0063
0.33 -4.5 0.0692 0.0122 0.0057 0.0001 0.0121 0.0001 0.0056
0.31 -3.6 0.0713 0.0107 0.0046 0.0001 0.0106 0.0 0.0046
0.49 -6.9 0.0886 0.0135 0.0063 0.0 0.0135 0.0 0.0063
0.49 -5.4 0.09 0.0157 0.0089 0.0002 0.0155 0.0 0.0089
0.31 -3.9 0.0701 0.011 0.0047 0.0 0.011 0.0 0.0047
0.47 -3.3 0.0879 0.0176 0.0112 0.0002 0.0174 0.0001 0.0111
0.49 -6.6 0.0891 0.0171 0.0083 0.0001 0.017 0.0 0.0083
0.45 -8.7 0.0792 0.0177 0.0081 0.0001 0.0176 0.0001 0.008
0.47 -5.7 0.0885 0.0195 0.0105 0.0002 0.0193 0.0 0.0105
0.53 -3.3 0.0978 0.0201 0.0109 0.0005 0.0196 0.0 0.0109
0.25 -3.9 0.0737 0.009 0.0033 0.0002 0.0088 0.0001 0.0032
0.29 -8.1 0.0676 0.0156 0.0054 0.0001 0.0155 0.0 0.0054
0.25 -3.6 0.073 0.0088 0.0033 0.0001 0.0087 0.0 0.0033
0.27 -3.0 0.0704 0.0104 0.0041 0.0004 0.01 0.0001 0.004
0.53 -5.7 0.0969 0.0161 0.0096 0.0003 0.0158 0.0002 0.0094
0.51 -8.7 0.089 0.0186 0.0089 0.0003 0.0183 0.0 0.0089
0.27 -4.5 0.07 0.0104 0.003 0.0 0.0104 0.0 0.003
0.51 -7.2 0.0919 0.0193 0.0094 0.0004 0.0189 0.0 0.0094
0.27 -7.8 0.0704 0.0148 0.0048 0.0003 0.0145 0.0001 0.0047
0.33 -6.0 0.0714 0.0136 0.005 0.0 0.0136 0.0 0.005
0.41 -9.0 0.078 0.0165 0.0075 0.0001 0.0164 0.0001 0.0074
0.27 -8.4 0.0713 0.0105 0.004 0.0 0.0105 0.0 0.004
0.25 -6.6 0.0736 0.0096 0.0026 0.0002 0.0094 0.0002 0.0024
0.53 -5.1 0.098 0.0161 0.0104 0.0 0.0161 0.0 0.0104
0.33 -9.0 0.0721 0.0121 0.0053 0.0002 0.0119 0.0001 0.0052
0.41 -6.0 0.0777 0.0156 0.0069 0.0 0.0156 0.0 0.0069
0.25 -6.9 0.0738 0.0113 0.003 0.0 0.0113 0.0 0.003
0.51 -8.1 0.0896 0.0146 0.0081 0.0002 0.0144 0.0 0.0081
0.25 -5.4 0.0715 0.009 0.0024 0.0 0.009 0.0 0.0024
0.53 -6.3 0.0956 0.019 0.0096 0.0001 0.0189 0.0001 0.0095
0.29 -8.7 0.0675 0.0153 0.0052 0.0 0.0153 0.0 0.0052
0.29 -7.2 0.0674 0.0109 0.0042 0.0 0.0109 0.0 0.0042
0.43 -4.2 0.0816 0.0152 0.0071 0.0001 0.0152 0.0001 0.0071
0.35 -7.5 0.074 0.0134 0.0068 0.0 0.0134 0.0 0.0068
0.35 -4.8 0.0756 0.014 0.0078 0.0001 0.014 0.0001 0.0078
0.47 -6.3 0.0854 0.0155 0.0085 0.0001 0.0154 0.0 0.0085
0.31 -5.4 0.0721 0.0126 0.0043 0.0002 0.0124 0.0 0.0043
0.45 -8.1 0.0828 0.0178 0.0079 0.0004 0.0174 0.0003 0.0076
0.31 -6.9 0.0704 0.0104 0.0043 0.0001 0.0103 0.0 0.0043
0.22 -7.8 0.0857 0.0046 0.0006 0.0001 0.0045 0.0 0.0006
0.22 -4.5 0.086 0.0042 0.0013 0.0002 0.004 0.0 0.0013
0.49 -3.6 0.0902 0.0183 0.0114 0.0002 0.0181 0.0001 0.0113
0.47 -5.1 0.0899 0.0172 0.0093 0.0003 0.017 0.0001 0.0093
0.31 -6.6 0.069 0.0108 0.0045 0.0003 0.0105 0.0002 0.0043
0.33 -8.4 0.0705 0.0122 0.0044 0.0 0.0122 0.0 0.0044
0.49 -3.9 0.0883 0.0178 0.011 0.0004 0.0174 0.0002 0.0108
0.31 -4.8 0.0719 0.0099 0.0047 0.0 0.0099 0.0 0.0047
0.31 -7.5 0.0714 0.0135 0.0051 0.0003 0.0132 0.0001 0.005
0.47 -4.2 0.085 0.017 0.0092 0.0002 0.0168 0.0001 0.0091
0.53 -4.2 0.0972 0.0204 0.0125 0.0002 0.0203 0.0 0.0125
0.25 -7.5 0.0729 0.0093 0.0026 0.0003 0.009 0.0 0.0026
0.25 -4.8 0.0735 0.0082 0.0029 0.0001 0.0081 0.0 0.0029
0.53 -9.0 0.0952 0.0147 0.0078 0.0001 0.0146 0.0001 0.0077
0.53 -6.0 0.0948 0.0173 0.0094 0.0003 0.017 0.0 0.0094
0.39 -7.2 0.0746 0.0165 0.0062 0.0001 0.0164 0.0001 0.0061
0.39 -8.7 0.0773 0.0198 0.0081 0.0002 0.0196 0.0002 0.0079
0.35 -6.9 0.0738 0.014 0.0066 0.0002 0.0138 0.0 0.0066
0.41 -8.1 0.0771 0.0159 0.0073 0.0001 0.0158 0.0001 0.0072
0.35 -5.4 0.0753 0.0181 0.0091 0.0002 0.0179 0.0001 0.009
0.43 -6.3 0.0798 0.014 0.0065 0.0 0.014 0.0 0.0065
0.37 -8.4 0.0747 0.0148 0.005 0.0002 0.0146 0.0002 0.0048
0.35 -6.6 0.0739 0.0181 0.0079 0.0001 0.018 0.0001 0.0078
0.43 -5.1 0.081 0.0213 0.0111 0.0001 0.0212 0.0 0.0111
0.25 -3.0 0.0695 0.0088 0.0033 0.0 0.0088 0.0 0.0033
0.22 -4.2 0.0838 0.0054 0.0012 0.0 0.0054 0.0 0.0012
0.39 -3.0 0.0774 0.0194 0.0094 0.0003 0.0192 0.0002 0.0093
0.41 -3.9 0.0797 0.0147 0.0085 0.0001 0.0146 0.0 0.0085
0.37 -3.3 0.0756 0.0154 0.0068 0.0001 0.0153 0.0 0.0068
0.39 -6.6 0.0751 0.0152 0.0062 0.0003 0.0149 0.0002 0.006
0.41 -3.6 0.0785 0.0137 0.0068 0.0004 0.0133 0.0001 0.0067
0.39 -6.9 0.077 0.0195 0.0082 0.0001 0.0194 0.0001 0.0081
0.39 -5.4 0.0776 0.0152 0.0068 0.0002 0.0152 0.0002 0.0068
0.37 -5.7 0.0756 0.0177 0.0061 0.0001 0.0176 0.0 0.0061
0.35 -8.7 0.0736 0.0157 0.0081 0.0 0.0157 0.0 0.0081
0.43 -7.8 0.0805 0.0172 0.0084 0.0002 0.017 0.0001 0.0083
0.43 -4.5 0.0783 0.0201 0.0103 0.0 0.0201 0.0 0.0103
0.35 -7.2 0.0719 0.0178 0.008 0.0001 0.0177 0.0001 0.0079
0.29 -7.5 0.07 0.0112 0.0035 0.0003 0.011 0.0002 0.0034
0.29 -4.8 0.0702 0.0133 0.0043 0.0001 0.0132 0.0001 0.0042
0.39 -7.5 0.074 0.0222 0.0079 0.0006 0.0216 0.0002 0.0077
0.39 -4.8 0.0791 0.0193 0.0091 0.0003 0.019 0.0002 0.0089
0.53 -7.8 0.0974 0.0142 0.0076 0.0002 0.014 0.0001 0.0075
0.53 -4.5 0.0952 0.0161 0.0096 0.0 0.0161 0.0 0.0096
0.25 -7.2 0.0724 0.0123 0.0042 0.0001 0.0122 0.0001 0.0041
0.25 -8.7 0.072 0.0132 0.0036 0.0 0.0132 0.0 0.0036
0.27 -5.7 0.0715 0.0111 0.0042 0.0002 0.0109 0.0001 0.0041
0.51 -3.6 0.0926 0.0208 0.0118 0.0004 0.0205 0.0003 0.0116
0.29 -6.9 0.069 0.0111 0.004 0.0 0.0111 0.0 0.004
0.29 -5.4 0.0712 0.0146 0.0056 0.0 0.0146 0.0 0.0056
0.51 -3.9 0.0883 0.0192 0.0098 0.0 0.0192 0.0 0.0098
0.27 -3.3 0.0696 0.0093 0.004 0.0 0.0093 0.0 0.004
0.29 -6.6 0.0722 0.0156 0.0049 0.0001 0.0155 0.0001 0.0048
0.33 -5.7 0.0724 0.016 0.0061 0.0001 0.0159 0.0001 0.006
0.45 -3.0 0.0847 0.0176 0.0098 0.0002 0.0174 0.0 0.0098
0.31 -8.7 0.0715 0.0148 0.0068 0.0003 0.0145 0.0001 0.0067
0.37 -3.0 0.0762 0.0155 0.0069 0.0002 0.0153 0.0001 0.0068
0.33 -3.3 0.0731 0.0111 0.006 0.0001 0.011 0.0 0.006
0.45 -3.9 0.0834 0.0171 0.0091 0.0002 0.017 0.0001 0.0091
0.49 -8.1 0.0873 0.0141 0.0076 0.0001 0.014 0.0 0.0076
0.45 -3.6 0.0867 0.0187 0.0103 0.0 0.0187 0.0 0.0103
0.31 -7.2 0.0713 0.0113 0.0043 0.0001 0.0112 0.0 0.0043
0.47 -4.5 0.0882 0.0172 0.0096 0.0002 0.017 0.0002 0.0094
0.47 -7.8 0.0831 0.018 0.0084 0.0001 0.0179 0.0001 0.0083
0.22 -6.3 0.0859 0.0038 0.0006 0.0 0.0038 0.0 0.0006
0.22 -5.1 0.0865 0.0062 0.0014 0.0003 0.0059 0.0 0.0014
