0.001 1.00e-09 0.0
0.002 1.00e-09 0.0
0.003 1.00e-09 0.0
0.004 1.00e-09 0.0
0.005 1.00e-09 0.0
0.007 1.00e-09 0.0
0.010 1.00e-09 0.0
0.020 1.00e-09 0.0
0.040 1.00e-09 0.0
0.060 1.00e-09 0.0
0.080 1.00e-09 0.0
0.100 1.00e-09 0.0
0.120 1.00e-09 0.0
0.140 1.00e-09 0.0
0.160 1.00e-09 0.0
0.180 1.00e-09 0.0
0.200 1.00e-09 0.0
0.220 1.00e-09 0.0
0.250 1.00e-09 0.0
0.270 1.00e-09 0.0
0.290 1.00e-09 0.0
0.310 1.00e-09 0.0
0.330 1.00e-09 1e-06
0.350 1.00e-09 1e-06
0.370 1.00e-09 1e-06
0.390 1.00e-09 1e-06
0.410 1.00e-09 1e-06
0.430 1.00e-09 1e-06
0.450 1.00e-09 1e-06
0.470 1.00e-09 1e-06
0.490 1.00e-09 1e-06
0.510 1.00e-09 2e-06
0.530 1.00e-09 2e-06
0.550 1.00e-09 2e-06
0.570 1.00e-09 2e-06
0.590 1.00e-09 3e-06
0.610 1.00e-09 3e-06
0.630 1.00e-09 4e-06
0.650 1.00e-09 5e-06
0.670 1.00e-09 6e-06
0.690 1.00e-09 7e-06
0.710 1.00e-09 9e-06
0.730 1.00e-09 1.2e-05
0.750 1.00e-09 1.4e-05
0.770 1.00e-09 1.7e-05
0.790 1.00e-09 1.7e-05
0.810 1.00e-09 1.2e-05
0.830 1.00e-09 1e-05
0.850 1.00e-09 9e-06
0.870 1.00e-09 8e-06
0.890 1.00e-09 7e-06
0.910 1.00e-09 7e-06
0.930 1.00e-09 7e-06
0.950 1.00e-09 7e-06
0.970 1.00e-09 7e-06
0.990 1.00e-09 7e-06
1.010 1.00e-09 1e-05
1.030 1.00e-09 1.3e-05
1.050 1.00e-09 8e-06
1.070 1.00e-09 8e-06
1.090 1.00e-09 8e-06
1.110 1.00e-09 8e-06
1.130 1.00e-09 8e-06
1.150 1.00e-09 9e-06
1.170 1.00e-09 9e-06
1.190 1.00e-09 9e-06
1.210 1.00e-09 1e-05
1.230 1.00e-09 1e-05
1.250 1.00e-09 1e-05
1.270 1.00e-09 1.1e-05
1.290 1.00e-09 1.2e-05
1.310 1.00e-09 1.2e-05
1.330 1.00e-09 1.3e-05
1.350 1.00e-09 1.3e-05
1.370 1.00e-09 1.4e-05
1.390 1.00e-09 1.5e-05
1.410 1.00e-09 1.6e-05
1.430 1.00e-09 1.6e-05
1.450 1.00e-09 1.7e-05
1.470 1.00e-09 1.9e-05
1.490 1.00e-09 1.9e-05
0.001 2.00e-09 0.0
0.002 2.00e-09 0.0
0.003 2.00e-09 0.0
0.004 2.00e-09 0.0
0.005 2.00e-09 0.0
0.007 2.00e-09 0.0
0.010 2.00e-09 0.0
0.020 2.00e-09 0.0
0.040 2.00e-09 0.0
0.060 2.00e-09 0.0
0.080 2.00e-09 0.0
0.100 2.00e-09 0.0
0.120 2.00e-09 0.0
0.140 2.00e-09 0.0
0.160 2.00e-09 0.0
0.180 2.00e-09 0.0
0.200 2.00e-09 0.0
0.220 2.00e-09 1e-06
0.250 2.00e-09 1e-06
0.270 2.00e-09 1e-06
0.290 2.00e-09 2e-06
0.310 2.00e-09 2e-06
0.330 2.00e-09 2e-06
0.350 2.00e-09 3e-06
0.370 2.00e-09 3e-06
0.390 2.00e-09 3e-06
0.410 2.00e-09 4e-06
0.430 2.00e-09 4e-06
0.450 2.00e-09 5e-06
0.470 2.00e-09 5e-06
0.490 2.00e-09 6e-06
0.510 2.00e-09 7e-06
0.530 2.00e-09 7e-06
0.550 2.00e-09 8e-06
0.570 2.00e-09 9e-06
0.590 2.00e-09 1.1e-05
0.610 2.00e-09 1.3e-05
0.630 2.00e-09 1.5e-05
0.650 2.00e-09 1.8e-05
0.670 2.00e-09 2.2e-05
0.690 2.00e-09 2.8e-05
0.710 2.00e-09 3.7e-05
0.730 2.00e-09 4.7e-05
0.750 2.00e-09 5.6e-05
0.770 2.00e-09 6.8e-05
0.790 2.00e-09 6.7e-05
0.810 2.00e-09 4.8e-05
0.830 2.00e-09 4.1e-05
0.850 2.00e-09 3.6e-05
0.870 2.00e-09 3.2e-05
0.890 2.00e-09 2.9e-05
0.910 2.00e-09 2.8e-05
0.930 2.00e-09 2.7e-05
0.950 2.00e-09 2.6e-05
0.970 2.00e-09 2.6e-05
0.990 2.00e-09 2.7e-05
1.010 2.00e-09 4.1e-05
1.030 2.00e-09 5.1e-05
1.050 2.00e-09 3.2e-05
1.070 2.00e-09 3.1e-05
1.090 2.00e-09 3.2e-05
1.110 2.00e-09 3.2e-05
1.130 2.00e-09 3.3e-05
1.150 2.00e-09 3.4e-05
1.170 2.00e-09 3.5e-05
1.190 2.00e-09 3.7e-05
1.210 2.00e-09 3.9e-05
1.230 2.00e-09 4e-05
1.250 2.00e-09 4.2e-05
1.270 2.00e-09 4.4e-05
1.290 2.00e-09 4.6e-05
1.310 2.00e-09 4.8e-05
1.330 2.00e-09 5e-05
1.350 2.00e-09 5.3e-05
1.370 2.00e-09 5.7e-05
1.390 2.00e-09 5.9e-05
1.410 2.00e-09 6.3e-05
1.430 2.00e-09 6.5e-05
1.450 2.00e-09 6.9e-05
1.470 2.00e-09 7.4e-05
1.490 2.00e-09 7.6e-05
0.001 4.00e-09 0.0
0.002 4.00e-09 0.0
0.003 4.00e-09 0.0
0.004 4.00e-09 0.0
0.005 4.00e-09 0.0
0.007 4.00e-09 0.0
0.010 4.00e-09 0.0
0.020 4.00e-09 0.0
0.040 4.00e-09 0.0
0.060 4.00e-09 0.0
0.080 4.00e-09 0.0
0.100 4.00e-09 0.0
0.120 4.00e-09 1e-06
0.140 4.00e-09 1e-06
0.160 4.00e-09 1e-06
0.180 4.00e-09 1e-06
0.200 4.00e-09 2e-06
0.220 4.00e-09 3e-06
0.250 4.00e-09 5e-06
0.270 4.00e-09 6e-06
0.290 4.00e-09 7e-06
0.310 4.00e-09 8e-06
0.330 4.00e-09 9e-06
0.350 4.00e-09 1e-05
0.370 4.00e-09 1.2e-05
0.390 4.00e-09 1.3e-05
0.410 4.00e-09 1.5e-05
0.430 4.00e-09 1.7e-05
0.450 4.00e-09 1.9e-05
0.470 4.00e-09 2.1e-05
0.490 4.00e-09 2.4e-05
0.510 4.00e-09 2.6e-05
0.530 4.00e-09 3e-05
0.550 4.00e-09 3.4e-05
0.570 4.00e-09 3.7e-05
0.590 4.00e-09 4.3e-05
0.610 4.00e-09 5e-05
0.630 4.00e-09 6e-05
0.650 4.00e-09 7.3e-05
0.670 4.00e-09 8.9e-05
0.690 4.00e-09 0.000113
0.710 4.00e-09 0.000147
0.730 4.00e-09 0.000186
0.750 4.00e-09 0.000223
0.770 4.00e-09 0.000272
0.790 4.00e-09 0.000264
0.810 4.00e-09 0.000193
0.830 4.00e-09 0.000164
0.850 4.00e-09 0.000142
0.870 4.00e-09 0.000128
0.890 4.00e-09 0.000116
0.910 4.00e-09 0.000111
0.930 4.00e-09 0.000106
0.950 4.00e-09 0.000104
0.970 4.00e-09 0.000105
0.990 4.00e-09 0.000106
1.010 4.00e-09 0.000164
1.030 4.00e-09 0.000204
1.050 4.00e-09 0.000128
1.070 4.00e-09 0.000123
1.090 4.00e-09 0.000126
1.110 4.00e-09 0.000128
1.130 4.00e-09 0.000132
1.150 4.00e-09 0.000136
1.170 4.00e-09 0.000139
1.190 4.00e-09 0.000145
1.210 4.00e-09 0.000154
1.230 4.00e-09 0.000161
1.250 4.00e-09 0.000165
1.270 4.00e-09 0.000177
1.290 4.00e-09 0.000183
1.310 4.00e-09 0.000192
1.330 4.00e-09 0.0002
1.350 4.00e-09 0.000209
1.370 4.00e-09 0.000225
1.390 4.00e-09 0.000234
1.410 4.00e-09 0.000249
1.430 4.00e-09 0.00026
1.450 4.00e-09 0.000275
1.470 4.00e-09 0.000294
1.490 4.00e-09 0.000304
0.001 8.00e-09 0.0
0.002 8.00e-09 0.0
0.003 8.00e-09 0.0
0.004 8.00e-09 0.0
0.005 8.00e-09 0.0
0.007 8.00e-09 0.0
0.010 8.00e-09 0.0
0.020 8.00e-09 0.0
0.040 8.00e-09 0.0
0.060 8.00e-09 1e-06
0.080 8.00e-09 1e-06
0.100 8.00e-09 2e-06
0.120 8.00e-09 3e-06
0.140 8.00e-09 3e-06
0.160 8.00e-09 4e-06
0.180 8.00e-09 6e-06
0.200 8.00e-09 7e-06
0.220 8.00e-09 1.2e-05
0.250 8.00e-09 1.8e-05
0.270 8.00e-09 2.2e-05
0.290 8.00e-09 2.9e-05
0.310 8.00e-09 3.1e-05
0.330 8.00e-09 3.6e-05
0.350 8.00e-09 4.1e-05
0.370 8.00e-09 4.7e-05
0.390 8.00e-09 5.3e-05
0.410 8.00e-09 6e-05
0.430 8.00e-09 6.8e-05
0.450 8.00e-09 7.6e-05
0.470 8.00e-09 8.4e-05
0.490 8.00e-09 9.4e-05
0.510 8.00e-09 0.000105
0.530 8.00e-09 0.000118
0.550 8.00e-09 0.000134
0.570 8.00e-09 0.000148
0.590 8.00e-09 0.000172
0.610 8.00e-09 0.0002
0.630 8.00e-09 0.000237
0.650 8.00e-09 0.000292
0.670 8.00e-09 0.000355
0.690 8.00e-09 0.000449
0.710 8.00e-09 0.000583
0.730 8.00e-09 0.000735
0.750 8.00e-09 0.000884
0.770 8.00e-09 0.001074
0.790 8.00e-09 0.001045
0.810 8.00e-09 0.000763
0.830 8.00e-09 0.00065
0.850 8.00e-09 0.000563
0.870 8.00e-09 0.000507
0.890 8.00e-09 0.000461
0.910 8.00e-09 0.000441
0.930 8.00e-09 0.000419
0.950 8.00e-09 0.000412
0.970 8.00e-09 0.000415
0.990 8.00e-09 0.000421
1.010 8.00e-09 0.000648
1.030 8.00e-09 0.000809
1.050 8.00e-09 0.000509
1.070 8.00e-09 0.000489
1.090 8.00e-09 0.000499
1.110 8.00e-09 0.000509
1.130 8.00e-09 0.000524
1.150 8.00e-09 0.000539
1.170 8.00e-09 0.000551
1.190 8.00e-09 0.000577
1.210 8.00e-09 0.000609
1.230 8.00e-09 0.000636
1.250 8.00e-09 0.000654
1.270 8.00e-09 0.000701
1.290 8.00e-09 0.000723
1.310 8.00e-09 0.00076
1.330 8.00e-09 0.00079
1.350 8.00e-09 0.000829
1.370 8.00e-09 0.000889
1.390 8.00e-09 0.000925
1.410 8.00e-09 0.000985
1.430 8.00e-09 0.001028
1.450 8.00e-09 0.001084
1.470 8.00e-09 0.00116
1.490 8.00e-09 0.001199
0.001 1.60e-08 0.0
0.002 1.60e-08 0.0
0.003 1.60e-08 0.0
0.004 1.60e-08 0.0
0.005 1.60e-08 0.0
0.007 1.60e-08 0.0
0.010 1.60e-08 0.0
0.020 1.60e-08 0.0
0.040 1.60e-08 1e-06
0.060 1.60e-08 3e-06
0.080 1.60e-08 4e-06
0.100 1.60e-08 7e-06
0.120 1.60e-08 1e-05
0.140 1.60e-08 1.4e-05
0.160 1.60e-08 1.8e-05
0.180 1.60e-08 2.2e-05
0.200 1.60e-08 2.7e-05
0.220 1.60e-08 4.6e-05
0.250 1.60e-08 7.3e-05
0.270 1.60e-08 8.9e-05
0.290 1.60e-08 0.000115
0.310 1.60e-08 0.000124
0.330 1.60e-08 0.000143
0.350 1.60e-08 0.000164
0.370 1.60e-08 0.000188
0.390 1.60e-08 0.000209
0.410 1.60e-08 0.00024
0.430 1.60e-08 0.000269
0.450 1.60e-08 0.000301
0.470 1.60e-08 0.000334
0.490 1.60e-08 0.000373
0.510 1.60e-08 0.000416
0.530 1.60e-08 0.000467
0.550 1.60e-08 0.000531
0.570 1.60e-08 0.000588
0.590 1.60e-08 0.000683
0.610 1.60e-08 0.000793
0.630 1.60e-08 0.000936
0.650 1.60e-08 0.001153
0.670 1.60e-08 0.001401
0.690 1.60e-08 0.001766
0.710 1.60e-08 0.002284
0.730 1.60e-08 0.002871
0.750 1.60e-08 0.003437
0.770 1.60e-08 0.004155
0.790 1.60e-08 0.004043
0.810 1.60e-08 0.002976
0.830 1.60e-08 0.002542
0.850 1.60e-08 0.002209
0.870 1.60e-08 0.00199
0.890 1.60e-08 0.001811
0.910 1.60e-08 0.001734
0.930 1.60e-08 0.00165
0.950 1.60e-08 0.001621
0.970 1.60e-08 0.001633
0.990 1.60e-08 0.001659
1.010 1.60e-08 0.002536
1.030 1.60e-08 0.003149
1.050 1.60e-08 0.001999
1.070 1.60e-08 0.001921
1.090 1.60e-08 0.001958
1.110 1.60e-08 0.001997
1.130 1.60e-08 0.002055
1.150 1.60e-08 0.002114
1.170 1.60e-08 0.00216
1.190 1.60e-08 0.002259
1.210 1.60e-08 0.002384
1.230 1.60e-08 0.002489
1.250 1.60e-08 0.002557
1.270 1.60e-08 0.002736
1.290 1.60e-08 0.002821
1.310 1.60e-08 0.002963
1.330 1.60e-08 0.003078
1.350 1.60e-08 0.003224
1.370 1.60e-08 0.003452
1.390 1.60e-08 0.003588
1.410 1.60e-08 0.003815
1.430 1.60e-08 0.003977
1.450 1.60e-08 0.004188
1.470 1.60e-08 0.004469
1.490 1.60e-08 0.004614
0.001 3.20e-08 0.0
0.002 3.20e-08 0.0
0.003 3.20e-08 0.0
0.004 3.20e-08 0.0
0.005 3.20e-08 0.0
0.007 3.20e-08 0.0
0.010 3.20e-08 0.0
0.020 3.20e-08 1e-06
0.040 3.20e-08 5e-06
0.060 3.20e-08 1e-05
0.080 3.20e-08 1.8e-05
0.100 3.20e-08 2.8e-05
0.120 3.20e-08 4e-05
0.140 3.20e-08 5.4e-05
0.160 3.20e-08 7.1e-05
0.180 3.20e-08 8.8e-05
0.200 3.20e-08 0.000109
0.220 3.20e-08 0.000184
0.250 3.20e-08 0.000289
0.270 3.20e-08 0.000354
0.290 3.20e-08 0.000455
0.310 3.20e-08 0.000492
0.330 3.20e-08 0.000566
0.350 3.20e-08 0.000652
0.370 3.20e-08 0.000744
0.390 3.20e-08 0.000829
0.410 3.20e-08 0.00095
0.430 3.20e-08 0.001065
0.450 3.20e-08 0.001189
0.470 3.20e-08 0.001316
0.490 3.20e-08 0.001472
0.510 3.20e-08 0.001639
0.530 3.20e-08 0.001837
0.550 3.20e-08 0.002083
0.570 3.20e-08 0.002305
0.590 3.20e-08 0.002671
0.610 3.20e-08 0.003092
0.630 3.20e-08 0.003634
0.650 3.20e-08 0.004451
0.670 3.20e-08 0.005372
0.690 3.20e-08 0.006704
0.710 3.20e-08 0.00855
0.730 3.20e-08 0.010573
0.750 3.20e-08 0.012458
0.770 3.20e-08 0.01476
0.790 3.20e-08 0.0144
0.810 3.20e-08 0.010922
0.830 3.20e-08 0.009446
0.850 3.20e-08 0.008281
0.870 3.20e-08 0.007504
0.890 3.20e-08 0.00686
0.910 3.20e-08 0.006583
0.930 3.20e-08 0.006278
0.950 3.20e-08 0.006173
0.970 3.20e-08 0.006217
0.990 3.20e-08 0.006308
1.010 3.20e-08 0.00941
1.030 3.20e-08 0.011484
1.050 3.20e-08 0.00753
1.070 3.20e-08 0.00725
1.090 3.20e-08 0.007383
1.110 3.20e-08 0.007522
1.130 3.20e-08 0.007728
1.150 3.20e-08 0.007937
1.170 3.20e-08 0.008098
1.190 3.20e-08 0.008446
1.210 3.20e-08 0.008877
1.230 3.20e-08 0.009242
1.250 3.20e-08 0.009478
1.270 3.20e-08 0.010086
1.290 3.20e-08 0.010375
1.310 3.20e-08 0.010853
1.330 3.20e-08 0.011234
1.350 3.20e-08 0.011719
1.370 3.20e-08 0.012462
1.390 3.20e-08 0.012905
1.410 3.20e-08 0.013627
1.430 3.20e-08 0.014141
1.450 3.20e-08 0.014799
1.470 3.20e-08 0.015656
1.490 3.20e-08 0.016096
0.001 6.30e-08 0.0
0.002 6.30e-08 0.0
0.003 6.30e-08 0.0
0.004 6.30e-08 0.0
0.005 6.30e-08 0.0
0.007 6.30e-08 1e-06
0.010 6.30e-08 1e-06
0.020 6.30e-08 4e-06
0.040 6.30e-08 1.8e-05
0.060 6.30e-08 4e-05
0.080 6.30e-08 7.1e-05
0.100 6.30e-08 0.000111
0.120 6.30e-08 0.00016
0.140 6.30e-08 0.000215
0.160 6.30e-08 0.000281
0.180 6.30e-08 0.00035
0.200 6.30e-08 0.000431
0.220 6.30e-08 0.00073
0.250 6.30e-08 0.001141
0.270 6.30e-08 0.001396
0.290 6.30e-08 0.001792
0.310 6.30e-08 0.001934
0.330 6.30e-08 0.002219
0.350 6.30e-08 0.002552
0.370 6.30e-08 0.002904
0.390 6.30e-08 0.003229
0.410 6.30e-08 0.003689
0.430 6.30e-08 0.004121
0.450 6.30e-08 0.004589
0.470 6.30e-08 0.005061
0.490 6.30e-08 0.005636
0.510 6.30e-08 0.006248
0.530 6.30e-08 0.006964
0.550 6.30e-08 0.007844
0.570 6.30e-08 0.008627
0.590 6.30e-08 0.009897
0.610 6.30e-08 0.011328
0.630 6.30e-08 0.013113
0.650 6.30e-08 0.015699
0.670 6.30e-08 0.01845
0.690 6.30e-08 0.022171
0.710 6.30e-08 0.026796
0.730 6.30e-08 0.031178
0.750 6.30e-08 0.034641
0.770 6.30e-08 0.038155
0.790 6.30e-08 0.037585
0.810 6.30e-08 0.031811
0.830 6.30e-08 0.028789
0.850 6.30e-08 0.026101
0.870 6.30e-08 0.024187
0.890 6.30e-08 0.022521
0.910 6.30e-08 0.021775
0.930 6.30e-08 0.020954
0.950 6.30e-08 0.020659
0.970 6.30e-08 0.020781
0.990 6.30e-08 0.021017
1.010 6.30e-08 0.028559
1.030 6.30e-08 0.032686
1.050 6.30e-08 0.024168
1.070 6.30e-08 0.023475
1.090 6.30e-08 0.023809
1.110 6.30e-08 0.024149
1.130 6.30e-08 0.024648
1.150 6.30e-08 0.025167
1.170 6.30e-08 0.025544
1.190 6.30e-08 0.026357
1.210 6.30e-08 0.027323
1.230 6.30e-08 0.028131
1.250 6.30e-08 0.028657
1.270 6.30e-08 0.029903
1.290 6.30e-08 0.03048
1.310 6.30e-08 0.031417
1.330 6.30e-08 0.032101
1.350 6.30e-08 0.033016
1.370 6.30e-08 0.034252
1.390 6.30e-08 0.034977
1.410 6.30e-08 0.036049
1.430 6.30e-08 0.036818
1.450 6.30e-08 0.037692
1.470 6.30e-08 0.038692
1.490 6.30e-08 0.039235
0.001 1.26e-07 0.0
0.002 1.26e-07 0.0
0.003 1.26e-07 0.0
0.004 1.26e-07 1e-06
0.005 1.26e-07 1e-06
0.007 1.26e-07 2e-06
0.010 1.26e-07 4e-06
0.020 1.26e-07 1.8e-05
0.040 1.26e-07 7.1e-05
0.060 1.26e-07 0.000159
0.080 1.26e-07 0.000282
0.100 1.26e-07 0.000442
0.120 1.26e-07 0.000633
0.140 1.26e-07 0.000851
0.160 1.26e-07 0.001111
0.180 1.26e-07 0.001383
0.200 1.26e-07 0.001699
0.220 1.26e-07 0.002852
0.250 1.26e-07 0.00441
0.270 1.26e-07 0.005359
0.290 1.26e-07 0.00681
0.310 1.26e-07 0.007321
0.330 1.26e-07 0.008336
0.350 1.26e-07 0.009502
0.370 1.26e-07 0.010709
0.390 1.26e-07 0.011798
0.410 1.26e-07 0.013317
0.430 1.26e-07 0.014695
0.450 1.26e-07 0.016161
0.470 1.26e-07 0.017577
0.490 1.26e-07 0.019254
0.510 1.26e-07 0.021005
0.530 1.26e-07 0.022916
0.550 1.26e-07 0.025157
0.570 1.26e-07 0.027031
0.590 1.26e-07 0.029862
0.610 1.26e-07 0.032743
0.630 1.26e-07 0.035842
0.650 1.26e-07 0.039521
0.670 1.26e-07 0.042288
0.690 1.26e-07 0.044656
0.710 1.26e-07 0.045318
0.730 1.26e-07 0.043799
0.750 1.26e-07 0.041371
0.770 1.26e-07 0.037617
0.790 1.26e-07 0.038177
0.810 1.26e-07 0.043283
0.830 1.26e-07 0.044773
0.850 1.26e-07 0.045106
0.870 1.26e-07 0.044929
0.890 1.26e-07 0.044465
0.910 1.26e-07 0.04407
0.930 1.26e-07 0.043721
0.950 1.26e-07 0.043539
0.970 1.26e-07 0.04357
0.990 1.26e-07 0.043639
1.010 1.26e-07 0.044322
1.030 1.26e-07 0.042303
1.050 1.26e-07 0.044545
1.070 1.26e-07 0.04449
1.090 1.26e-07 0.044527
1.110 1.26e-07 0.044513
1.130 1.26e-07 0.044545
1.150 1.26e-07 0.044693
1.170 1.26e-07 0.044645
1.190 1.26e-07 0.044598
1.210 1.26e-07 0.044393
1.230 1.26e-07 0.04417
1.250 1.26e-07 0.044182
1.270 1.26e-07 0.043577
1.290 1.26e-07 0.043356
1.310 1.26e-07 0.042897
1.330 1.26e-07 0.042352
1.350 1.26e-07 0.041975
1.370 1.26e-07 0.040877
1.390 1.26e-07 0.040309
1.410 1.26e-07 0.03927
1.430 1.26e-07 0.038529
1.450 1.26e-07 0.037549
1.470 1.26e-07 0.036069
1.490 1.26e-07 0.035578
0.001 2.51e-07 0.0
0.002 2.51e-07 1e-06
0.003 2.51e-07 2e-06
0.004 2.51e-07 3e-06
0.005 2.51e-07 4e-06
0.007 2.51e-07 9e-06
0.010 2.51e-07 1.8e-05
0.020 2.51e-07 7.1e-05
0.040 2.51e-07 0.000284
0.060 2.51e-07 0.000631
0.080 2.51e-07 0.001115
0.100 2.51e-07 0.001738
0.120 2.51e-07 0.002479
0.140 2.51e-07 0.003317
0.160 2.51e-07 0.0043
0.180 2.51e-07 0.005312
0.200 2.51e-07 0.006473
0.220 2.51e-07 0.010545
0.250 2.51e-07 0.015625
0.270 2.51e-07 0.018506
0.290 2.51e-07 0.022589
0.310 2.51e-07 0.023935
0.330 2.51e-07 0.026457
0.350 2.51e-07 0.029148
0.370 2.51e-07 0.031697
0.390 2.51e-07 0.033723
0.410 2.51e-07 0.036403
0.430 2.51e-07 0.038405
0.450 2.51e-07 0.040368
0.470 2.51e-07 0.041811
0.490 2.51e-07 0.043208
0.510 2.51e-07 0.044545
0.530 2.51e-07 0.04521
0.550 2.51e-07 0.045599
0.570 2.51e-07 0.045515
0.590 2.51e-07 0.044671
0.610 2.51e-07 0.043156
0.630 2.51e-07 0.040402
0.650 2.51e-07 0.036058
0.670 2.51e-07 0.031235
0.690 2.51e-07 0.025251
0.710 2.51e-07 0.018851
0.730 2.51e-07 0.013789
0.750 2.51e-07 0.010268
0.770 2.51e-07 0.007185
0.790 2.51e-07 0.007717
0.810 2.51e-07 0.013242
0.830 2.51e-07 0.016516
0.850 2.51e-07 0.019989
0.870 2.51e-07 0.022603
0.890 2.51e-07 0.025067
0.910 2.51e-07 0.026189
0.930 2.51e-07 0.027453
0.950 2.51e-07 0.02802
0.970 2.51e-07 0.027747
0.990 2.51e-07 0.027477
1.010 2.51e-07 0.017253
1.030 2.51e-07 0.012595
1.050 2.51e-07 0.023003
1.070 2.51e-07 0.023961
1.090 2.51e-07 0.023499
1.110 2.51e-07 0.023048
1.130 2.51e-07 0.022416
1.150 2.51e-07 0.021636
1.170 2.51e-07 0.021198
1.190 2.51e-07 0.020124
1.210 2.51e-07 0.018967
1.230 2.51e-07 0.017986
1.250 2.51e-07 0.017248
1.270 2.51e-07 0.015886
1.290 2.51e-07 0.015196
1.310 2.51e-07 0.014118
1.330 2.51e-07 0.013477
1.350 2.51e-07 0.012288
1.370 2.51e-07 0.01111
1.390 2.51e-07 0.010319
1.410 2.51e-07 0.009228
1.430 2.51e-07 0.008454
1.450 2.51e-07 0.007585
1.470 2.51e-07 0.006806
1.490 2.51e-07 0.006102
0.001 5.01e-07 1e-06
0.002 5.01e-07 3e-06
0.003 5.01e-07 6e-06
0.004 5.01e-07 1.1e-05
0.005 5.01e-07 1.8e-05
0.007 5.01e-07 3.5e-05
0.010 5.01e-07 7e-05
0.020 5.01e-07 0.000281
0.040 5.01e-07 0.001121
0.060 5.01e-07 0.002472
0.080 5.01e-07 0.004316
0.100 5.01e-07 0.006619
0.120 5.01e-07 0.00926
0.140 5.01e-07 0.012114
0.160 5.01e-07 0.015305
0.180 5.01e-07 0.018381
0.200 5.01e-07 0.021695
0.220 5.01e-07 0.031497
0.250 5.01e-07 0.039848
0.270 5.01e-07 0.04299
0.290 5.01e-07 0.045536
0.310 5.01e-07 0.045937
0.330 5.01e-07 0.046049
0.350 5.01e-07 0.045456
0.370 5.01e-07 0.044259
0.390 5.01e-07 0.042548
0.410 5.01e-07 0.040286
0.430 5.01e-07 0.037777
0.450 5.01e-07 0.035219
0.470 5.01e-07 0.032686
0.490 5.01e-07 0.029759
0.510 5.01e-07 0.026824
0.530 5.01e-07 0.023859
0.550 5.01e-07 0.020749
0.570 5.01e-07 0.018329
0.590 5.01e-07 0.015037
0.610 5.01e-07 0.011919
0.630 5.01e-07 0.009125
0.650 5.01e-07 0.006011
0.670 5.01e-07 0.003966
0.690 5.01e-07 0.00206
0.710 5.01e-07 0.000804
0.730 5.01e-07 0.000294
0.750 5.01e-07 9.9e-05
0.770 5.01e-07 3.2e-05
0.790 5.01e-07 3.6e-05
0.810 5.01e-07 0.000242
0.830 5.01e-07 0.000508
0.850 5.01e-07 0.000928
0.870 5.01e-07 0.001399
0.890 5.01e-07 0.001906
0.910 5.01e-07 0.002273
0.930 5.01e-07 0.002585
0.950 5.01e-07 0.002653
0.970 5.01e-07 0.002697
0.990 5.01e-07 0.002549
1.010 5.01e-07 0.000518
1.030 5.01e-07 0.000171
1.050 5.01e-07 0.001395
1.070 5.01e-07 0.00155
1.090 5.01e-07 0.001467
1.110 5.01e-07 0.00141
1.130 5.01e-07 0.00126
1.150 5.01e-07 0.001092
1.170 5.01e-07 0.001003
1.190 5.01e-07 0.000853
1.210 5.01e-07 0.000683
1.230 5.01e-07 0.000591
1.250 5.01e-07 0.000473
1.270 5.01e-07 0.000365
1.290 5.01e-07 0.000295
1.310 5.01e-07 0.000226
1.330 5.01e-07 0.000188
1.350 5.01e-07 0.000128
1.370 5.01e-07 8.8e-05
1.390 5.01e-07 6.7e-05
1.410 5.01e-07 4.4e-05
1.430 5.01e-07 3.1e-05
1.450 5.01e-07 2e-05
1.470 5.01e-07 1.3e-05
1.490 5.01e-07 9e-06
0.001 1.00e-06 4e-06
0.002 1.00e-06 1.1e-05
0.003 1.00e-06 2.5e-05
0.004 1.00e-06 4.5e-05
0.005 1.00e-06 7.1e-05
0.007 1.00e-06 0.000138
0.010 1.00e-06 0.000278
0.020 1.00e-06 0.001112
0.040 1.00e-06 0.004336
0.060 1.00e-06 0.009235
0.080 1.00e-06 0.015358
0.100 1.00e-06 0.022124
0.120 1.00e-06 0.028744
0.140 1.00e-06 0.03455
0.160 1.00e-06 0.039618
0.180 1.00e-06 0.042989
0.200 1.00e-06 0.045302
0.220 1.00e-06 0.04481
0.250 1.00e-06 0.036136
0.270 1.00e-06 0.030775
0.290 1.00e-06 0.023949
0.310 1.00e-06 0.021961
0.330 1.00e-06 0.018593
0.350 1.00e-06 0.015356
0.370 1.00e-06 0.012641
0.390 1.00e-06 0.010923
0.410 1.00e-06 0.00842
0.430 1.00e-06 0.006925
0.450 1.00e-06 0.005361
0.470 1.00e-06 0.004328
0.490 1.00e-06 0.00336
0.510 1.00e-06 0.002367
0.530 1.00e-06 0.001801
0.550 1.00e-06 0.00115
0.570 1.00e-06 0.000776
0.590 1.00e-06 0.000417
0.610 1.00e-06 0.000195
0.630 1.00e-06 8e-05
0.650 1.00e-06 1.9e-05
0.670 1.00e-06 4e-06
0.690 1.00e-06 0.0
0.710 1.00e-06 0.0
0.730 1.00e-06 0.0
0.750 1.00e-06 0.0
0.770 1.00e-06 0.0
0.790 1.00e-06 0.0
0.810 1.00e-06 0.0
0.830 1.00e-06 0.0
0.850 1.00e-06 0.0
0.870 1.00e-06 0.0
0.890 1.00e-06 0.0
0.910 1.00e-06 0.0
0.930 1.00e-06 1e-06
0.950 1.00e-06 1e-06
0.970 1.00e-06 1e-06
0.990 1.00e-06 0.0
1.010 1.00e-06 0.0
1.030 1.00e-06 0.0
1.050 1.00e-06 0.0
1.070 1.00e-06 0.0
1.090 1.00e-06 0.0
1.110 1.00e-06 0.0
1.130 1.00e-06 0.0
1.150 1.00e-06 0.0
1.170 1.00e-06 0.0
1.190 1.00e-06 0.0
1.210 1.00e-06 0.0
1.230 1.00e-06 0.0
1.250 1.00e-06 0.0
1.270 1.00e-06 0.0
1.290 1.00e-06 0.0
1.310 1.00e-06 0.0
1.330 1.00e-06 0.0
1.350 1.00e-06 0.0
1.370 1.00e-06 0.0
1.390 1.00e-06 0.0
1.410 1.00e-06 0.0
1.430 1.00e-06 0.0
1.450 1.00e-06 0.0
1.470 1.00e-06 0.0
1.490 1.00e-06 0.0
0.001 1.99e-06 1.5e-05
0.002 1.99e-06 4.4e-05
0.003 1.99e-06 0.000101
0.004 1.99e-06 0.000179
0.005 1.99e-06 0.000282
0.007 1.99e-06 0.000547
0.010 1.99e-06 0.0011
0.020 1.99e-06 0.004304
0.040 1.99e-06 0.015419
0.060 1.99e-06 0.028681
0.080 1.99e-06 0.039746
0.100 1.99e-06 0.045686
0.120 1.99e-06 0.046124
0.140 1.99e-06 0.042537
0.160 1.99e-06 0.036772
0.180 1.99e-06 0.031049
0.200 1.99e-06 0.025298
0.220 1.99e-06 0.012495
0.250 1.99e-06 0.005789
0.270 1.99e-06 0.0037
0.290 1.99e-06 0.001872
0.310 1.99e-06 0.001462
0.330 1.99e-06 0.000902
0.350 1.99e-06 0.000532
0.370 1.99e-06 0.000285
0.390 1.99e-06 0.000181
0.410 1.99e-06 8.3e-05
0.430 1.99e-06 4e-05
0.450 1.99e-06 1.7e-05
0.470 1.99e-06 7e-06
0.490 1.99e-06 3e-06
0.510 1.99e-06 1e-06
0.530 1.99e-06 0.0
0.550 1.99e-06 0.0
0.570 1.99e-06 0.0
0.590 1.99e-06 0.0
0.610 1.99e-06 0.0
0.630 1.99e-06 0.0
0.650 1.99e-06 0.0
0.670 1.99e-06 0.0
0.690 1.99e-06 0.0
0.710 1.99e-06 0.0
0.730 1.99e-06 0.0
0.750 1.99e-06 0.0
0.770 1.99e-06 0.0
0.790 1.99e-06 0.0
0.810 1.99e-06 0.0
0.830 1.99e-06 0.0
0.850 1.99e-06 0.0
0.870 1.99e-06 0.0
0.890 1.99e-06 0.0
0.910 1.99e-06 0.0
0.930 1.99e-06 0.0
0.950 1.99e-06 0.0
0.970 1.99e-06 0.0
0.990 1.99e-06 0.0
1.010 1.99e-06 0.0
1.030 1.99e-06 0.0
1.050 1.99e-06 0.0
1.070 1.99e-06 0.0
1.090 1.99e-06 0.0
1.110 1.99e-06 0.0
1.130 1.99e-06 0.0
1.150 1.99e-06 0.0
1.170 1.99e-06 0.0
1.190 1.99e-06 0.0
1.210 1.99e-06 0.0
1.230 1.99e-06 0.0
1.250 1.99e-06 0.0
1.270 1.99e-06 0.0
1.290 1.99e-06 0.0
1.310 1.99e-06 0.0
1.330 1.99e-06 0.0
1.350 1.99e-06 0.0
1.370 1.99e-06 0.0
1.390 1.99e-06 0.0
1.410 1.99e-06 0.0
1.430 1.99e-06 0.0
1.450 1.99e-06 0.0
1.470 1.99e-06 0.0
1.490 1.99e-06 0.0
0.001 3.98e-06 6.1e-05
0.002 3.98e-06 0.000174
0.003 3.98e-06 0.000399
0.004 3.98e-06 0.00071
0.005 3.98e-06 0.001114
0.007 3.98e-06 0.002148
0.010 3.98e-06 0.004259
0.020 3.98e-06 0.015322
0.040 3.98e-06 0.039779
0.060 3.98e-06 0.04613
0.080 3.98e-06 0.036784
0.100 3.98e-06 0.024441
0.120 3.98e-06 0.015342
0.140 3.98e-06 0.009718
0.160 3.98e-06 0.005894
0.180 3.98e-06 0.003624
0.200 3.98e-06 0.002103
0.220 3.98e-06 0.000307
0.250 3.98e-06 2.5e-05
0.270 3.98e-06 6e-06
0.290 3.98e-06 1e-06
0.310 3.98e-06 0.0
0.330 3.98e-06 0.0
0.350 3.98e-06 0.0
0.370 3.98e-06 0.0
0.390 3.98e-06 0.0
0.410 3.98e-06 0.0
0.430 3.98e-06 0.0
0.450 3.98e-06 0.0
0.470 3.98e-06 0.0
0.490 3.98e-06 0.0
0.510 3.98e-06 0.0
0.530 3.98e-06 0.0
0.550 3.98e-06 0.0
0.570 3.98e-06 0.0
0.590 3.98e-06 0.0
0.610 3.98e-06 0.0
0.630 3.98e-06 0.0
0.650 3.98e-06 0.0
0.670 3.98e-06 0.0
0.690 3.98e-06 0.0
0.710 3.98e-06 0.0
0.730 3.98e-06 0.0
0.750 3.98e-06 0.0
0.770 3.98e-06 0.0
0.790 3.98e-06 0.0
0.810 3.98e-06 0.0
0.830 3.98e-06 0.0
0.850 3.98e-06 0.0
0.870 3.98e-06 0.0
0.890 3.98e-06 0.0
0.910 3.98e-06 0.0
0.930 3.98e-06 0.0
0.950 3.98e-06 0.0
0.970 3.98e-06 0.0
0.990 3.98e-06 0.0
1.010 3.98e-06 0.0
1.030 3.98e-06 0.0
1.050 3.98e-06 0.0
1.070 3.98e-06 0.0
1.090 3.98e-06 0.0
1.110 3.98e-06 0.0
1.130 3.98e-06 0.0
1.150 3.98e-06 0.0
1.170 3.98e-06 0.0
1.190 3.98e-06 0.0
1.210 3.98e-06 0.0
1.230 3.98e-06 0.0
1.250 3.98e-06 0.0
1.270 3.98e-06 0.0
1.290 3.98e-06 0.0
1.310 3.98e-06 0.0
1.330 3.98e-06 0.0
1.350 3.98e-06 0.0
1.370 3.98e-06 0.0
1.390 3.98e-06 0.0
1.410 3.98e-06 0.0
1.430 3.98e-06 0.0
1.450 3.98e-06 0.0
1.470 3.98e-06 0.0
1.490 3.98e-06 0.0
0.001 7.94e-06 0.000244
0.002 7.94e-06 0.00069
0.003 7.94e-06 0.001574
0.004 7.94e-06 0.002776
0.005 7.94e-06 0.004309
0.007 7.94e-06 0.008093
0.010 7.94e-06 0.015178
0.020 7.94e-06 0.039702
0.040 7.94e-06 0.036545
0.060 7.94e-06 0.015453
0.080 7.94e-06 0.00568
0.100 7.94e-06 0.001948
0.120 7.94e-06 0.000585
0.140 7.94e-06 0.000158
0.160 7.94e-06 3.5e-05
0.180 7.94e-06 6e-06
0.200 7.94e-06 1e-06
0.220 7.94e-06 0.0
0.250 7.94e-06 0.0
0.270 7.94e-06 0.0
0.290 7.94e-06 0.0
0.310 7.94e-06 0.0
0.330 7.94e-06 0.0
0.350 7.94e-06 0.0
0.370 7.94e-06 0.0
0.390 7.94e-06 0.0
0.410 7.94e-06 0.0
0.430 7.94e-06 0.0
0.450 7.94e-06 0.0
0.470 7.94e-06 0.0
0.490 7.94e-06 0.0
0.510 7.94e-06 0.0
0.530 7.94e-06 0.0
0.550 7.94e-06 0.0
0.570 7.94e-06 0.0
0.590 7.94e-06 0.0
0.610 7.94e-06 0.0
0.630 7.94e-06 0.0
0.650 7.94e-06 0.0
0.670 7.94e-06 0.0
0.690 7.94e-06 0.0
0.710 7.94e-06 0.0
0.730 7.94e-06 0.0
0.750 7.94e-06 0.0
0.770 7.94e-06 0.0
0.790 7.94e-06 0.0
0.810 7.94e-06 0.0
0.830 7.94e-06 0.0
0.850 7.94e-06 0.0
0.870 7.94e-06 0.0
0.890 7.94e-06 0.0
0.910 7.94e-06 0.0
0.930 7.94e-06 0.0
0.950 7.94e-06 0.0
0.970 7.94e-06 0.0
0.990 7.94e-06 0.0
1.010 7.94e-06 0.0
1.030 7.94e-06 0.0
1.050 7.94e-06 0.0
1.070 7.94e-06 0.0
1.090 7.94e-06 0.0
1.110 7.94e-06 0.0
1.130 7.94e-06 0.0
1.150 7.94e-06 0.0
1.170 7.94e-06 0.0
1.190 7.94e-06 0.0
1.210 7.94e-06 0.0
1.230 7.94e-06 0.0
1.250 7.94e-06 0.0
1.270 7.94e-06 0.0
1.290 7.94e-06 0.0
1.310 7.94e-06 0.0
1.330 7.94e-06 0.0
1.350 7.94e-06 0.0
1.370 7.94e-06 0.0
1.390 7.94e-06 0.0
1.410 7.94e-06 0.0
1.430 7.94e-06 0.0
1.450 7.94e-06 0.0
1.470 7.94e-06 0.0
1.490 7.94e-06 0.0
0.001 1.58e-05 0.000964
0.002 1.58e-05 0.0027
0.003 1.58e-05 0.006019
0.004 1.58e-05 0.010292
0.005 1.58e-05 0.01534
0.007 1.58e-05 0.025965
0.010 1.58e-05 0.039489
0.020 1.58e-05 0.036808
0.040 1.58e-05 0.005774
0.060 1.58e-05 0.000573
0.080 1.58e-05 3.1e-05
0.100 1.58e-05 1e-06
0.120 1.58e-05 0.0
0.140 1.58e-05 0.0
0.160 1.58e-05 0.0
0.180 1.58e-05 0.0
0.200 1.58e-05 0.0
0.220 1.58e-05 0.0
0.250 1.58e-05 0.0
0.270 1.58e-05 0.0
0.290 1.58e-05 0.0
0.310 1.58e-05 0.0
0.330 1.58e-05 0.0
0.350 1.58e-05 0.0
0.370 1.58e-05 0.0
0.390 1.58e-05 0.0
0.410 1.58e-05 0.0
0.430 1.58e-05 0.0
0.450 1.58e-05 0.0
0.470 1.58e-05 0.0
0.490 1.58e-05 0.0
0.510 1.58e-05 0.0
0.530 1.58e-05 0.0
0.550 1.58e-05 0.0
0.570 1.58e-05 0.0
0.590 1.58e-05 0.0
0.610 1.58e-05 0.0
0.630 1.58e-05 0.0
0.650 1.58e-05 0.0
0.670 1.58e-05 0.0
0.690 1.58e-05 0.0
0.710 1.58e-05 0.0
0.730 1.58e-05 0.0
0.750 1.58e-05 0.0
0.770 1.58e-05 0.0
0.790 1.58e-05 0.0
0.810 1.58e-05 0.0
0.830 1.58e-05 0.0
0.850 1.58e-05 0.0
0.870 1.58e-05 0.0
0.890 1.58e-05 0.0
0.910 1.58e-05 0.0
0.930 1.58e-05 0.0
0.950 1.58e-05 0.0
0.970 1.58e-05 0.0
0.990 1.58e-05 0.0
1.010 1.58e-05 0.0
1.030 1.58e-05 0.0
1.050 1.58e-05 0.0
1.070 1.58e-05 0.0
1.090 1.58e-05 0.0
1.110 1.58e-05 0.0
1.130 1.58e-05 0.0
1.150 1.58e-05 0.0
1.170 1.58e-05 0.0
1.190 1.58e-05 0.0
1.210 1.58e-05 0.0
1.230 1.58e-05 0.0
1.250 1.58e-05 0.0
1.270 1.58e-05 0.0
1.290 1.58e-05 0.0
1.310 1.58e-05 0.0
1.330 1.58e-05 0.0
1.350 1.58e-05 0.0
1.370 1.58e-05 0.0
1.390 1.58e-05 0.0
1.410 1.58e-05 0.0
1.430 1.58e-05 0.0
1.450 1.58e-05 0.0
1.470 1.58e-05 0.0
1.490 1.58e-05 0.0
0.001 3.16e-05 0.003744
0.002 3.16e-05 0.01003
0.003 3.16e-05 0.020466
0.004 3.16e-05 0.031029
0.005 3.16e-05 0.039724
0.007 3.16e-05 0.046491
0.010 3.16e-05 0.037115
0.020 3.16e-05 0.005751
0.040 3.16e-05 3.5e-05
0.060 3.16e-05 0.0
0.080 3.16e-05 0.0
0.100 3.16e-05 0.0
0.120 3.16e-05 0.0
0.140 3.16e-05 0.0
0.160 3.16e-05 0.0
0.180 3.16e-05 0.0
0.200 3.16e-05 0.0
0.220 3.16e-05 0.0
0.250 3.16e-05 0.0
0.270 3.16e-05 0.0
0.290 3.16e-05 0.0
0.310 3.16e-05 0.0
0.330 3.16e-05 0.0
0.350 3.16e-05 0.0
0.370 3.16e-05 0.0
0.390 3.16e-05 0.0
0.410 3.16e-05 0.0
0.430 3.16e-05 0.0
0.450 3.16e-05 0.0
0.470 3.16e-05 0.0
0.490 3.16e-05 0.0
0.510 3.16e-05 0.0
0.530 3.16e-05 0.0
0.550 3.16e-05 0.0
0.570 3.16e-05 0.0
0.590 3.16e-05 0.0
0.610 3.16e-05 0.0
0.630 3.16e-05 0.0
0.650 3.16e-05 0.0
0.670 3.16e-05 0.0
0.690 3.16e-05 0.0
0.710 3.16e-05 0.0
0.730 3.16e-05 0.0
0.750 3.16e-05 0.0
0.770 3.16e-05 0.0
0.790 3.16e-05 0.0
0.810 3.16e-05 0.0
0.830 3.16e-05 0.0
0.850 3.16e-05 0.0
0.870 3.16e-05 0.0
0.890 3.16e-05 0.0
0.910 3.16e-05 0.0
0.930 3.16e-05 0.0
0.950 3.16e-05 0.0
0.970 3.16e-05 0.0
0.990 3.16e-05 0.0
1.010 3.16e-05 0.0
1.030 3.16e-05 0.0
1.050 3.16e-05 0.0
1.070 3.16e-05 0.0
1.090 3.16e-05 0.0
1.110 3.16e-05 0.0
1.130 3.16e-05 0.0
1.150 3.16e-05 0.0
1.170 3.16e-05 0.0
1.190 3.16e-05 0.0
1.210 3.16e-05 0.0
1.230 3.16e-05 0.0
1.250 3.16e-05 0.0
1.270 3.16e-05 0.0
1.290 3.16e-05 0.0
1.310 3.16e-05 0.0
1.330 3.16e-05 0.0
1.350 3.16e-05 0.0
1.370 3.16e-05 0.0
1.390 3.16e-05 0.0
1.410 3.16e-05 0.0
1.430 3.16e-05 0.0
1.450 3.16e-05 0.0
1.470 3.16e-05 0.0
1.490 3.16e-05 0.0
0.001 6.31e-05 0.013534
0.002 6.31e-05 0.030466
0.003 6.31e-05 0.044877
0.004 6.31e-05 0.045227
0.005 6.31e-05 0.036699
0.007 6.31e-05 0.018763
0.010 6.31e-05 0.005866
0.020 6.31e-05 3.5e-05
0.040 6.31e-05 0.0
0.060 6.31e-05 0.0
0.080 6.31e-05 0.0
0.100 6.31e-05 0.0
0.120 6.31e-05 0.0
0.140 6.31e-05 0.0
0.160 6.31e-05 0.0
0.180 6.31e-05 0.0
0.200 6.31e-05 0.0
0.220 6.31e-05 0.0
0.250 6.31e-05 0.0
0.270 6.31e-05 0.0
0.290 6.31e-05 0.0
0.310 6.31e-05 0.0
0.330 6.31e-05 0.0
0.350 6.31e-05 0.0
0.370 6.31e-05 0.0
0.390 6.31e-05 0.0
0.410 6.31e-05 0.0
0.430 6.31e-05 0.0
0.450 6.31e-05 0.0
0.470 6.31e-05 0.0
0.490 6.31e-05 0.0
0.510 6.31e-05 0.0
0.530 6.31e-05 0.0
0.550 6.31e-05 0.0
0.570 6.31e-05 0.0
0.590 6.31e-05 0.0
0.610 6.31e-05 0.0
0.630 6.31e-05 0.0
0.650 6.31e-05 0.0
0.670 6.31e-05 0.0
0.690 6.31e-05 0.0
0.710 6.31e-05 0.0
0.730 6.31e-05 0.0
0.750 6.31e-05 0.0
0.770 6.31e-05 0.0
0.790 6.31e-05 0.0
0.810 6.31e-05 0.0
0.830 6.31e-05 0.0
0.850 6.31e-05 0.0
0.870 6.31e-05 0.0
0.890 6.31e-05 0.0
0.910 6.31e-05 0.0
0.930 6.31e-05 0.0
0.950 6.31e-05 0.0
0.970 6.31e-05 0.0
0.990 6.31e-05 0.0
1.010 6.31e-05 0.0
1.030 6.31e-05 0.0
1.050 6.31e-05 0.0
1.070 6.31e-05 0.0
1.090 6.31e-05 0.0
1.110 6.31e-05 0.0
1.130 6.31e-05 0.0
1.150 6.31e-05 0.0
1.170 6.31e-05 0.0
1.190 6.31e-05 0.0
1.210 6.31e-05 0.0
1.230 6.31e-05 0.0
1.250 6.31e-05 0.0
1.270 6.31e-05 0.0
1.290 6.31e-05 0.0
1.310 6.31e-05 0.0
1.330 6.31e-05 0.0
1.350 6.31e-05 0.0
1.370 6.31e-05 0.0
1.390 6.31e-05 0.0
1.410 6.31e-05 0.0
1.430 6.31e-05 0.0
1.450 6.31e-05 0.0
1.470 6.31e-05 0.0
1.490 6.31e-05 0.0
0.001 1.26e-04 0.03709
0.002 1.26e-04 0.045474
0.003 1.26e-04 0.027171
0.004 1.26e-04 0.012843
0.005 1.26e-04 0.005813
0.007 1.26e-04 0.001052
0.010 1.26e-04 3.6e-05
0.020 1.26e-04 0.0
0.040 1.26e-04 0.0
0.060 1.26e-04 0.0
0.080 1.26e-04 0.0
0.100 1.26e-04 0.0
0.120 1.26e-04 0.0
0.140 1.26e-04 0.0
0.160 1.26e-04 0.0
0.180 1.26e-04 0.0
0.200 1.26e-04 0.0
0.220 1.26e-04 0.0
0.250 1.26e-04 0.0
0.270 1.26e-04 0.0
0.290 1.26e-04 0.0
0.310 1.26e-04 0.0
0.330 1.26e-04 0.0
0.350 1.26e-04 0.0
0.370 1.26e-04 0.0
0.390 1.26e-04 0.0
0.410 1.26e-04 0.0
0.430 1.26e-04 0.0
0.450 1.26e-04 0.0
0.470 1.26e-04 0.0
0.490 1.26e-04 0.0
0.510 1.26e-04 0.0
0.530 1.26e-04 0.0
0.550 1.26e-04 0.0
0.570 1.26e-04 0.0
0.590 1.26e-04 0.0
0.610 1.26e-04 0.0
0.630 1.26e-04 0.0
0.650 1.26e-04 0.0
0.670 1.26e-04 0.0
0.690 1.26e-04 0.0
0.710 1.26e-04 0.0
0.730 1.26e-04 0.0
0.750 1.26e-04 0.0
0.770 1.26e-04 0.0
0.790 1.26e-04 0.0
0.810 1.26e-04 0.0
0.830 1.26e-04 0.0
0.850 1.26e-04 0.0
0.870 1.26e-04 0.0
0.890 1.26e-04 0.0
0.910 1.26e-04 0.0
0.930 1.26e-04 0.0
0.950 1.26e-04 0.0
0.970 1.26e-04 0.0
0.990 1.26e-04 0.0
1.010 1.26e-04 0.0
1.030 1.26e-04 0.0
1.050 1.26e-04 0.0
1.070 1.26e-04 0.0
1.090 1.26e-04 0.0
1.110 1.26e-04 0.0
1.130 1.26e-04 0.0
1.150 1.26e-04 0.0
1.170 1.26e-04 0.0
1.190 1.26e-04 0.0
1.210 1.26e-04 0.0
1.230 1.26e-04 0.0
1.250 1.26e-04 0.0
1.270 1.26e-04 0.0
1.290 1.26e-04 0.0
1.310 1.26e-04 0.0
1.330 1.26e-04 0.0
1.350 1.26e-04 0.0
1.370 1.26e-04 0.0
1.390 1.26e-04 0.0
1.410 1.26e-04 0.0
1.430 1.26e-04 0.0
1.450 1.26e-04 0.0
1.470 1.26e-04 0.0
1.490 1.26e-04 0.0
0.001 2.51e-04 0.040242
0.002 2.51e-04 0.013434
0.003 2.51e-04 0.002507
0.004 2.51e-04 0.000362
0.005 2.51e-04 3.8e-05
0.007 2.51e-04 0.0
0.010 2.51e-04 0.0
0.020 2.51e-04 0.0
0.040 2.51e-04 0.0
0.060 2.51e-04 0.0
0.080 2.51e-04 0.0
0.100 2.51e-04 0.0
0.120 2.51e-04 0.0
0.140 2.51e-04 0.0
0.160 2.51e-04 0.0
0.180 2.51e-04 0.0
0.200 2.51e-04 0.0
0.220 2.51e-04 0.0
0.250 2.51e-04 0.0
0.270 2.51e-04 0.0
0.290 2.51e-04 0.0
0.310 2.51e-04 0.0
0.330 2.51e-04 0.0
0.350 2.51e-04 0.0
0.370 2.51e-04 0.0
0.390 2.51e-04 0.0
0.410 2.51e-04 0.0
0.430 2.51e-04 0.0
0.450 2.51e-04 0.0
0.470 2.51e-04 0.0
0.490 2.51e-04 0.0
0.510 2.51e-04 0.0
0.530 2.51e-04 0.0
0.550 2.51e-04 0.0
0.570 2.51e-04 0.0
0.590 2.51e-04 0.0
0.610 2.51e-04 0.0
0.630 2.51e-04 0.0
0.650 2.51e-04 0.0
0.670 2.51e-04 0.0
0.690 2.51e-04 0.0
0.710 2.51e-04 0.0
0.730 2.51e-04 0.0
0.750 2.51e-04 0.0
0.770 2.51e-04 0.0
0.790 2.51e-04 0.0
0.810 2.51e-04 0.0
0.830 2.51e-04 0.0
0.850 2.51e-04 0.0
0.870 2.51e-04 0.0
0.890 2.51e-04 0.0
0.910 2.51e-04 0.0
0.930 2.51e-04 0.0
0.950 2.51e-04 0.0
0.970 2.51e-04 0.0
0.990 2.51e-04 0.0
1.010 2.51e-04 0.0
1.030 2.51e-04 0.0
1.050 2.51e-04 0.0
1.070 2.51e-04 0.0
1.090 2.51e-04 0.0
1.110 2.51e-04 0.0
1.130 2.51e-04 0.0
1.150 2.51e-04 0.0
1.170 2.51e-04 0.0
1.190 2.51e-04 0.0
1.210 2.51e-04 0.0
1.230 2.51e-04 0.0
1.250 2.51e-04 0.0
1.270 2.51e-04 0.0
1.290 2.51e-04 0.0
1.310 2.51e-04 0.0
1.330 2.51e-04 0.0
1.350 2.51e-04 0.0
1.370 2.51e-04 0.0
1.390 2.51e-04 0.0
1.410 2.51e-04 0.0
1.430 2.51e-04 0.0
1.450 2.51e-04 0.0
1.470 2.51e-04 0.0
1.490 2.51e-04 0.0
0.001 5.01e-04 0.007536
0.002 5.01e-04 0.000429
0.003 5.01e-04 2e-06
0.004 5.01e-04 0.0
0.005 5.01e-04 0.0
0.007 5.01e-04 0.0
0.010 5.01e-04 0.0
0.020 5.01e-04 0.0
0.040 5.01e-04 0.0
0.060 5.01e-04 0.0
0.080 5.01e-04 0.0
0.100 5.01e-04 0.0
0.120 5.01e-04 0.0
0.140 5.01e-04 0.0
0.160 5.01e-04 0.0
0.180 5.01e-04 0.0
0.200 5.01e-04 0.0
0.220 5.01e-04 0.0
0.250 5.01e-04 0.0
0.270 5.01e-04 0.0
0.290 5.01e-04 0.0
0.310 5.01e-04 0.0
0.330 5.01e-04 0.0
0.350 5.01e-04 0.0
0.370 5.01e-04 0.0
0.390 5.01e-04 0.0
0.410 5.01e-04 0.0
0.430 5.01e-04 0.0
0.450 5.01e-04 0.0
0.470 5.01e-04 0.0
0.490 5.01e-04 0.0
0.510 5.01e-04 0.0
0.530 5.01e-04 0.0
0.550 5.01e-04 0.0
0.570 5.01e-04 0.0
0.590 5.01e-04 0.0
0.610 5.01e-04 0.0
0.630 5.01e-04 0.0
0.650 5.01e-04 0.0
0.670 5.01e-04 0.0
0.690 5.01e-04 0.0
0.710 5.01e-04 0.0
0.730 5.01e-04 0.0
0.750 5.01e-04 0.0
0.770 5.01e-04 0.0
0.790 5.01e-04 0.0
0.810 5.01e-04 0.0
0.830 5.01e-04 0.0
0.850 5.01e-04 0.0
0.870 5.01e-04 0.0
0.890 5.01e-04 0.0
0.910 5.01e-04 0.0
0.930 5.01e-04 0.0
0.950 5.01e-04 0.0
0.970 5.01e-04 0.0
0.990 5.01e-04 0.0
1.010 5.01e-04 0.0
1.030 5.01e-04 0.0
1.050 5.01e-04 0.0
1.070 5.01e-04 0.0
1.090 5.01e-04 0.0
1.110 5.01e-04 0.0
1.130 5.01e-04 0.0
1.150 5.01e-04 0.0
1.170 5.01e-04 0.0
1.190 5.01e-04 0.0
1.210 5.01e-04 0.0
1.230 5.01e-04 0.0
1.250 5.01e-04 0.0
1.270 5.01e-04 0.0
1.290 5.01e-04 0.0
1.310 5.01e-04 0.0
1.330 5.01e-04 0.0
1.350 5.01e-04 0.0
1.370 5.01e-04 0.0
1.390 5.01e-04 0.0
1.410 5.01e-04 0.0
1.430 5.01e-04 0.0
1.450 5.01e-04 0.0
1.470 5.01e-04 0.0
1.490 5.01e-04 0.0
0.001 1.00e-03 7.9e-05
0.002 1.00e-03 0.0
0.003 1.00e-03 0.0
0.004 1.00e-03 0.0
0.005 1.00e-03 0.0
0.007 1.00e-03 0.0
0.010 1.00e-03 0.0
0.020 1.00e-03 0.0
0.040 1.00e-03 0.0
0.060 1.00e-03 0.0
0.080 1.00e-03 0.0
0.100 1.00e-03 0.0
0.120 1.00e-03 0.0
0.140 1.00e-03 0.0
0.160 1.00e-03 0.0
0.180 1.00e-03 0.0
0.200 1.00e-03 0.0
0.220 1.00e-03 0.0
0.250 1.00e-03 0.0
0.270 1.00e-03 0.0
0.290 1.00e-03 0.0
0.310 1.00e-03 0.0
0.330 1.00e-03 0.0
0.350 1.00e-03 0.0
0.370 1.00e-03 0.0
0.390 1.00e-03 0.0
0.410 1.00e-03 0.0
0.430 1.00e-03 0.0
0.450 1.00e-03 0.0
0.470 1.00e-03 0.0
0.490 1.00e-03 0.0
0.510 1.00e-03 0.0
0.530 1.00e-03 0.0
0.550 1.00e-03 0.0
0.570 1.00e-03 0.0
0.590 1.00e-03 0.0
0.610 1.00e-03 0.0
0.630 1.00e-03 0.0
0.650 1.00e-03 0.0
0.670 1.00e-03 0.0
0.690 1.00e-03 0.0
0.710 1.00e-03 0.0
0.730 1.00e-03 0.0
0.750 1.00e-03 0.0
0.770 1.00e-03 0.0
0.790 1.00e-03 0.0
0.810 1.00e-03 0.0
0.830 1.00e-03 0.0
0.850 1.00e-03 0.0
0.870 1.00e-03 0.0
0.890 1.00e-03 0.0
0.910 1.00e-03 0.0
0.930 1.00e-03 0.0
0.950 1.00e-03 0.0
0.970 1.00e-03 0.0
0.990 1.00e-03 0.0
1.010 1.00e-03 0.0
1.030 1.00e-03 0.0
1.050 1.00e-03 0.0
1.070 1.00e-03 0.0
1.090 1.00e-03 0.0
1.110 1.00e-03 0.0
1.130 1.00e-03 0.0
1.150 1.00e-03 0.0
1.170 1.00e-03 0.0
1.190 1.00e-03 0.0
1.210 1.00e-03 0.0
1.230 1.00e-03 0.0
1.250 1.00e-03 0.0
1.270 1.00e-03 0.0
1.290 1.00e-03 0.0
1.310 1.00e-03 0.0
1.330 1.00e-03 0.0
1.350 1.00e-03 0.0
1.370 1.00e-03 0.0
1.390 1.00e-03 0.0
1.410 1.00e-03 0.0
1.430 1.00e-03 0.0
1.450 1.00e-03 0.0
1.470 1.00e-03 0.0
1.490 1.00e-03 0.0
0.001 1.00e-09 0.0
0.002 1.00e-09 0.0
0.003 1.00e-09 0.0
0.004 1.00e-09 0.0
0.005 1.00e-09 0.0
0.007 1.00e-09 0.0
0.010 1.00e-09 0.0
0.020 1.00e-09 0.0
0.040 1.00e-09 0.0
0.060 1.00e-09 0.0
0.080 1.00e-09 0.0
0.100 1.00e-09 0.0
0.120 1.00e-09 0.0
0.140 1.00e-09 0.0
0.160 1.00e-09 0.0
0.180 1.00e-09 0.0
0.200 1.00e-09 0.0
0.220 1.00e-09 0.0
0.250 1.00e-09 0.0
0.270 1.00e-09 0.0
0.290 1.00e-09 0.0
0.310 1.00e-09 0.0
0.330 1.00e-09 1e-06
0.350 1.00e-09 1e-06
0.370 1.00e-09 1e-06
0.390 1.00e-09 1e-06
0.410 1.00e-09 1e-06
0.430 1.00e-09 1e-06
0.450 1.00e-09 1e-06
0.470 1.00e-09 1e-06
0.490 1.00e-09 1e-06
0.510 1.00e-09 2e-06
0.530 1.00e-09 2e-06
0.550 1.00e-09 2e-06
0.570 1.00e-09 2e-06
0.590 1.00e-09 3e-06
0.610 1.00e-09 3e-06
0.630 1.00e-09 4e-06
0.650 1.00e-09 5e-06
0.670 1.00e-09 6e-06
0.690 1.00e-09 7e-06
0.710 1.00e-09 9e-06
0.730 1.00e-09 1.2e-05
0.750 1.00e-09 1.4e-05
0.770 1.00e-09 1.7e-05
0.790 1.00e-09 1.7e-05
0.810 1.00e-09 1.2e-05
0.830 1.00e-09 1e-05
0.850 1.00e-09 9e-06
0.870 1.00e-09 8e-06
0.890 1.00e-09 7e-06
0.910 1.00e-09 7e-06
0.930 1.00e-09 7e-06
0.950 1.00e-09 7e-06
0.970 1.00e-09 7e-06
0.990 1.00e-09 7e-06
1.010 1.00e-09 1e-05
1.030 1.00e-09 1.3e-05
1.050 1.00e-09 8e-06
1.070 1.00e-09 8e-06
1.090 1.00e-09 8e-06
1.110 1.00e-09 8e-06
1.130 1.00e-09 8e-06
1.150 1.00e-09 9e-06
1.170 1.00e-09 9e-06
1.190 1.00e-09 9e-06
1.210 1.00e-09 1e-05
1.230 1.00e-09 1e-05
1.250 1.00e-09 1e-05
1.270 1.00e-09 1.1e-05
1.290 1.00e-09 1.2e-05
1.310 1.00e-09 1.2e-05
1.330 1.00e-09 1.3e-05
1.350 1.00e-09 1.3e-05
1.370 1.00e-09 1.4e-05
1.390 1.00e-09 1.5e-05
1.410 1.00e-09 1.6e-05
1.430 1.00e-09 1.6e-05
1.450 1.00e-09 1.7e-05
1.470 1.00e-09 1.9e-05
1.490 1.00e-09 1.9e-05
0.001 2.00e-09 0.0
0.002 2.00e-09 0.0
0.003 2.00e-09 0.0
0.004 2.00e-09 0.0
0.005 2.00e-09 0.0
0.007 2.00e-09 0.0
0.010 2.00e-09 0.0
0.020 2.00e-09 0.0
0.040 2.00e-09 0.0
0.060 2.00e-09 0.0
0.080 2.00e-09 0.0
0.100 2.00e-09 0.0
0.120 2.00e-09 0.0
0.140 2.00e-09 0.0
0.160 2.00e-09 0.0
0.180 2.00e-09 0.0
0.200 2.00e-09 0.0
0.220 2.00e-09 1e-06
0.250 2.00e-09 1e-06
0.270 2.00e-09 1e-06
0.290 2.00e-09 2e-06
0.310 2.00e-09 2e-06
0.330 2.00e-09 2e-06
0.350 2.00e-09 3e-06
0.370 2.00e-09 3e-06
0.390 2.00e-09 3e-06
0.410 2.00e-09 4e-06
0.430 2.00e-09 4e-06
0.450 2.00e-09 5e-06
0.470 2.00e-09 5e-06
0.490 2.00e-09 6e-06
0.510 2.00e-09 7e-06
0.530 2.00e-09 7e-06
0.550 2.00e-09 8e-06
0.570 2.00e-09 9e-06
0.590 2.00e-09 1.1e-05
0.610 2.00e-09 1.3e-05
0.630 2.00e-09 1.5e-05
0.650 2.00e-09 1.8e-05
0.670 2.00e-09 2.2e-05
0.690 2.00e-09 2.8e-05
0.710 2.00e-09 3.7e-05
0.730 2.00e-09 4.7e-05
0.750 2.00e-09 5.6e-05
0.770 2.00e-09 6.8e-05
0.790 2.00e-09 6.7e-05
0.810 2.00e-09 4.8e-05
0.830 2.00e-09 4.1e-05
0.850 2.00e-09 3.6e-05
0.870 2.00e-09 3.2e-05
0.890 2.00e-09 2.9e-05
0.910 2.00e-09 2.8e-05
0.930 2.00e-09 2.7e-05
0.950 2.00e-09 2.6e-05
0.970 2.00e-09 2.6e-05
0.990 2.00e-09 2.7e-05
1.010 2.00e-09 4.1e-05
1.030 2.00e-09 5.1e-05
1.050 2.00e-09 3.2e-05
1.070 2.00e-09 3.1e-05
1.090 2.00e-09 3.2e-05
1.110 2.00e-09 3.2e-05
1.130 2.00e-09 3.3e-05
1.150 2.00e-09 3.4e-05
1.170 2.00e-09 3.5e-05
1.190 2.00e-09 3.7e-05
1.210 2.00e-09 3.9e-05
1.230 2.00e-09 4e-05
1.250 2.00e-09 4.2e-05
1.270 2.00e-09 4.4e-05
1.290 2.00e-09 4.6e-05
1.310 2.00e-09 4.8e-05
1.330 2.00e-09 5e-05
1.350 2.00e-09 5.3e-05
1.370 2.00e-09 5.7e-05
1.390 2.00e-09 5.9e-05
1.410 2.00e-09 6.3e-05
1.430 2.00e-09 6.5e-05
1.450 2.00e-09 6.9e-05
1.470 2.00e-09 7.4e-05
1.490 2.00e-09 7.6e-05
0.001 4.00e-09 0.0
0.002 4.00e-09 0.0
0.003 4.00e-09 0.0
0.004 4.00e-09 0.0
0.005 4.00e-09 0.0
0.007 4.00e-09 0.0
0.010 4.00e-09 0.0
0.020 4.00e-09 0.0
0.040 4.00e-09 0.0
0.060 4.00e-09 0.0
0.080 4.00e-09 0.0
0.100 4.00e-09 0.0
0.120 4.00e-09 1e-06
0.140 4.00e-09 1e-06
0.160 4.00e-09 1e-06
0.180 4.00e-09 1e-06
0.200 4.00e-09 2e-06
0.220 4.00e-09 3e-06
0.250 4.00e-09 5e-06
0.270 4.00e-09 6e-06
0.290 4.00e-09 7e-06
0.310 4.00e-09 8e-06
0.330 4.00e-09 9e-06
0.350 4.00e-09 1e-05
0.370 4.00e-09 1.2e-05
0.390 4.00e-09 1.3e-05
0.410 4.00e-09 1.5e-05
0.430 4.00e-09 1.7e-05
0.450 4.00e-09 1.9e-05
0.470 4.00e-09 2.1e-05
0.490 4.00e-09 2.4e-05
0.510 4.00e-09 2.6e-05
0.530 4.00e-09 3e-05
0.550 4.00e-09 3.4e-05
0.570 4.00e-09 3.7e-05
0.590 4.00e-09 4.3e-05
0.610 4.00e-09 5e-05
0.630 4.00e-09 6e-05
0.650 4.00e-09 7.3e-05
0.670 4.00e-09 8.9e-05
0.690 4.00e-09 0.000113
0.710 4.00e-09 0.000147
0.730 4.00e-09 0.000186
0.750 4.00e-09 0.000223
0.770 4.00e-09 0.000272
0.790 4.00e-09 0.000264
0.810 4.00e-09 0.000193
0.830 4.00e-09 0.000164
0.850 4.00e-09 0.000142
0.870 4.00e-09 0.000128
0.890 4.00e-09 0.000116
0.910 4.00e-09 0.000111
0.930 4.00e-09 0.000106
0.950 4.00e-09 0.000104
0.970 4.00e-09 0.000105
0.990 4.00e-09 0.000106
1.010 4.00e-09 0.000164
1.030 4.00e-09 0.000204
1.050 4.00e-09 0.000128
1.070 4.00e-09 0.000123
1.090 4.00e-09 0.000126
1.110 4.00e-09 0.000128
1.130 4.00e-09 0.000132
1.150 4.00e-09 0.000136
1.170 4.00e-09 0.000139
1.190 4.00e-09 0.000145
1.210 4.00e-09 0.000154
1.230 4.00e-09 0.000161
1.250 4.00e-09 0.000165
1.270 4.00e-09 0.000177
1.290 4.00e-09 0.000183
1.310 4.00e-09 0.000192
1.330 4.00e-09 0.0002
1.350 4.00e-09 0.000209
1.370 4.00e-09 0.000225
1.390 4.00e-09 0.000234
1.410 4.00e-09 0.000249
1.430 4.00e-09 0.00026
1.450 4.00e-09 0.000275
1.470 4.00e-09 0.000294
1.490 4.00e-09 0.000304
0.001 8.00e-09 0.0
0.002 8.00e-09 0.0
0.003 8.00e-09 0.0
0.004 8.00e-09 0.0
0.005 8.00e-09 0.0
0.007 8.00e-09 0.0
0.010 8.00e-09 0.0
0.020 8.00e-09 0.0
0.040 8.00e-09 0.0
0.060 8.00e-09 1e-06
0.080 8.00e-09 1e-06
0.100 8.00e-09 2e-06
0.120 8.00e-09 3e-06
0.140 8.00e-09 3e-06
0.160 8.00e-09 4e-06
0.180 8.00e-09 6e-06
0.200 8.00e-09 7e-06
0.220 8.00e-09 1.2e-05
0.250 8.00e-09 1.8e-05
0.270 8.00e-09 2.2e-05
0.290 8.00e-09 2.9e-05
0.310 8.00e-09 3.1e-05
0.330 8.00e-09 3.6e-05
0.350 8.00e-09 4.1e-05
0.370 8.00e-09 4.7e-05
0.390 8.00e-09 5.3e-05
0.410 8.00e-09 6e-05
0.430 8.00e-09 6.8e-05
0.450 8.00e-09 7.6e-05
0.470 8.00e-09 8.4e-05
0.490 8.00e-09 9.4e-05
0.510 8.00e-09 0.000105
0.530 8.00e-09 0.000118
0.550 8.00e-09 0.000134
0.570 8.00e-09 0.000148
0.590 8.00e-09 0.000172
0.610 8.00e-09 0.0002
0.630 8.00e-09 0.000237
0.650 8.00e-09 0.000292
0.670 8.00e-09 0.000355
0.690 8.00e-09 0.000449
0.710 8.00e-09 0.000583
0.730 8.00e-09 0.000735
0.750 8.00e-09 0.000884
0.770 8.00e-09 0.001074
0.790 8.00e-09 0.001045
0.810 8.00e-09 0.000763
0.830 8.00e-09 0.00065
0.850 8.00e-09 0.000563
0.870 8.00e-09 0.000507
0.890 8.00e-09 0.000461
0.910 8.00e-09 0.000441
0.930 8.00e-09 0.000419
0.950 8.00e-09 0.000412
0.970 8.00e-09 0.000415
0.990 8.00e-09 0.000421
1.010 8.00e-09 0.000648
1.030 8.00e-09 0.000809
1.050 8.00e-09 0.000509
1.070 8.00e-09 0.000489
1.090 8.00e-09 0.000499
1.110 8.00e-09 0.000509
1.130 8.00e-09 0.000524
1.150 8.00e-09 0.000539
1.170 8.00e-09 0.000551
1.190 8.00e-09 0.000577
1.210 8.00e-09 0.000609
1.230 8.00e-09 0.000636
1.250 8.00e-09 0.000654
1.270 8.00e-09 0.000701
1.290 8.00e-09 0.000723
1.310 8.00e-09 0.00076
1.330 8.00e-09 0.00079
1.350 8.00e-09 0.000829
1.370 8.00e-09 0.000889
1.390 8.00e-09 0.000925
1.410 8.00e-09 0.000985
1.430 8.00e-09 0.001028
1.450 8.00e-09 0.001084
1.470 8.00e-09 0.00116
1.490 8.00e-09 0.001199
0.001 1.60e-08 0.0
0.002 1.60e-08 0.0
0.003 1.60e-08 0.0
0.004 1.60e-08 0.0
0.005 1.60e-08 0.0
0.007 1.60e-08 0.0
0.010 1.60e-08 0.0
0.020 1.60e-08 0.0
0.040 1.60e-08 1e-06
0.060 1.60e-08 3e-06
0.080 1.60e-08 4e-06
0.100 1.60e-08 7e-06
0.120 1.60e-08 1e-05
0.140 1.60e-08 1.4e-05
0.160 1.60e-08 1.8e-05
0.180 1.60e-08 2.2e-05
0.200 1.60e-08 2.7e-05
0.220 1.60e-08 4.6e-05
0.250 1.60e-08 7.3e-05
0.270 1.60e-08 8.9e-05
0.290 1.60e-08 0.000115
0.310 1.60e-08 0.000124
0.330 1.60e-08 0.000143
0.350 1.60e-08 0.000164
0.370 1.60e-08 0.000188
0.390 1.60e-08 0.000209
0.410 1.60e-08 0.00024
0.430 1.60e-08 0.000269
0.450 1.60e-08 0.000301
0.470 1.60e-08 0.000334
0.490 1.60e-08 0.000373
0.510 1.60e-08 0.000416
0.530 1.60e-08 0.000467
0.550 1.60e-08 0.000531
0.570 1.60e-08 0.000588
0.590 1.60e-08 0.000683
0.610 1.60e-08 0.000793
0.630 1.60e-08 0.000936
0.650 1.60e-08 0.001153
0.670 1.60e-08 0.001401
0.690 1.60e-08 0.001766
0.710 1.60e-08 0.002284
0.730 1.60e-08 0.002871
0.750 1.60e-08 0.003437
0.770 1.60e-08 0.004155
0.790 1.60e-08 0.004043
0.810 1.60e-08 0.002976
0.830 1.60e-08 0.002542
0.850 1.60e-08 0.002209
0.870 1.60e-08 0.00199
0.890 1.60e-08 0.001811
0.910 1.60e-08 0.001734
0.930 1.60e-08 0.00165
0.950 1.60e-08 0.001621
0.970 1.60e-08 0.001633
0.990 1.60e-08 0.001659
1.010 1.60e-08 0.002536
1.030 1.60e-08 0.003149
1.050 1.60e-08 0.001999
1.070 1.60e-08 0.001921
1.090 1.60e-08 0.001958
1.110 1.60e-08 0.001997
1.130 1.60e-08 0.002055
1.150 1.60e-08 0.002114
1.170 1.60e-08 0.00216
1.190 1.60e-08 0.002259
1.210 1.60e-08 0.002384
1.230 1.60e-08 0.002489
1.250 1.60e-08 0.002557
1.270 1.60e-08 0.002736
1.290 1.60e-08 0.002821
1.310 1.60e-08 0.002963
1.330 1.60e-08 0.003078
1.350 1.60e-08 0.003224
1.370 1.60e-08 0.003452
1.390 1.60e-08 0.003588
1.410 1.60e-08 0.003815
1.430 1.60e-08 0.003977
1.450 1.60e-08 0.004188
1.470 1.60e-08 0.004469
1.490 1.60e-08 0.004614
0.001 3.20e-08 0.0
0.002 3.20e-08 0.0
0.003 3.20e-08 0.0
0.004 3.20e-08 0.0
0.005 3.20e-08 0.0
0.007 3.20e-08 0.0
0.010 3.20e-08 0.0
0.020 3.20e-08 1e-06
0.040 3.20e-08 5e-06
0.060 3.20e-08 1e-05
0.080 3.20e-08 1.8e-05
0.100 3.20e-08 2.8e-05
0.120 3.20e-08 4e-05
0.140 3.20e-08 5.4e-05
0.160 3.20e-08 7.1e-05
0.180 3.20e-08 8.8e-05
0.200 3.20e-08 0.000109
0.220 3.20e-08 0.000184
0.250 3.20e-08 0.000289
0.270 3.20e-08 0.000354
0.290 3.20e-08 0.000455
0.310 3.20e-08 0.000492
0.330 3.20e-08 0.000566
0.350 3.20e-08 0.000652
0.370 3.20e-08 0.000744
0.390 3.20e-08 0.000829
0.410 3.20e-08 0.00095
0.430 3.20e-08 0.001065
0.450 3.20e-08 0.001189
0.470 3.20e-08 0.001316
0.490 3.20e-08 0.001472
0.510 3.20e-08 0.001639
0.530 3.20e-08 0.001837
0.550 3.20e-08 0.002083
0.570 3.20e-08 0.002305
0.590 3.20e-08 0.002671
0.610 3.20e-08 0.003092
0.630 3.20e-08 0.003634
0.650 3.20e-08 0.004451
0.670 3.20e-08 0.005372
0.690 3.20e-08 0.006704
0.710 3.20e-08 0.00855
0.730 3.20e-08 0.010573
0.750 3.20e-08 0.012458
0.770 3.20e-08 0.01476
0.790 3.20e-08 0.0144
0.810 3.20e-08 0.010922
0.830 3.20e-08 0.009446
0.850 3.20e-08 0.008281
0.870 3.20e-08 0.007504
0.890 3.20e-08 0.00686
0.910 3.20e-08 0.006583
0.930 3.20e-08 0.006278
0.950 3.20e-08 0.006173
0.970 3.20e-08 0.006217
0.990 3.20e-08 0.006308
1.010 3.20e-08 0.00941
1.030 3.20e-08 0.011484
1.050 3.20e-08 0.00753
1.070 3.20e-08 0.00725
1.090 3.20e-08 0.007383
1.110 3.20e-08 0.007522
1.130 3.20e-08 0.007728
1.150 3.20e-08 0.007937
1.170 3.20e-08 0.008098
1.190 3.20e-08 0.008446
1.210 3.20e-08 0.008877
1.230 3.20e-08 0.009242
1.250 3.20e-08 0.009478
1.270 3.20e-08 0.010086
1.290 3.20e-08 0.010375
1.310 3.20e-08 0.010853
1.330 3.20e-08 0.011234
1.350 3.20e-08 0.011719
1.370 3.20e-08 0.012462
1.390 3.20e-08 0.012905
1.410 3.20e-08 0.013627
1.430 3.20e-08 0.014141
1.450 3.20e-08 0.014799
1.470 3.20e-08 0.015656
1.490 3.20e-08 0.016096
0.001 6.30e-08 0.0
0.002 6.30e-08 0.0
0.003 6.30e-08 0.0
0.004 6.30e-08 0.0
0.005 6.30e-08 0.0
0.007 6.30e-08 1e-06
0.010 6.30e-08 1e-06
0.020 6.30e-08 4e-06
0.040 6.30e-08 1.8e-05
0.060 6.30e-08 4e-05
0.080 6.30e-08 7.1e-05
0.100 6.30e-08 0.000111
0.120 6.30e-08 0.00016
0.140 6.30e-08 0.000215
0.160 6.30e-08 0.000281
0.180 6.30e-08 0.00035
0.200 6.30e-08 0.000431
0.220 6.30e-08 0.00073
0.250 6.30e-08 0.001141
0.270 6.30e-08 0.001396
0.290 6.30e-08 0.001792
0.310 6.30e-08 0.001934
0.330 6.30e-08 0.002219
0.350 6.30e-08 0.002552
0.370 6.30e-08 0.002904
0.390 6.30e-08 0.003229
0.410 6.30e-08 0.003689
0.430 6.30e-08 0.004121
0.450 6.30e-08 0.004589
0.470 6.30e-08 0.005061
0.490 6.30e-08 0.005636
0.510 6.30e-08 0.006248
0.530 6.30e-08 0.006964
0.550 6.30e-08 0.007844
0.570 6.30e-08 0.008627
0.590 6.30e-08 0.009897
0.610 6.30e-08 0.011328
0.630 6.30e-08 0.013113
0.650 6.30e-08 0.015699
0.670 6.30e-08 0.01845
0.690 6.30e-08 0.022171
0.710 6.30e-08 0.026796
0.730 6.30e-08 0.031178
0.750 6.30e-08 0.034641
0.770 6.30e-08 0.038155
0.790 6.30e-08 0.037585
0.810 6.30e-08 0.031811
0.830 6.30e-08 0.028789
0.850 6.30e-08 0.026101
0.870 6.30e-08 0.024187
0.890 6.30e-08 0.022521
0.910 6.30e-08 0.021775
0.930 6.30e-08 0.020954
0.950 6.30e-08 0.020659
0.970 6.30e-08 0.020781
0.990 6.30e-08 0.021017
1.010 6.30e-08 0.028559
1.030 6.30e-08 0.032686
1.050 6.30e-08 0.024168
1.070 6.30e-08 0.023475
1.090 6.30e-08 0.023809
1.110 6.30e-08 0.024149
1.130 6.30e-08 0.024648
1.150 6.30e-08 0.025167
1.170 6.30e-08 0.025544
1.190 6.30e-08 0.026357
1.210 6.30e-08 0.027323
1.230 6.30e-08 0.028131
1.250 6.30e-08 0.028657
1.270 6.30e-08 0.029903
1.290 6.30e-08 0.03048
1.310 6.30e-08 0.031417
1.330 6.30e-08 0.032101
1.350 6.30e-08 0.033016
1.370 6.30e-08 0.034252
1.390 6.30e-08 0.034977
1.410 6.30e-08 0.036049
1.430 6.30e-08 0.036818
1.450 6.30e-08 0.037692
1.470 6.30e-08 0.038692
1.490 6.30e-08 0.039235
0.001 1.26e-07 0.0
0.002 1.26e-07 0.0
0.003 1.26e-07 0.0
0.004 1.26e-07 1e-06
0.005 1.26e-07 1e-06
0.007 1.26e-07 2e-06
0.010 1.26e-07 4e-06
0.020 1.26e-07 1.8e-05
0.040 1.26e-07 7.1e-05
0.060 1.26e-07 0.000159
0.080 1.26e-07 0.000282
0.100 1.26e-07 0.000442
0.120 1.26e-07 0.000633
0.140 1.26e-07 0.000851
0.160 1.26e-07 0.001111
0.180 1.26e-07 0.001383
0.200 1.26e-07 0.001699
0.220 1.26e-07 0.002852
0.250 1.26e-07 0.00441
0.270 1.26e-07 0.005359
0.290 1.26e-07 0.00681
0.310 1.26e-07 0.007321
0.330 1.26e-07 0.008336
0.350 1.26e-07 0.009502
0.370 1.26e-07 0.010709
0.390 1.26e-07 0.011798
0.410 1.26e-07 0.013317
0.430 1.26e-07 0.014695
0.450 1.26e-07 0.016161
0.470 1.26e-07 0.017577
0.490 1.26e-07 0.019254
0.510 1.26e-07 0.021005
0.530 1.26e-07 0.022916
0.550 1.26e-07 0.025157
0.570 1.26e-07 0.027031
0.590 1.26e-07 0.029862
0.610 1.26e-07 0.032743
0.630 1.26e-07 0.035842
0.650 1.26e-07 0.039521
0.670 1.26e-07 0.042288
0.690 1.26e-07 0.044656
0.710 1.26e-07 0.045318
0.730 1.26e-07 0.043799
0.750 1.26e-07 0.041371
0.770 1.26e-07 0.037617
0.790 1.26e-07 0.038177
0.810 1.26e-07 0.043283
0.830 1.26e-07 0.044773
0.850 1.26e-07 0.045106
0.870 1.26e-07 0.044929
0.890 1.26e-07 0.044465
0.910 1.26e-07 0.04407
0.930 1.26e-07 0.043721
0.950 1.26e-07 0.043539
0.970 1.26e-07 0.04357
0.990 1.26e-07 0.043639
1.010 1.26e-07 0.044322
1.030 1.26e-07 0.042303
1.050 1.26e-07 0.044545
1.070 1.26e-07 0.04449
1.090 1.26e-07 0.044527
1.110 1.26e-07 0.044513
1.130 1.26e-07 0.044545
1.150 1.26e-07 0.044693
1.170 1.26e-07 0.044645
1.190 1.26e-07 0.044598
1.210 1.26e-07 0.044393
1.230 1.26e-07 0.04417
1.250 1.26e-07 0.044182
1.270 1.26e-07 0.043577
1.290 1.26e-07 0.043356
1.310 1.26e-07 0.042897
1.330 1.26e-07 0.042352
1.350 1.26e-07 0.041975
1.370 1.26e-07 0.040877
1.390 1.26e-07 0.040309
1.410 1.26e-07 0.03927
1.430 1.26e-07 0.038529
1.450 1.26e-07 0.037549
1.470 1.26e-07 0.036069
1.490 1.26e-07 0.035578
0.001 2.51e-07 0.0
0.002 2.51e-07 1e-06
0.003 2.51e-07 2e-06
0.004 2.51e-07 3e-06
0.005 2.51e-07 4e-06
0.007 2.51e-07 9e-06
0.010 2.51e-07 1.8e-05
0.020 2.51e-07 7.1e-05
0.040 2.51e-07 0.000284
0.060 2.51e-07 0.000631
0.080 2.51e-07 0.001115
0.100 2.51e-07 0.001738
0.120 2.51e-07 0.002479
0.140 2.51e-07 0.003317
0.160 2.51e-07 0.0043
0.180 2.51e-07 0.005312
0.200 2.51e-07 0.006473
0.220 2.51e-07 0.010545
0.250 2.51e-07 0.015625
0.270 2.51e-07 0.018506
0.290 2.51e-07 0.022589
0.310 2.51e-07 0.023935
0.330 2.51e-07 0.026457
0.350 2.51e-07 0.029148
0.370 2.51e-07 0.031697
0.390 2.51e-07 0.033723
0.410 2.51e-07 0.036403
0.430 2.51e-07 0.038405
0.450 2.51e-07 0.040368
0.470 2.51e-07 0.041811
0.490 2.51e-07 0.043208
0.510 2.51e-07 0.044545
0.530 2.51e-07 0.04521
0.550 2.51e-07 0.045599
0.570 2.51e-07 0.045515
0.590 2.51e-07 0.044671
0.610 2.51e-07 0.043156
0.630 2.51e-07 0.040402
0.650 2.51e-07 0.036058
0.670 2.51e-07 0.031235
0.690 2.51e-07 0.025251
0.710 2.51e-07 0.018851
0.730 2.51e-07 0.013789
0.750 2.51e-07 0.010268
0.770 2.51e-07 0.007185
0.790 2.51e-07 0.007717
0.810 2.51e-07 0.013242
0.830 2.51e-07 0.016516
0.850 2.51e-07 0.019989
0.870 2.51e-07 0.022603
0.890 2.51e-07 0.025067
0.910 2.51e-07 0.026189
0.930 2.51e-07 0.027453
0.950 2.51e-07 0.02802
0.970 2.51e-07 0.027747
0.990 2.51e-07 0.027477
1.010 2.51e-07 0.017253
1.030 2.51e-07 0.012595
1.050 2.51e-07 0.023003
1.070 2.51e-07 0.023961
1.090 2.51e-07 0.023499
1.110 2.51e-07 0.023048
1.130 2.51e-07 0.022416
1.150 2.51e-07 0.021636
1.170 2.51e-07 0.021198
1.190 2.51e-07 0.020124
1.210 2.51e-07 0.018967
1.230 2.51e-07 0.017986
1.250 2.51e-07 0.017248
1.270 2.51e-07 0.015886
1.290 2.51e-07 0.015196
1.310 2.51e-07 0.014118
1.330 2.51e-07 0.013477
1.350 2.51e-07 0.012288
1.370 2.51e-07 0.01111
1.390 2.51e-07 0.010319
1.410 2.51e-07 0.009228
1.430 2.51e-07 0.008454
1.450 2.51e-07 0.007585
1.470 2.51e-07 0.006806
1.490 2.51e-07 0.006102
0.001 5.01e-07 1e-06
0.002 5.01e-07 3e-06
0.003 5.01e-07 6e-06
0.004 5.01e-07 1.1e-05
0.005 5.01e-07 1.8e-05
0.007 5.01e-07 3.5e-05
0.010 5.01e-07 7e-05
0.020 5.01e-07 0.000281
0.040 5.01e-07 0.001121
0.060 5.01e-07 0.002472
0.080 5.01e-07 0.004316
0.100 5.01e-07 0.006619
0.120 5.01e-07 0.00926
0.140 5.01e-07 0.012114
0.160 5.01e-07 0.015305
0.180 5.01e-07 0.018381
0.200 5.01e-07 0.021695
0.220 5.01e-07 0.031497
0.250 5.01e-07 0.039848
0.270 5.01e-07 0.04299
0.290 5.01e-07 0.045536
0.310 5.01e-07 0.045937
0.330 5.01e-07 0.046049
0.350 5.01e-07 0.045456
0.370 5.01e-07 0.044259
0.390 5.01e-07 0.042548
0.410 5.01e-07 0.040286
0.430 5.01e-07 0.037777
0.450 5.01e-07 0.035219
0.470 5.01e-07 0.032686
0.490 5.01e-07 0.029759
0.510 5.01e-07 0.026824
0.530 5.01e-07 0.023859
0.550 5.01e-07 0.020749
0.570 5.01e-07 0.018329
0.590 5.01e-07 0.015037
0.610 5.01e-07 0.011919
0.630 5.01e-07 0.009125
0.650 5.01e-07 0.006011
0.670 5.01e-07 0.003966
0.690 5.01e-07 0.00206
0.710 5.01e-07 0.000804
0.730 5.01e-07 0.000294
0.750 5.01e-07 9.9e-05
0.770 5.01e-07 3.2e-05
0.790 5.01e-07 3.6e-05
0.810 5.01e-07 0.000242
0.830 5.01e-07 0.000508
0.850 5.01e-07 0.000928
0.870 5.01e-07 0.001399
0.890 5.01e-07 0.001906
0.910 5.01e-07 0.002273
0.930 5.01e-07 0.002585
0.950 5.01e-07 0.002653
0.970 5.01e-07 0.002697
0.990 5.01e-07 0.002549
1.010 5.01e-07 0.000518
1.030 5.01e-07 0.000171
1.050 5.01e-07 0.001395
1.070 5.01e-07 0.00155
1.090 5.01e-07 0.001467
1.110 5.01e-07 0.00141
1.130 5.01e-07 0.00126
1.150 5.01e-07 0.001092
1.170 5.01e-07 0.001003
1.190 5.01e-07 0.000853
1.210 5.01e-07 0.000683
1.230 5.01e-07 0.000591
1.250 5.01e-07 0.000473
1.270 5.01e-07 0.000365
1.290 5.01e-07 0.000295
1.310 5.01e-07 0.000226
1.330 5.01e-07 0.000188
1.350 5.01e-07 0.000128
1.370 5.01e-07 8.8e-05
1.390 5.01e-07 6.7e-05
1.410 5.01e-07 4.4e-05
1.430 5.01e-07 3.1e-05
1.450 5.01e-07 2e-05
1.470 5.01e-07 1.3e-05
1.490 5.01e-07 9e-06
0.001 1.00e-06 4e-06
0.002 1.00e-06 1.1e-05
0.003 1.00e-06 2.5e-05
0.004 1.00e-06 4.5e-05
0.005 1.00e-06 7.1e-05
0.007 1.00e-06 0.000138
0.010 1.00e-06 0.000278
0.020 1.00e-06 0.001112
0.040 1.00e-06 0.004336
0.060 1.00e-06 0.009235
0.080 1.00e-06 0.015358
0.100 1.00e-06 0.022124
0.120 1.00e-06 0.028744
0.140 1.00e-06 0.03455
0.160 1.00e-06 0.039618
0.180 1.00e-06 0.042989
0.200 1.00e-06 0.045302
0.220 1.00e-06 0.04481
0.250 1.00e-06 0.036136
0.270 1.00e-06 0.030775
0.290 1.00e-06 0.023949
0.310 1.00e-06 0.021961
0.330 1.00e-06 0.018593
0.350 1.00e-06 0.015356
0.370 1.00e-06 0.012641
0.390 1.00e-06 0.010923
0.410 1.00e-06 0.00842
0.430 1.00e-06 0.006925
0.450 1.00e-06 0.005361
0.470 1.00e-06 0.004328
0.490 1.00e-06 0.00336
0.510 1.00e-06 0.002367
0.530 1.00e-06 0.001801
0.550 1.00e-06 0.00115
0.570 1.00e-06 0.000776
0.590 1.00e-06 0.000417
0.610 1.00e-06 0.000195
0.630 1.00e-06 8e-05
0.650 1.00e-06 1.9e-05
0.670 1.00e-06 4e-06
0.690 1.00e-06 0.0
0.710 1.00e-06 0.0
0.730 1.00e-06 0.0
0.750 1.00e-06 0.0
0.770 1.00e-06 0.0
0.790 1.00e-06 0.0
0.810 1.00e-06 0.0
0.830 1.00e-06 0.0
0.850 1.00e-06 0.0
0.870 1.00e-06 0.0
0.890 1.00e-06 0.0
0.910 1.00e-06 0.0
0.930 1.00e-06 1e-06
0.950 1.00e-06 1e-06
0.970 1.00e-06 1e-06
0.990 1.00e-06 0.0
1.010 1.00e-06 0.0
1.030 1.00e-06 0.0
1.050 1.00e-06 0.0
1.070 1.00e-06 0.0
1.090 1.00e-06 0.0
1.110 1.00e-06 0.0
1.130 1.00e-06 0.0
1.150 1.00e-06 0.0
1.170 1.00e-06 0.0
1.190 1.00e-06 0.0
1.210 1.00e-06 0.0
1.230 1.00e-06 0.0
1.250 1.00e-06 0.0
1.270 1.00e-06 0.0
1.290 1.00e-06 0.0
1.310 1.00e-06 0.0
1.330 1.00e-06 0.0
1.350 1.00e-06 0.0
1.370 1.00e-06 0.0
1.390 1.00e-06 0.0
1.410 1.00e-06 0.0
1.430 1.00e-06 0.0
1.450 1.00e-06 0.0
1.470 1.00e-06 0.0
1.490 1.00e-06 0.0
0.001 1.99e-06 1.5e-05
0.002 1.99e-06 4.4e-05
0.003 1.99e-06 0.000101
0.004 1.99e-06 0.000179
0.005 1.99e-06 0.000282
0.007 1.99e-06 0.000547
0.010 1.99e-06 0.0011
0.020 1.99e-06 0.004304
0.040 1.99e-06 0.015419
0.060 1.99e-06 0.028681
0.080 1.99e-06 0.039746
0.100 1.99e-06 0.045686
0.120 1.99e-06 0.046124
0.140 1.99e-06 0.042537
0.160 1.99e-06 0.036772
0.180 1.99e-06 0.031049
0.200 1.99e-06 0.025298
0.220 1.99e-06 0.012495
0.250 1.99e-06 0.005789
0.270 1.99e-06 0.0037
0.290 1.99e-06 0.001872
0.310 1.99e-06 0.001462
0.330 1.99e-06 0.000902
0.350 1.99e-06 0.000532
0.370 1.99e-06 0.000285
0.390 1.99e-06 0.000181
0.410 1.99e-06 8.3e-05
0.430 1.99e-06 4e-05
0.450 1.99e-06 1.7e-05
0.470 1.99e-06 7e-06
0.490 1.99e-06 3e-06
0.510 1.99e-06 1e-06
0.530 1.99e-06 0.0
0.550 1.99e-06 0.0
0.570 1.99e-06 0.0
0.590 1.99e-06 0.0
0.610 1.99e-06 0.0
0.630 1.99e-06 0.0
0.650 1.99e-06 0.0
0.670 1.99e-06 0.0
0.690 1.99e-06 0.0
0.710 1.99e-06 0.0
0.730 1.99e-06 0.0
0.750 1.99e-06 0.0
0.770 1.99e-06 0.0
0.790 1.99e-06 0.0
0.810 1.99e-06 0.0
0.830 1.99e-06 0.0
0.850 1.99e-06 0.0
0.870 1.99e-06 0.0
0.890 1.99e-06 0.0
0.910 1.99e-06 0.0
0.930 1.99e-06 0.0
0.950 1.99e-06 0.0
0.970 1.99e-06 0.0
0.990 1.99e-06 0.0
1.010 1.99e-06 0.0
1.030 1.99e-06 0.0
1.050 1.99e-06 0.0
1.070 1.99e-06 0.0
1.090 1.99e-06 0.0
1.110 1.99e-06 0.0
1.130 1.99e-06 0.0
1.150 1.99e-06 0.0
1.170 1.99e-06 0.0
1.190 1.99e-06 0.0
1.210 1.99e-06 0.0
1.230 1.99e-06 0.0
1.250 1.99e-06 0.0
1.270 1.99e-06 0.0
1.290 1.99e-06 0.0
1.310 1.99e-06 0.0
1.330 1.99e-06 0.0
1.350 1.99e-06 0.0
1.370 1.99e-06 0.0
1.390 1.99e-06 0.0
1.410 1.99e-06 0.0
1.430 1.99e-06 0.0
1.450 1.99e-06 0.0
1.470 1.99e-06 0.0
1.490 1.99e-06 0.0
0.001 3.98e-06 6.1e-05
0.002 3.98e-06 0.000174
0.003 3.98e-06 0.000399
0.004 3.98e-06 0.00071
0.005 3.98e-06 0.001114
0.007 3.98e-06 0.002148
0.010 3.98e-06 0.004259
0.020 3.98e-06 0.015322
0.040 3.98e-06 0.039779
0.060 3.98e-06 0.04613
0.080 3.98e-06 0.036784
0.100 3.98e-06 0.024441
0.120 3.98e-06 0.015342
0.140 3.98e-06 0.009718
0.160 3.98e-06 0.005894
0.180 3.98e-06 0.003624
0.200 3.98e-06 0.002103
0.220 3.98e-06 0.000307
0.250 3.98e-06 2.5e-05
0.270 3.98e-06 6e-06
0.290 3.98e-06 1e-06
0.310 3.98e-06 0.0
0.330 3.98e-06 0.0
0.350 3.98e-06 0.0
0.370 3.98e-06 0.0
0.390 3.98e-06 0.0
0.410 3.98e-06 0.0
0.430 3.98e-06 0.0
0.450 3.98e-06 0.0
0.470 3.98e-06 0.0
0.490 3.98e-06 0.0
0.510 3.98e-06 0.0
0.530 3.98e-06 0.0
0.550 3.98e-06 0.0
0.570 3.98e-06 0.0
0.590 3.98e-06 0.0
0.610 3.98e-06 0.0
0.630 3.98e-06 0.0
0.650 3.98e-06 0.0
0.670 3.98e-06 0.0
0.690 3.98e-06 0.0
0.710 3.98e-06 0.0
0.730 3.98e-06 0.0
0.750 3.98e-06 0.0
0.770 3.98e-06 0.0
0.790 3.98e-06 0.0
0.810 3.98e-06 0.0
0.830 3.98e-06 0.0
0.850 3.98e-06 0.0
0.870 3.98e-06 0.0
0.890 3.98e-06 0.0
0.910 3.98e-06 0.0
0.930 3.98e-06 0.0
0.950 3.98e-06 0.0
0.970 3.98e-06 0.0
0.990 3.98e-06 0.0
1.010 3.98e-06 0.0
1.030 3.98e-06 0.0
1.050 3.98e-06 0.0
1.070 3.98e-06 0.0
1.090 3.98e-06 0.0
1.110 3.98e-06 0.0
1.130 3.98e-06 0.0
1.150 3.98e-06 0.0
1.170 3.98e-06 0.0
1.190 3.98e-06 0.0
1.210 3.98e-06 0.0
1.230 3.98e-06 0.0
1.250 3.98e-06 0.0
1.270 3.98e-06 0.0
1.290 3.98e-06 0.0
1.310 3.98e-06 0.0
1.330 3.98e-06 0.0
1.350 3.98e-06 0.0
1.370 3.98e-06 0.0
1.390 3.98e-06 0.0
1.410 3.98e-06 0.0
1.430 3.98e-06 0.0
1.450 3.98e-06 0.0
1.470 3.98e-06 0.0
1.490 3.98e-06 0.0
0.001 7.94e-06 0.000244
0.002 7.94e-06 0.00069
0.003 7.94e-06 0.001574
0.004 7.94e-06 0.002776
0.005 7.94e-06 0.004309
0.007 7.94e-06 0.008093
0.010 7.94e-06 0.015178
0.020 7.94e-06 0.039702
0.040 7.94e-06 0.036545
0.060 7.94e-06 0.015453
0.080 7.94e-06 0.00568
0.100 7.94e-06 0.001948
0.120 7.94e-06 0.000585
0.140 7.94e-06 0.000158
0.160 7.94e-06 3.5e-05
0.180 7.94e-06 6e-06
0.200 7.94e-06 1e-06
0.220 7.94e-06 0.0
0.250 7.94e-06 0.0
0.270 7.94e-06 0.0
0.290 7.94e-06 0.0
0.310 7.94e-06 0.0
0.330 7.94e-06 0.0
0.350 7.94e-06 0.0
0.370 7.94e-06 0.0
0.390 7.94e-06 0.0
0.410 7.94e-06 0.0
0.430 7.94e-06 0.0
0.450 7.94e-06 0.0
0.470 7.94e-06 0.0
0.490 7.94e-06 0.0
0.510 7.94e-06 0.0
0.530 7.94e-06 0.0
0.550 7.94e-06 0.0
0.570 7.94e-06 0.0
0.590 7.94e-06 0.0
0.610 7.94e-06 0.0
0.630 7.94e-06 0.0
0.650 7.94e-06 0.0
0.670 7.94e-06 0.0
0.690 7.94e-06 0.0
0.710 7.94e-06 0.0
0.730 7.94e-06 0.0
0.750 7.94e-06 0.0
0.770 7.94e-06 0.0
0.790 7.94e-06 0.0
0.810 7.94e-06 0.0
0.830 7.94e-06 0.0
0.850 7.94e-06 0.0
0.870 7.94e-06 0.0
0.890 7.94e-06 0.0
0.910 7.94e-06 0.0
0.930 7.94e-06 0.0
0.950 7.94e-06 0.0
0.970 7.94e-06 0.0
0.990 7.94e-06 0.0
1.010 7.94e-06 0.0
1.030 7.94e-06 0.0
1.050 7.94e-06 0.0
1.070 7.94e-06 0.0
1.090 7.94e-06 0.0
1.110 7.94e-06 0.0
1.130 7.94e-06 0.0
1.150 7.94e-06 0.0
1.170 7.94e-06 0.0
1.190 7.94e-06 0.0
1.210 7.94e-06 0.0
1.230 7.94e-06 0.0
1.250 7.94e-06 0.0
1.270 7.94e-06 0.0
1.290 7.94e-06 0.0
1.310 7.94e-06 0.0
1.330 7.94e-06 0.0
1.350 7.94e-06 0.0
1.370 7.94e-06 0.0
1.390 7.94e-06 0.0
1.410 7.94e-06 0.0
1.430 7.94e-06 0.0
1.450 7.94e-06 0.0
1.470 7.94e-06 0.0
1.490 7.94e-06 0.0
0.001 1.58e-05 0.000964
0.002 1.58e-05 0.0027
0.003 1.58e-05 0.006019
0.004 1.58e-05 0.010292
0.005 1.58e-05 0.01534
0.007 1.58e-05 0.025965
0.010 1.58e-05 0.039489
0.020 1.58e-05 0.036808
0.040 1.58e-05 0.005774
0.060 1.58e-05 0.000573
0.080 1.58e-05 3.1e-05
0.100 1.58e-05 1e-06
0.120 1.58e-05 0.0
0.140 1.58e-05 0.0
0.160 1.58e-05 0.0
0.180 1.58e-05 0.0
0.200 1.58e-05 0.0
0.220 1.58e-05 0.0
0.250 1.58e-05 0.0
0.270 1.58e-05 0.0
0.290 1.58e-05 0.0
0.310 1.58e-05 0.0
0.330 1.58e-05 0.0
0.350 1.58e-05 0.0
0.370 1.58e-05 0.0
0.390 1.58e-05 0.0
0.410 1.58e-05 0.0
0.430 1.58e-05 0.0
0.450 1.58e-05 0.0
0.470 1.58e-05 0.0
0.490 1.58e-05 0.0
0.510 1.58e-05 0.0
0.530 1.58e-05 0.0
0.550 1.58e-05 0.0
0.570 1.58e-05 0.0
0.590 1.58e-05 0.0
0.610 1.58e-05 0.0
0.630 1.58e-05 0.0
0.650 1.58e-05 0.0
0.670 1.58e-05 0.0
0.690 1.58e-05 0.0
0.710 1.58e-05 0.0
0.730 1.58e-05 0.0
0.750 1.58e-05 0.0
0.770 1.58e-05 0.0
0.790 1.58e-05 0.0
0.810 1.58e-05 0.0
0.830 1.58e-05 0.0
0.850 1.58e-05 0.0
0.870 1.58e-05 0.0
0.890 1.58e-05 0.0
0.910 1.58e-05 0.0
0.930 1.58e-05 0.0
0.950 1.58e-05 0.0
0.970 1.58e-05 0.0
0.990 1.58e-05 0.0
1.010 1.58e-05 0.0
1.030 1.58e-05 0.0
1.050 1.58e-05 0.0
1.070 1.58e-05 0.0
1.090 1.58e-05 0.0
1.110 1.58e-05 0.0
1.130 1.58e-05 0.0
1.150 1.58e-05 0.0
1.170 1.58e-05 0.0
1.190 1.58e-05 0.0
1.210 1.58e-05 0.0
1.230 1.58e-05 0.0
1.250 1.58e-05 0.0
1.270 1.58e-05 0.0
1.290 1.58e-05 0.0
1.310 1.58e-05 0.0
1.330 1.58e-05 0.0
1.350 1.58e-05 0.0
1.370 1.58e-05 0.0
1.390 1.58e-05 0.0
1.410 1.58e-05 0.0
1.430 1.58e-05 0.0
1.450 1.58e-05 0.0
1.470 1.58e-05 0.0
1.490 1.58e-05 0.0
0.001 3.16e-05 0.003744
0.002 3.16e-05 0.01003
0.003 3.16e-05 0.020466
0.004 3.16e-05 0.031029
0.005 3.16e-05 0.039724
0.007 3.16e-05 0.046491
0.010 3.16e-05 0.037115
0.020 3.16e-05 0.005751
0.040 3.16e-05 3.5e-05
0.060 3.16e-05 0.0
0.080 3.16e-05 0.0
0.100 3.16e-05 0.0
0.120 3.16e-05 0.0
0.140 3.16e-05 0.0
0.160 3.16e-05 0.0
0.180 3.16e-05 0.0
0.200 3.16e-05 0.0
0.220 3.16e-05 0.0
0.250 3.16e-05 0.0
0.270 3.16e-05 0.0
0.290 3.16e-05 0.0
0.310 3.16e-05 0.0
0.330 3.16e-05 0.0
0.350 3.16e-05 0.0
0.370 3.16e-05 0.0
0.390 3.16e-05 0.0
0.410 3.16e-05 0.0
0.430 3.16e-05 0.0
0.450 3.16e-05 0.0
0.470 3.16e-05 0.0
0.490 3.16e-05 0.0
0.510 3.16e-05 0.0
0.530 3.16e-05 0.0
0.550 3.16e-05 0.0
0.570 3.16e-05 0.0
0.590 3.16e-05 0.0
0.610 3.16e-05 0.0
0.630 3.16e-05 0.0
0.650 3.16e-05 0.0
0.670 3.16e-05 0.0
0.690 3.16e-05 0.0
0.710 3.16e-05 0.0
0.730 3.16e-05 0.0
0.750 3.16e-05 0.0
0.770 3.16e-05 0.0
0.790 3.16e-05 0.0
0.810 3.16e-05 0.0
0.830 3.16e-05 0.0
0.850 3.16e-05 0.0
0.870 3.16e-05 0.0
0.890 3.16e-05 0.0
0.910 3.16e-05 0.0
0.930 3.16e-05 0.0
0.950 3.16e-05 0.0
0.970 3.16e-05 0.0
0.990 3.16e-05 0.0
1.010 3.16e-05 0.0
1.030 3.16e-05 0.0
1.050 3.16e-05 0.0
1.070 3.16e-05 0.0
1.090 3.16e-05 0.0
1.110 3.16e-05 0.0
1.130 3.16e-05 0.0
1.150 3.16e-05 0.0
1.170 3.16e-05 0.0
1.190 3.16e-05 0.0
1.210 3.16e-05 0.0
1.230 3.16e-05 0.0
1.250 3.16e-05 0.0
1.270 3.16e-05 0.0
1.290 3.16e-05 0.0
1.310 3.16e-05 0.0
1.330 3.16e-05 0.0
1.350 3.16e-05 0.0
1.370 3.16e-05 0.0
1.390 3.16e-05 0.0
1.410 3.16e-05 0.0
1.430 3.16e-05 0.0
1.450 3.16e-05 0.0
1.470 3.16e-05 0.0
1.490 3.16e-05 0.0
0.001 6.31e-05 0.013534
0.002 6.31e-05 0.030466
0.003 6.31e-05 0.044877
0.004 6.31e-05 0.045227
0.005 6.31e-05 0.036699
0.007 6.31e-05 0.018763
0.010 6.31e-05 0.005866
0.020 6.31e-05 3.5e-05
0.040 6.31e-05 0.0
0.060 6.31e-05 0.0
0.080 6.31e-05 0.0
0.100 6.31e-05 0.0
0.120 6.31e-05 0.0
0.140 6.31e-05 0.0
0.160 6.31e-05 0.0
0.180 6.31e-05 0.0
0.200 6.31e-05 0.0
0.220 6.31e-05 0.0
0.250 6.31e-05 0.0
0.270 6.31e-05 0.0
0.290 6.31e-05 0.0
0.310 6.31e-05 0.0
0.330 6.31e-05 0.0
0.350 6.31e-05 0.0
0.370 6.31e-05 0.0
0.390 6.31e-05 0.0
0.410 6.31e-05 0.0
0.430 6.31e-05 0.0
0.450 6.31e-05 0.0
0.470 6.31e-05 0.0
0.490 6.31e-05 0.0
0.510 6.31e-05 0.0
0.530 6.31e-05 0.0
0.550 6.31e-05 0.0
0.570 6.31e-05 0.0
0.590 6.31e-05 0.0
0.610 6.31e-05 0.0
0.630 6.31e-05 0.0
0.650 6.31e-05 0.0
0.670 6.31e-05 0.0
0.690 6.31e-05 0.0
0.710 6.31e-05 0.0
0.730 6.31e-05 0.0
0.750 6.31e-05 0.0
0.770 6.31e-05 0.0
0.790 6.31e-05 0.0
0.810 6.31e-05 0.0
0.830 6.31e-05 0.0
0.850 6.31e-05 0.0
0.870 6.31e-05 0.0
0.890 6.31e-05 0.0
0.910 6.31e-05 0.0
0.930 6.31e-05 0.0
0.950 6.31e-05 0.0
0.970 6.31e-05 0.0
0.990 6.31e-05 0.0
1.010 6.31e-05 0.0
1.030 6.31e-05 0.0
1.050 6.31e-05 0.0
1.070 6.31e-05 0.0
1.090 6.31e-05 0.0
1.110 6.31e-05 0.0
1.130 6.31e-05 0.0
1.150 6.31e-05 0.0
1.170 6.31e-05 0.0
1.190 6.31e-05 0.0
1.210 6.31e-05 0.0
1.230 6.31e-05 0.0
1.250 6.31e-05 0.0
1.270 6.31e-05 0.0
1.290 6.31e-05 0.0
1.310 6.31e-05 0.0
1.330 6.31e-05 0.0
1.350 6.31e-05 0.0
1.370 6.31e-05 0.0
1.390 6.31e-05 0.0
1.410 6.31e-05 0.0
1.430 6.31e-05 0.0
1.450 6.31e-05 0.0
1.470 6.31e-05 0.0
1.490 6.31e-05 0.0
0.001 1.26e-04 0.03709
0.002 1.26e-04 0.045474
0.003 1.26e-04 0.027171
0.004 1.26e-04 0.012843
0.005 1.26e-04 0.005813
0.007 1.26e-04 0.001052
0.010 1.26e-04 3.6e-05
0.020 1.26e-04 0.0
0.040 1.26e-04 0.0
0.060 1.26e-04 0.0
0.080 1.26e-04 0.0
0.100 1.26e-04 0.0
0.120 1.26e-04 0.0
0.140 1.26e-04 0.0
0.160 1.26e-04 0.0
0.180 1.26e-04 0.0
0.200 1.26e-04 0.0
0.220 1.26e-04 0.0
0.250 1.26e-04 0.0
0.270 1.26e-04 0.0
0.290 1.26e-04 0.0
0.310 1.26e-04 0.0
0.330 1.26e-04 0.0
0.350 1.26e-04 0.0
0.370 1.26e-04 0.0
0.390 1.26e-04 0.0
0.410 1.26e-04 0.0
0.430 1.26e-04 0.0
0.450 1.26e-04 0.0
0.470 1.26e-04 0.0
0.490 1.26e-04 0.0
0.510 1.26e-04 0.0
0.530 1.26e-04 0.0
0.550 1.26e-04 0.0
0.570 1.26e-04 0.0
0.590 1.26e-04 0.0
0.610 1.26e-04 0.0
0.630 1.26e-04 0.0
0.650 1.26e-04 0.0
0.670 1.26e-04 0.0
0.690 1.26e-04 0.0
0.710 1.26e-04 0.0
0.730 1.26e-04 0.0
0.750 1.26e-04 0.0
0.770 1.26e-04 0.0
0.790 1.26e-04 0.0
0.810 1.26e-04 0.0
0.830 1.26e-04 0.0
0.850 1.26e-04 0.0
0.870 1.26e-04 0.0
0.890 1.26e-04 0.0
0.910 1.26e-04 0.0
0.930 1.26e-04 0.0
0.950 1.26e-04 0.0
0.970 1.26e-04 0.0
0.990 1.26e-04 0.0
1.010 1.26e-04 0.0
1.030 1.26e-04 0.0
1.050 1.26e-04 0.0
1.070 1.26e-04 0.0
1.090 1.26e-04 0.0
1.110 1.26e-04 0.0
1.130 1.26e-04 0.0
1.150 1.26e-04 0.0
1.170 1.26e-04 0.0
1.190 1.26e-04 0.0
1.210 1.26e-04 0.0
1.230 1.26e-04 0.0
1.250 1.26e-04 0.0
1.270 1.26e-04 0.0
1.290 1.26e-04 0.0
1.310 1.26e-04 0.0
1.330 1.26e-04 0.0
1.350 1.26e-04 0.0
1.370 1.26e-04 0.0
1.390 1.26e-04 0.0
1.410 1.26e-04 0.0
1.430 1.26e-04 0.0
1.450 1.26e-04 0.0
1.470 1.26e-04 0.0
1.490 1.26e-04 0.0
0.001 2.51e-04 0.040242
0.002 2.51e-04 0.013434
0.003 2.51e-04 0.002507
0.004 2.51e-04 0.000362
0.005 2.51e-04 3.8e-05
0.007 2.51e-04 0.0
0.010 2.51e-04 0.0
0.020 2.51e-04 0.0
0.040 2.51e-04 0.0
0.060 2.51e-04 0.0
0.080 2.51e-04 0.0
0.100 2.51e-04 0.0
0.120 2.51e-04 0.0
0.140 2.51e-04 0.0
0.160 2.51e-04 0.0
0.180 2.51e-04 0.0
0.200 2.51e-04 0.0
0.220 2.51e-04 0.0
0.250 2.51e-04 0.0
0.270 2.51e-04 0.0
0.290 2.51e-04 0.0
0.310 2.51e-04 0.0
0.330 2.51e-04 0.0
0.350 2.51e-04 0.0
0.370 2.51e-04 0.0
0.390 2.51e-04 0.0
0.410 2.51e-04 0.0
0.430 2.51e-04 0.0
0.450 2.51e-04 0.0
0.470 2.51e-04 0.0
0.490 2.51e-04 0.0
0.510 2.51e-04 0.0
0.530 2.51e-04 0.0
0.550 2.51e-04 0.0
0.570 2.51e-04 0.0
0.590 2.51e-04 0.0
0.610 2.51e-04 0.0
0.630 2.51e-04 0.0
0.650 2.51e-04 0.0
0.670 2.51e-04 0.0
0.690 2.51e-04 0.0
0.710 2.51e-04 0.0
0.730 2.51e-04 0.0
0.750 2.51e-04 0.0
0.770 2.51e-04 0.0
0.790 2.51e-04 0.0
0.810 2.51e-04 0.0
0.830 2.51e-04 0.0
0.850 2.51e-04 0.0
0.870 2.51e-04 0.0
0.890 2.51e-04 0.0
0.910 2.51e-04 0.0
0.930 2.51e-04 0.0
0.950 2.51e-04 0.0
0.970 2.51e-04 0.0
0.990 2.51e-04 0.0
1.010 2.51e-04 0.0
1.030 2.51e-04 0.0
1.050 2.51e-04 0.0
1.070 2.51e-04 0.0
1.090 2.51e-04 0.0
1.110 2.51e-04 0.0
1.130 2.51e-04 0.0
1.150 2.51e-04 0.0
1.170 2.51e-04 0.0
1.190 2.51e-04 0.0
1.210 2.51e-04 0.0
1.230 2.51e-04 0.0
1.250 2.51e-04 0.0
1.270 2.51e-04 0.0
1.290 2.51e-04 0.0
1.310 2.51e-04 0.0
1.330 2.51e-04 0.0
1.350 2.51e-04 0.0
1.370 2.51e-04 0.0
1.390 2.51e-04 0.0
1.410 2.51e-04 0.0
1.430 2.51e-04 0.0
1.450 2.51e-04 0.0
1.470 2.51e-04 0.0
1.490 2.51e-04 0.0
0.001 5.01e-04 0.007536
0.002 5.01e-04 0.000429
0.003 5.01e-04 2e-06
0.004 5.01e-04 0.0
0.005 5.01e-04 0.0
0.007 5.01e-04 0.0
0.010 5.01e-04 0.0
0.020 5.01e-04 0.0
0.040 5.01e-04 0.0
0.060 5.01e-04 0.0
0.080 5.01e-04 0.0
0.100 5.01e-04 0.0
0.120 5.01e-04 0.0
0.140 5.01e-04 0.0
0.160 5.01e-04 0.0
0.180 5.01e-04 0.0
0.200 5.01e-04 0.0
0.220 5.01e-04 0.0
0.250 5.01e-04 0.0
0.270 5.01e-04 0.0
0.290 5.01e-04 0.0
0.310 5.01e-04 0.0
0.330 5.01e-04 0.0
0.350 5.01e-04 0.0
0.370 5.01e-04 0.0
0.390 5.01e-04 0.0
0.410 5.01e-04 0.0
0.430 5.01e-04 0.0
0.450 5.01e-04 0.0
0.470 5.01e-04 0.0
0.490 5.01e-04 0.0
0.510 5.01e-04 0.0
0.530 5.01e-04 0.0
0.550 5.01e-04 0.0
0.570 5.01e-04 0.0
0.590 5.01e-04 0.0
0.610 5.01e-04 0.0
0.630 5.01e-04 0.0
0.650 5.01e-04 0.0
0.670 5.01e-04 0.0
0.690 5.01e-04 0.0
0.710 5.01e-04 0.0
0.730 5.01e-04 0.0
0.750 5.01e-04 0.0
0.770 5.01e-04 0.0
0.790 5.01e-04 0.0
0.810 5.01e-04 0.0
0.830 5.01e-04 0.0
0.850 5.01e-04 0.0
0.870 5.01e-04 0.0
0.890 5.01e-04 0.0
0.910 5.01e-04 0.0
0.930 5.01e-04 0.0
0.950 5.01e-04 0.0
0.970 5.01e-04 0.0
0.990 5.01e-04 0.0
1.010 5.01e-04 0.0
1.030 5.01e-04 0.0
1.050 5.01e-04 0.0
1.070 5.01e-04 0.0
1.090 5.01e-04 0.0
1.110 5.01e-04 0.0
1.130 5.01e-04 0.0
1.150 5.01e-04 0.0
1.170 5.01e-04 0.0
1.190 5.01e-04 0.0
1.210 5.01e-04 0.0
1.230 5.01e-04 0.0
1.250 5.01e-04 0.0
1.270 5.01e-04 0.0
1.290 5.01e-04 0.0
1.310 5.01e-04 0.0
1.330 5.01e-04 0.0
1.350 5.01e-04 0.0
1.370 5.01e-04 0.0
1.390 5.01e-04 0.0
1.410 5.01e-04 0.0
1.430 5.01e-04 0.0
1.450 5.01e-04 0.0
1.470 5.01e-04 0.0
1.490 5.01e-04 0.0
0.001 1.00e-03 7.9e-05
0.002 1.00e-03 0.0
0.003 1.00e-03 0.0
0.004 1.00e-03 0.0
0.005 1.00e-03 0.0
0.007 1.00e-03 0.0
0.010 1.00e-03 0.0
0.020 1.00e-03 0.0
0.040 1.00e-03 0.0
0.060 1.00e-03 0.0
0.080 1.00e-03 0.0
0.100 1.00e-03 0.0
0.120 1.00e-03 0.0
0.140 1.00e-03 0.0
0.160 1.00e-03 0.0
0.180 1.00e-03 0.0
0.200 1.00e-03 0.0
0.220 1.00e-03 0.0
0.250 1.00e-03 0.0
0.270 1.00e-03 0.0
0.290 1.00e-03 0.0
0.310 1.00e-03 0.0
0.330 1.00e-03 0.0
0.350 1.00e-03 0.0
0.370 1.00e-03 0.0
0.390 1.00e-03 0.0
0.410 1.00e-03 0.0
0.430 1.00e-03 0.0
0.450 1.00e-03 0.0
0.470 1.00e-03 0.0
0.490 1.00e-03 0.0
0.510 1.00e-03 0.0
0.530 1.00e-03 0.0
0.550 1.00e-03 0.0
0.570 1.00e-03 0.0
0.590 1.00e-03 0.0
0.610 1.00e-03 0.0
0.630 1.00e-03 0.0
0.650 1.00e-03 0.0
0.670 1.00e-03 0.0
0.690 1.00e-03 0.0
0.710 1.00e-03 0.0
0.730 1.00e-03 0.0
0.750 1.00e-03 0.0
0.770 1.00e-03 0.0
0.790 1.00e-03 0.0
0.810 1.00e-03 0.0
0.830 1.00e-03 0.0
0.850 1.00e-03 0.0
0.870 1.00e-03 0.0
0.890 1.00e-03 0.0
0.910 1.00e-03 0.0
0.930 1.00e-03 0.0
0.950 1.00e-03 0.0
0.970 1.00e-03 0.0
0.990 1.00e-03 0.0
1.010 1.00e-03 0.0
1.030 1.00e-03 0.0
1.050 1.00e-03 0.0
1.070 1.00e-03 0.0
1.090 1.00e-03 0.0
1.110 1.00e-03 0.0
1.130 1.00e-03 0.0
1.150 1.00e-03 0.0
1.170 1.00e-03 0.0
1.190 1.00e-03 0.0
1.210 1.00e-03 0.0
1.230 1.00e-03 0.0
1.250 1.00e-03 0.0
1.270 1.00e-03 0.0
1.290 1.00e-03 0.0
1.310 1.00e-03 0.0
1.330 1.00e-03 0.0
1.350 1.00e-03 0.0
1.370 1.00e-03 0.0
1.390 1.00e-03 0.0
1.410 1.00e-03 0.0
1.430 1.00e-03 0.0
1.450 1.00e-03 0.0
1.470 1.00e-03 0.0
1.490 1.00e-03 0.0
