0.001 1.00e-09 0.0
0.002 1.00e-09 0.0
0.003 1.00e-09 0.0
0.004 1.00e-09 0.0
0.005 1.00e-09 0.0
0.007 1.00e-09 0.0
0.010 1.00e-09 0.0
0.020 1.00e-09 0.0
0.040 1.00e-09 0.0
0.060 1.00e-09 0.0
0.080 1.00e-09 0.0
0.100 1.00e-09 1e-06
0.120 1.00e-09 1e-06
0.140 1.00e-09 1e-06
0.160 1.00e-09 1e-06
0.180 1.00e-09 1e-06
0.200 1.00e-09 2e-06
0.220 1.00e-09 3e-06
0.250 1.00e-09 4e-06
0.270 1.00e-09 4e-06
0.290 1.00e-09 5e-06
0.310 1.00e-09 5e-06
0.330 1.00e-09 6e-06
0.350 1.00e-09 7e-06
0.370 1.00e-09 7e-06
0.390 1.00e-09 8e-06
0.410 1.00e-09 9e-06
0.430 1.00e-09 9e-06
0.450 1.00e-09 1e-05
0.470 1.00e-09 1.1e-05
0.490 1.00e-09 1.2e-05
0.510 1.00e-09 1.3e-05
0.530 1.00e-09 1.4e-05
0.001 2.00e-09 0.0
0.002 2.00e-09 0.0
0.003 2.00e-09 0.0
0.004 2.00e-09 0.0
0.005 2.00e-09 0.0
0.007 2.00e-09 0.0
0.010 2.00e-09 0.0
0.020 2.00e-09 0.0
0.040 2.00e-09 0.0
0.060 2.00e-09 1e-06
0.080 2.00e-09 1e-06
0.100 2.00e-09 2e-06
0.120 2.00e-09 3e-06
0.140 2.00e-09 4e-06
0.160 2.00e-09 4e-06
0.180 2.00e-09 5e-06
0.200 2.00e-09 6e-06
0.220 2.00e-09 1e-05
0.250 2.00e-09 1.5e-05
0.270 2.00e-09 1.7e-05
0.290 2.00e-09 2.1e-05
0.310 2.00e-09 2.2e-05
0.330 2.00e-09 2.4e-05
0.350 2.00e-09 2.6e-05
0.370 2.00e-09 2.9e-05
0.390 2.00e-09 3.2e-05
0.410 2.00e-09 3.4e-05
0.430 2.00e-09 3.7e-05
0.450 2.00e-09 4e-05
0.470 2.00e-09 4.3e-05
0.490 2.00e-09 4.7e-05
0.510 2.00e-09 5e-05
0.530 2.00e-09 5.4e-05
0.001 4.00e-09 0.0
0.002 4.00e-09 0.0
0.003 4.00e-09 0.0
0.004 4.00e-09 0.0
0.005 4.00e-09 0.0
0.007 4.00e-09 0.0
0.010 4.00e-09 0.0
0.020 4.00e-09 0.0
0.040 4.00e-09 2e-06
0.060 4.00e-09 4e-06
0.080 4.00e-09 6e-06
0.100 4.00e-09 9e-06
0.120 4.00e-09 1.1e-05
0.140 4.00e-09 1.4e-05
0.160 4.00e-09 1.8e-05
0.180 4.00e-09 2.1e-05
0.200 4.00e-09 2.5e-05
0.220 4.00e-09 4e-05
0.250 4.00e-09 5.8e-05
0.270 4.00e-09 6.8e-05
0.290 4.00e-09 8.3e-05
0.310 4.00e-09 8.6e-05
0.330 4.00e-09 9.6e-05
0.350 4.00e-09 0.000105
0.370 4.00e-09 0.000116
0.390 4.00e-09 0.000125
0.410 4.00e-09 0.000137
0.430 4.00e-09 0.000148
0.450 4.00e-09 0.000159
0.470 4.00e-09 0.000171
0.490 4.00e-09 0.000185
0.510 4.00e-09 0.000198
0.530 4.00e-09 0.000215
0.001 8.00e-09 0.0
0.002 8.00e-09 0.0
0.003 8.00e-09 0.0
0.004 8.00e-09 0.0
0.005 8.00e-09 0.0
0.007 8.00e-09 0.0
0.010 8.00e-09 0.0
0.020 8.00e-09 2e-06
0.040 8.00e-09 7e-06
0.060 8.00e-09 1.4e-05
0.080 8.00e-09 2.3e-05
0.100 8.00e-09 3.4e-05
0.120 8.00e-09 4.5e-05
0.140 8.00e-09 5.8e-05
0.160 8.00e-09 7.1e-05
0.180 8.00e-09 8.5e-05
0.200 8.00e-09 9.8e-05
0.220 8.00e-09 0.000159
0.250 8.00e-09 0.000231
0.270 8.00e-09 0.000271
0.290 8.00e-09 0.000328
0.310 8.00e-09 0.000343
0.330 8.00e-09 0.000379
0.350 8.00e-09 0.000417
0.370 8.00e-09 0.000458
0.390 8.00e-09 0.000497
0.410 8.00e-09 0.000541
0.430 8.00e-09 0.000584
0.450 8.00e-09 0.000629
0.470 8.00e-09 0.000675
0.490 8.00e-09 0.00073
0.510 8.00e-09 0.000781
0.530 8.00e-09 0.000848
0.001 1.60e-08 0.0
0.002 1.60e-08 0.0
0.003 1.60e-08 0.0
0.004 1.60e-08 0.0
0.005 1.60e-08 0.0
0.007 1.60e-08 1e-06
0.010 1.60e-08 2e-06
0.020 1.60e-08 7e-06
0.040 1.60e-08 2.7e-05
0.060 1.60e-08 5.7e-05
0.080 1.60e-08 9.1e-05
0.100 1.60e-08 0.000135
0.120 1.60e-08 0.00018
0.140 1.60e-08 0.000228
0.160 1.60e-08 0.000282
0.180 1.60e-08 0.000337
0.200 1.60e-08 0.000387
0.220 1.60e-08 0.000629
0.250 1.60e-08 0.000911
0.270 1.60e-08 0.001063
0.290 1.60e-08 0.001287
0.310 1.60e-08 0.001341
0.330 1.60e-08 0.001481
0.350 1.60e-08 0.001628
0.370 1.60e-08 0.001783
0.390 1.60e-08 0.001931
0.410 1.60e-08 0.002099
0.430 1.60e-08 0.002262
0.450 1.60e-08 0.00243
0.470 1.60e-08 0.002604
0.490 1.60e-08 0.002808
0.510 1.60e-08 0.002998
0.530 1.60e-08 0.003245
0.001 3.20e-08 0.0
0.002 3.20e-08 0.0
0.003 3.20e-08 1e-06
0.004 3.20e-08 1e-06
0.005 3.20e-08 2e-06
0.007 3.20e-08 4e-06
0.010 3.20e-08 8e-06
0.020 3.20e-08 2.8e-05
0.040 3.20e-08 0.000107
0.060 3.20e-08 0.000226
0.080 3.20e-08 0.000359
0.100 3.20e-08 0.000532
0.120 3.20e-08 0.00071
0.140 3.20e-08 0.000897
0.160 3.20e-08 0.001106
0.180 3.20e-08 0.001316
0.200 3.20e-08 0.001509
0.220 3.20e-08 0.002424
0.250 3.20e-08 0.003465
0.270 3.20e-08 0.004013
0.290 3.20e-08 0.004811
0.310 3.20e-08 0.005003
0.330 3.20e-08 0.00549
0.350 3.20e-08 0.005996
0.370 3.20e-08 0.006521
0.390 3.20e-08 0.007015
0.410 3.20e-08 0.007571
0.430 3.20e-08 0.008097
0.450 3.20e-08 0.008632
0.470 3.20e-08 0.009179
0.490 3.20e-08 0.009806
0.510 3.20e-08 0.01038
0.530 3.20e-08 0.011111
0.001 6.30e-08 0.0
0.002 6.30e-08 1e-06
0.003 6.30e-08 3e-06
0.004 6.30e-08 5e-06
0.005 6.30e-08 8e-06
0.007 6.30e-08 1.5e-05
0.010 6.30e-08 3e-05
0.020 6.30e-08 0.00011
0.040 6.30e-08 0.000423
0.060 6.30e-08 0.000884
0.080 6.30e-08 0.001396
0.100 6.30e-08 0.002047
0.120 6.30e-08 0.00271
0.140 6.30e-08 0.003393
0.160 6.30e-08 0.004143
0.180 6.30e-08 0.004884
0.200 6.30e-08 0.00555
0.220 6.30e-08 0.008528
0.250 6.30e-08 0.011621
0.270 6.30e-08 0.01312
0.290 6.30e-08 0.015215
0.310 6.30e-08 0.015681
0.330 6.30e-08 0.016859
0.350 6.30e-08 0.018036
0.370 6.30e-08 0.019171
0.390 6.30e-08 0.020194
0.410 6.30e-08 0.021302
0.430 6.30e-08 0.022254
0.450 6.30e-08 0.023206
0.470 6.30e-08 0.024122
0.490 6.30e-08 0.025087
0.510 6.30e-08 0.025927
0.530 6.30e-08 0.026908
0.001 1.26e-07 2e-06
0.002 1.26e-07 5e-06
0.003 1.26e-07 1.1e-05
0.004 1.26e-07 1.9e-05
0.005 1.26e-07 3e-05
0.007 1.26e-07 5.9e-05
0.010 1.26e-07 0.000118
0.020 1.26e-07 0.000434
0.040 1.26e-07 0.001626
0.060 1.26e-07 0.003291
0.080 1.26e-07 0.00507
0.100 1.26e-07 0.007171
0.120 1.26e-07 0.009201
0.140 1.26e-07 0.011204
0.160 1.26e-07 0.013188
0.180 1.26e-07 0.015105
0.200 1.26e-07 0.016668
0.220 1.26e-07 0.02238
0.250 1.26e-07 0.026814
0.270 1.26e-07 0.028473
0.290 1.26e-07 0.030536
0.310 1.26e-07 0.030911
0.330 1.26e-07 0.031854
0.350 1.26e-07 0.032609
0.370 1.26e-07 0.033213
0.390 1.26e-07 0.033712
0.410 1.26e-07 0.034098
0.430 1.26e-07 0.034315
0.450 1.26e-07 0.034512
0.470 1.26e-07 0.03463
0.490 1.26e-07 0.034649
0.510 1.26e-07 0.034607
0.530 1.26e-07 0.034456
0.001 2.51e-07 6e-06
0.002 2.51e-07 1.9e-05
0.003 2.51e-07 4.4e-05
0.004 2.51e-07 7.4e-05
0.005 2.51e-07 0.000118
0.007 2.51e-07 0.000233
0.010 2.51e-07 0.000463
0.020 2.51e-07 0.001649
0.040 2.51e-07 0.005683
0.060 2.51e-07 0.010377
0.080 2.51e-07 0.014818
0.100 2.51e-07 0.018925
0.120 2.51e-07 0.022367
0.140 2.51e-07 0.025278
0.160 2.51e-07 0.027395
0.180 2.51e-07 0.029398
0.200 2.51e-07 0.030698
0.220 2.51e-07 0.033143
0.250 2.51e-07 0.033232
0.270 2.51e-07 0.03291
0.290 2.51e-07 0.031978
0.310 2.51e-07 0.031732
0.330 2.51e-07 0.031106
0.350 2.51e-07 0.030222
0.370 2.51e-07 0.029409
0.390 2.51e-07 0.028536
0.410 2.51e-07 0.027496
0.430 2.51e-07 0.026647
0.450 2.51e-07 0.025709
0.470 2.51e-07 0.02478
0.490 2.51e-07 0.023759
0.510 2.51e-07 0.022804
0.530 2.51e-07 0.021643
0.001 5.01e-07 2.5e-05
0.002 5.01e-07 7.7e-05
0.003 5.01e-07 0.000175
0.004 5.01e-07 0.000292
0.005 5.01e-07 0.000463
0.007 5.01e-07 0.000899
0.010 5.01e-07 0.001739
0.020 5.01e-07 0.005621
0.040 5.01e-07 0.015358
0.060 5.01e-07 0.022604
0.080 5.01e-07 0.027686
0.100 5.01e-07 0.03032
0.120 5.01e-07 0.031847
0.140 5.01e-07 0.032189
0.160 5.01e-07 0.032019
0.180 5.01e-07 0.031254
0.200 5.01e-07 0.030458
0.220 5.01e-07 0.026045
0.250 5.01e-07 0.021374
0.270 5.01e-07 0.019244
0.290 5.01e-07 0.016273
0.310 5.01e-07 0.015748
0.330 5.01e-07 0.014194
0.350 5.01e-07 0.012753
0.370 5.01e-07 0.011465
0.390 5.01e-07 0.010364
0.410 5.01e-07 0.009345
0.430 5.01e-07 0.008411
0.450 5.01e-07 0.007579
0.470 5.01e-07 0.006792
0.490 5.01e-07 0.006007
0.510 5.01e-07 0.005399
0.530 5.01e-07 0.004721
0.001 1.00e-06 0.0001
0.002 1.00e-06 0.0003
0.003 1.00e-06 0.000679
0.004 1.00e-06 0.00112
0.005 1.00e-06 0.001723
0.007 1.00e-06 0.003201
0.010 1.00e-06 0.005764
0.020 1.00e-06 0.015043
0.040 1.00e-06 0.027234
0.060 1.00e-06 0.030742
0.080 1.00e-06 0.030349
0.100 1.00e-06 0.028264
0.120 1.00e-06 0.025405
0.140 1.00e-06 0.022452
0.160 1.00e-06 0.019908
0.180 1.00e-06 0.017264
0.200 1.00e-06 0.015212
0.220 1.00e-06 0.00911
0.250 1.00e-06 0.005342
0.270 1.00e-06 0.00401
0.290 1.00e-06 0.002751
0.310 1.00e-06 0.002424
0.330 1.00e-06 0.001827
0.350 1.00e-06 0.001518
0.370 1.00e-06 0.001149
0.390 1.00e-06 0.000899
0.410 1.00e-06 0.000688
0.430 1.00e-06 0.000559
0.450 1.00e-06 0.000413
0.470 1.00e-06 0.000323
0.490 1.00e-06 0.000244
0.510 1.00e-06 0.000187
0.530 1.00e-06 0.000135
0.001 1.99e-06 0.000393
0.002 1.99e-06 0.001129
0.003 1.99e-06 0.002469
0.004 1.99e-06 0.003942
0.005 1.99e-06 0.005683
0.007 1.99e-06 0.009542
0.010 1.99e-06 0.015008
0.020 1.99e-06 0.027125
0.040 1.99e-06 0.029948
0.060 1.99e-06 0.024493
0.080 1.99e-06 0.018538
0.100 1.99e-06 0.01363
0.120 1.99e-06 0.009705
0.140 1.99e-06 0.007055
0.160 1.99e-06 0.004926
0.180 1.99e-06 0.00353
0.200 1.99e-06 0.002659
0.220 1.99e-06 0.000859
0.250 1.99e-06 0.000274
0.270 1.99e-06 0.000148
0.290 1.99e-06 5.9e-05
0.310 1.99e-06 4.1e-05
0.330 1.99e-06 2e-05
0.350 1.99e-06 1.5e-05
0.370 1.99e-06 5e-06
0.390 1.99e-06 2e-06
0.410 1.99e-06 1e-06
0.430 1.99e-06 1e-06
0.450 1.99e-06 0.0
0.470 1.99e-06 0.0
0.490 1.99e-06 0.0
0.510 1.99e-06 0.0
0.530 1.99e-06 0.0
0.001 3.98e-06 0.001488
0.002 3.98e-06 0.003879
0.003 3.98e-06 0.007694
0.004 3.98e-06 0.011383
0.005 3.98e-06 0.014816
0.007 3.98e-06 0.02094
0.010 3.98e-06 0.026866
0.020 3.98e-06 0.02984
0.040 3.98e-06 0.018056
0.060 3.98e-06 0.00956
0.080 3.98e-06 0.004716
0.100 3.98e-06 0.002232
0.120 3.98e-06 0.001151
0.140 3.98e-06 0.000568
0.160 3.98e-06 0.000276
0.180 3.98e-06 0.000146
0.200 3.98e-06 6.1e-05
0.220 3.98e-06 5e-06
0.250 3.98e-06 0.0
0.270 3.98e-06 0.0
0.290 3.98e-06 0.0
0.310 3.98e-06 0.0
0.330 3.98e-06 0.0
0.350 3.98e-06 0.0
0.370 3.98e-06 0.0
0.390 3.98e-06 0.0
0.410 3.98e-06 0.0
0.430 3.98e-06 0.0
0.450 3.98e-06 0.0
0.470 3.98e-06 0.0
0.490 3.98e-06 0.0
0.510 3.98e-06 0.0
0.530 3.98e-06 0.0
0.001 7.94e-06 0.005072
0.002 7.94e-06 0.011129
0.003 7.94e-06 0.018376
0.004 7.94e-06 0.023306
0.005 7.94e-06 0.026546
0.007 7.94e-06 0.030105
0.010 7.94e-06 0.029892
0.020 7.94e-06 0.018473
0.040 7.94e-06 0.004629
0.060 7.94e-06 0.001073
0.080 7.94e-06 0.000275
0.100 7.94e-06 4e-05
0.120 7.94e-06 1.2e-05
0.140 7.94e-06 2e-06
0.160 7.94e-06 0.0
0.180 7.94e-06 0.0
0.200 7.94e-06 0.0
0.220 7.94e-06 0.0
0.250 7.94e-06 0.0
0.270 7.94e-06 0.0
0.290 7.94e-06 0.0
0.310 7.94e-06 0.0
0.330 7.94e-06 0.0
0.350 7.94e-06 0.0
0.370 7.94e-06 0.0
0.390 7.94e-06 0.0
0.410 7.94e-06 0.0
0.430 7.94e-06 0.0
0.450 7.94e-06 0.0
0.470 7.94e-06 0.0
0.490 7.94e-06 0.0
0.510 7.94e-06 0.0
0.530 7.94e-06 0.0
0.001 1.58e-05 0.013748
0.002 1.58e-05 0.022907
0.003 1.58e-05 0.029087
0.004 1.58e-05 0.030674
0.005 1.58e-05 0.030159
0.007 1.58e-05 0.025778
0.010 1.58e-05 0.018475
0.020 1.58e-05 0.004756
0.040 1.58e-05 0.000242
0.060 1.58e-05 1.1e-05
0.080 1.58e-05 0.0
0.100 1.58e-05 0.0
0.120 1.58e-05 0.0
0.140 1.58e-05 0.0
0.160 1.58e-05 0.0
0.180 1.58e-05 0.0
0.200 1.58e-05 0.0
0.220 1.58e-05 0.0
0.250 1.58e-05 0.0
0.270 1.58e-05 0.0
0.290 1.58e-05 0.0
0.310 1.58e-05 0.0
0.330 1.58e-05 0.0
0.350 1.58e-05 0.0
0.370 1.58e-05 0.0
0.390 1.58e-05 0.0
0.410 1.58e-05 0.0
0.430 1.58e-05 0.0
0.450 1.58e-05 0.0
0.470 1.58e-05 0.0
0.490 1.58e-05 0.0
0.510 1.58e-05 0.0
0.530 1.58e-05 0.0
0.001 3.16e-05 0.025836
0.002 3.16e-05 0.030552
0.003 3.16e-05 0.027838
0.004 3.16e-05 0.023285
0.005 3.16e-05 0.018729
0.007 3.16e-05 0.011055
0.010 3.16e-05 0.004702
0.020 3.16e-05 0.000246
0.040 3.16e-05 0.0
0.060 3.16e-05 0.0
0.080 3.16e-05 0.0
0.100 3.16e-05 0.0
0.120 3.16e-05 0.0
0.140 3.16e-05 0.0
0.160 3.16e-05 0.0
0.180 3.16e-05 0.0
0.200 3.16e-05 0.0
0.220 3.16e-05 0.0
0.250 3.16e-05 0.0
0.270 3.16e-05 0.0
0.290 3.16e-05 0.0
0.310 3.16e-05 0.0
0.330 3.16e-05 0.0
0.350 3.16e-05 0.0
0.370 3.16e-05 0.0
0.390 3.16e-05 0.0
0.410 3.16e-05 0.0
0.430 3.16e-05 0.0
0.450 3.16e-05 0.0
0.470 3.16e-05 0.0
0.490 3.16e-05 0.0
0.510 3.16e-05 0.0
0.530 3.16e-05 0.0
0.001 6.31e-05 0.030174
0.002 6.31e-05 0.023731
0.003 6.31e-05 0.014217
0.004 6.31e-05 0.008378
0.005 6.31e-05 0.004806
0.007 6.31e-05 0.001488
0.010 6.31e-05 0.000269
0.020 6.31e-05 0.0
0.040 6.31e-05 0.0
0.060 6.31e-05 0.0
0.080 6.31e-05 0.0
0.100 6.31e-05 0.0
0.120 6.31e-05 0.0
0.140 6.31e-05 0.0
0.160 6.31e-05 0.0
0.180 6.31e-05 0.0
0.200 6.31e-05 0.0
0.220 6.31e-05 0.0
0.250 6.31e-05 0.0
0.270 6.31e-05 0.0
0.290 6.31e-05 0.0
0.310 6.31e-05 0.0
0.330 6.31e-05 0.0
0.350 6.31e-05 0.0
0.370 6.31e-05 0.0
0.390 6.31e-05 0.0
0.410 6.31e-05 0.0
0.430 6.31e-05 0.0
0.450 6.31e-05 0.0
0.470 6.31e-05 0.0
0.490 6.31e-05 0.0
0.510 6.31e-05 0.0
0.530 6.31e-05 0.0
0.001 1.26e-04 0.020246
0.002 1.26e-04 0.008642
0.003 1.26e-04 0.002662
0.004 1.26e-04 0.000863
0.005 1.26e-04 0.000255
0.007 1.26e-04 2.2e-05
0.010 1.26e-04 0.0
0.020 1.26e-04 0.0
0.040 1.26e-04 0.0
0.060 1.26e-04 0.0
0.080 1.26e-04 0.0
0.100 1.26e-04 0.0
0.120 1.26e-04 0.0
0.140 1.26e-04 0.0
0.160 1.26e-04 0.0
0.180 1.26e-04 0.0
0.200 1.26e-04 0.0
0.220 1.26e-04 0.0
0.250 1.26e-04 0.0
0.270 1.26e-04 0.0
0.290 1.26e-04 0.0
0.310 1.26e-04 0.0
0.330 1.26e-04 0.0
0.350 1.26e-04 0.0
0.370 1.26e-04 0.0
0.390 1.26e-04 0.0
0.410 1.26e-04 0.0
0.430 1.26e-04 0.0
0.450 1.26e-04 0.0
0.470 1.26e-04 0.0
0.490 1.26e-04 0.0
0.510 1.26e-04 0.0
0.530 1.26e-04 0.0
0.001 2.51e-04 0.005854
0.002 2.51e-04 0.000953
0.003 2.51e-04 8.5e-05
0.004 2.51e-04 5e-06
0.005 2.51e-04 0.0
0.007 2.51e-04 0.0
0.010 2.51e-04 0.0
0.020 2.51e-04 0.0
0.040 2.51e-04 0.0
0.060 2.51e-04 0.0
0.080 2.51e-04 0.0
0.100 2.51e-04 0.0
0.120 2.51e-04 0.0
0.140 2.51e-04 0.0
0.160 2.51e-04 0.0
0.180 2.51e-04 0.0
0.200 2.51e-04 0.0
0.220 2.51e-04 0.0
0.250 2.51e-04 0.0
0.270 2.51e-04 0.0
0.290 2.51e-04 0.0
0.310 2.51e-04 0.0
0.330 2.51e-04 0.0
0.350 2.51e-04 0.0
0.370 2.51e-04 0.0
0.390 2.51e-04 0.0
0.410 2.51e-04 0.0
0.430 2.51e-04 0.0
0.450 2.51e-04 0.0
0.470 2.51e-04 0.0
0.490 2.51e-04 0.0
0.510 2.51e-04 0.0
0.530 2.51e-04 0.0
0.001 5.01e-04 0.000388
0.002 5.01e-04 7e-06
0.003 5.01e-04 0.0
0.004 5.01e-04 0.0
0.005 5.01e-04 0.0
0.007 5.01e-04 0.0
0.010 5.01e-04 0.0
0.020 5.01e-04 0.0
0.040 5.01e-04 0.0
0.060 5.01e-04 0.0
0.080 5.01e-04 0.0
0.100 5.01e-04 0.0
0.120 5.01e-04 0.0
0.140 5.01e-04 0.0
0.160 5.01e-04 0.0
0.180 5.01e-04 0.0
0.200 5.01e-04 0.0
0.220 5.01e-04 0.0
0.250 5.01e-04 0.0
0.270 5.01e-04 0.0
0.290 5.01e-04 0.0
0.310 5.01e-04 0.0
0.330 5.01e-04 0.0
0.350 5.01e-04 0.0
0.370 5.01e-04 0.0
0.390 5.01e-04 0.0
0.410 5.01e-04 0.0
0.430 5.01e-04 0.0
0.450 5.01e-04 0.0
0.470 5.01e-04 0.0
0.490 5.01e-04 0.0
0.510 5.01e-04 0.0
0.530 5.01e-04 0.0
0.001 1.00e-03 1e-06
0.002 1.00e-03 0.0
0.003 1.00e-03 0.0
0.004 1.00e-03 0.0
0.005 1.00e-03 0.0
0.007 1.00e-03 0.0
0.010 1.00e-03 0.0
0.020 1.00e-03 0.0
0.040 1.00e-03 0.0
0.060 1.00e-03 0.0
0.080 1.00e-03 0.0
0.100 1.00e-03 0.0
0.120 1.00e-03 0.0
0.140 1.00e-03 0.0
0.160 1.00e-03 0.0
0.180 1.00e-03 0.0
0.200 1.00e-03 0.0
0.220 1.00e-03 0.0
0.250 1.00e-03 0.0
0.270 1.00e-03 0.0
0.290 1.00e-03 0.0
0.310 1.00e-03 0.0
0.330 1.00e-03 0.0
0.350 1.00e-03 0.0
0.370 1.00e-03 0.0
0.390 1.00e-03 0.0
0.410 1.00e-03 0.0
0.430 1.00e-03 0.0
0.450 1.00e-03 0.0
0.470 1.00e-03 0.0
0.490 1.00e-03 0.0
0.510 1.00e-03 0.0
0.530 1.00e-03 0.0
