0.001 1.00e-09 0.0
0.002 1.00e-09 0.0
0.003 1.00e-09 0.0
0.004 1.00e-09 0.0
0.005 1.00e-09 0.0
0.007 1.00e-09 0.0
0.010 1.00e-09 0.0
0.020 1.00e-09 0.0
0.040 1.00e-09 0.0
0.060 1.00e-09 0.0
0.080 1.00e-09 1e-06
0.100 1.00e-09 1e-06
0.120 1.00e-09 1e-06
0.001 2.00e-09 0.0
0.002 2.00e-09 0.0
0.003 2.00e-09 0.0
0.004 2.00e-09 0.0
0.005 2.00e-09 0.0
0.007 2.00e-09 0.0
0.010 2.00e-09 0.0
0.020 2.00e-09 0.0
0.040 2.00e-09 1e-06
0.060 2.00e-09 1e-06
0.080 2.00e-09 2e-06
0.100 2.00e-09 3e-06
0.120 2.00e-09 3e-06
0.001 4.00e-09 0.0
0.002 4.00e-09 0.0
0.003 4.00e-09 0.0
0.004 4.00e-09 0.0
0.005 4.00e-09 0.0
0.007 4.00e-09 0.0
0.010 4.00e-09 0.0
0.020 4.00e-09 1e-06
0.040 4.00e-09 3e-06
0.060 4.00e-09 6e-06
0.080 4.00e-09 8e-06
0.100 4.00e-09 1e-05
0.120 4.00e-09 1.3e-05
0.001 8.00e-09 0.0
0.002 8.00e-09 0.0
0.003 8.00e-09 0.0
0.004 8.00e-09 0.0
0.005 8.00e-09 0.0
0.007 8.00e-09 1e-06
0.010 8.00e-09 1e-06
0.020 8.00e-09 4e-06
0.040 8.00e-09 1.2e-05
0.060 8.00e-09 2.2e-05
0.080 8.00e-09 3.2e-05
0.100 8.00e-09 4.1e-05
0.120 8.00e-09 5.1e-05
0.001 1.60e-08 0.0
0.002 1.60e-08 0.0
0.003 1.60e-08 0.0
0.004 1.60e-08 1e-06
0.005 1.60e-08 1e-06
0.007 1.60e-08 3e-06
0.010 1.60e-08 5e-06
0.020 1.60e-08 1.7e-05
0.040 1.60e-08 4.9e-05
0.060 1.60e-08 8.8e-05
0.080 1.60e-08 0.000127
0.100 1.60e-08 0.000165
0.120 1.60e-08 0.000201
0.001 3.20e-08 0.0
0.002 3.20e-08 1e-06
0.003 3.20e-08 2e-06
0.004 3.20e-08 4e-06
0.005 3.20e-08 5e-06
0.007 3.20e-08 1e-05
0.010 3.20e-08 2e-05
0.020 3.20e-08 6.6e-05
0.040 3.20e-08 0.000196
0.060 3.20e-08 0.000347
0.080 3.20e-08 0.0005
0.100 3.20e-08 0.00065
0.120 3.20e-08 0.000789
0.001 6.30e-08 1e-06
0.002 6.30e-08 4e-06
0.003 6.30e-08 8e-06
0.004 6.30e-08 1.4e-05
0.005 6.30e-08 2.1e-05
0.007 6.30e-08 4e-05
0.010 6.30e-08 7.8e-05
0.020 6.30e-08 0.00026
0.040 6.30e-08 0.000768
0.060 6.30e-08 0.001351
0.080 6.30e-08 0.001932
0.100 6.30e-08 0.002487
0.120 6.30e-08 0.002998
0.001 1.26e-07 5e-06
0.002 1.26e-07 1.4e-05
0.003 1.26e-07 3e-05
0.004 1.26e-07 5.7e-05
0.005 1.26e-07 8.4e-05
0.007 1.26e-07 0.000159
0.010 1.26e-07 0.000306
0.020 1.26e-07 0.001011
0.040 1.26e-07 0.0029
0.060 1.26e-07 0.004936
0.080 1.26e-07 0.006849
0.100 1.26e-07 0.008559
0.120 1.26e-07 0.010042
0.001 2.51e-07 2e-05
0.002 2.51e-07 5.6e-05
0.003 2.51e-07 0.000121
0.004 2.51e-07 0.000226
0.005 2.51e-07 0.000329
0.007 2.51e-07 0.00062
0.010 2.51e-07 0.001176
0.020 2.51e-07 0.003686
0.040 2.51e-07 0.009517
0.060 2.51e-07 0.014572
0.080 2.51e-07 0.018479
0.100 2.51e-07 0.021316
0.120 2.51e-07 0.023394
0.001 5.01e-07 7.9e-05
0.002 5.01e-07 0.00022
0.003 5.01e-07 0.00047
0.004 5.01e-07 0.000868
0.005 5.01e-07 0.001247
0.007 5.01e-07 0.002277
0.010 5.01e-07 0.004117
0.020 5.01e-07 0.010937
0.040 5.01e-07 0.021594
0.060 5.01e-07 0.026992
0.080 5.01e-07 0.029528
0.100 5.01e-07 0.030593
0.120 5.01e-07 0.031003
0.001 1.00e-06 0.000309
0.002 1.00e-06 0.000834
0.003 1.00e-06 0.001736
0.004 1.00e-06 0.003055
0.005 1.00e-06 0.004227
0.007 1.00e-06 0.007088
0.010 1.00e-06 0.011329
0.020 1.00e-06 0.021793
0.040 1.00e-06 0.029261
0.060 1.00e-06 0.029586
0.080 1.00e-06 0.027837
0.100 1.00e-06 0.026093
0.120 1.00e-06 0.024301
0.001 1.99e-06 0.001164
0.002 1.99e-06 0.002892
0.003 1.99e-06 0.005546
0.004 1.99e-06 0.008729
0.005 1.99e-06 0.011249
0.007 1.99e-06 0.016446
0.010 1.99e-06 0.021743
0.020 1.99e-06 0.028323
0.040 1.99e-06 0.0247
0.060 1.99e-06 0.019014
0.080 1.99e-06 0.014804
0.100 1.99e-06 0.011583
0.120 1.99e-06 0.009412
0.001 3.98e-06 0.003891
0.002 3.98e-06 0.008378
0.003 3.98e-06 0.013827
0.004 3.98e-06 0.018305
0.005 3.98e-06 0.021516
0.007 3.98e-06 0.02593
0.010 3.98e-06 0.028144
0.020 3.98e-06 0.023799
0.040 3.98e-06 0.011884
0.060 3.98e-06 0.005862
0.080 3.98e-06 0.003119
0.100 3.98e-06 0.001799
0.120 3.98e-06 0.001116
0.001 7.94e-06 0.0104
0.002 7.94e-06 0.017995
0.003 7.94e-06 0.024195
0.004 7.94e-06 0.02671
0.005 7.94e-06 0.028046
0.007 7.94e-06 0.02689
0.010 7.94e-06 0.02321
0.020 7.94e-06 0.01122
0.040 7.94e-06 0.002355
0.060 7.94e-06 0.00055
0.080 7.94e-06 0.000125
0.100 7.94e-06 3.9e-05
0.120 7.94e-06 1.3e-05
0.001 1.58e-05 0.0206
0.002 1.58e-05 0.02666
0.003 1.58e-05 0.027882
0.004 1.58e-05 0.0258
0.005 1.58e-05 0.023313
0.007 1.58e-05 0.017462
0.010 1.58e-05 0.011005
0.020 1.58e-05 0.002122
0.040 1.58e-05 9.3e-05
0.060 1.58e-05 5e-06
0.080 1.58e-05 0.0
0.100 1.58e-05 0.0
0.120 1.58e-05 0.0
0.001 3.16e-05 0.027667
0.002 3.16e-05 0.026138
0.003 3.16e-05 0.02035
0.004 3.16e-05 0.015097
0.005 3.16e-05 0.011127
0.007 3.16e-05 0.00579
0.010 3.16e-05 0.002117
0.020 3.16e-05 9.1e-05
0.040 3.16e-05 0.0
0.060 3.16e-05 0.0
0.080 3.16e-05 0.0
0.100 3.16e-05 0.0
0.120 3.16e-05 0.0
0.001 6.31e-05 0.024047
0.002 6.31e-05 0.015507
0.003 6.31e-05 0.007968
0.004 6.31e-05 0.004137
0.005 6.31e-05 0.002091
0.007 6.31e-05 0.000615
0.010 6.31e-05 8.7e-05
0.020 6.31e-05 0.0
0.040 6.31e-05 0.0
0.060 6.31e-05 0.0
0.080 6.31e-05 0.0
0.100 6.31e-05 0.0
0.120 6.31e-05 0.0
0.001 1.26e-04 0.012308
0.002 1.26e-04 0.004304
0.003 1.26e-04 0.001168
0.004 1.26e-04 0.000341
0.005 1.26e-04 9e-05
0.007 1.26e-04 9e-06
0.010 1.26e-04 0.0
0.020 1.26e-04 0.0
0.040 1.26e-04 0.0
0.060 1.26e-04 0.0
0.080 1.26e-04 0.0
0.100 1.26e-04 0.0
0.120 1.26e-04 0.0
0.001 2.51e-04 0.002697
0.002 2.51e-04 0.000346
0.003 2.51e-04 3e-05
0.004 2.51e-04 2e-06
0.005 2.51e-04 0.0
0.007 2.51e-04 0.0
0.010 2.51e-04 0.0
0.020 2.51e-04 0.0
0.040 2.51e-04 0.0
0.060 2.51e-04 0.0
0.080 2.51e-04 0.0
0.100 2.51e-04 0.0
0.120 2.51e-04 0.0
0.001 5.01e-04 0.000153
0.002 5.01e-04 2e-06
0.003 5.01e-04 0.0
0.004 5.01e-04 0.0
0.005 5.01e-04 0.0
0.007 5.01e-04 0.0
0.010 5.01e-04 0.0
0.020 5.01e-04 0.0
0.040 5.01e-04 0.0
0.060 5.01e-04 0.0
0.080 5.01e-04 0.0
0.100 5.01e-04 0.0
0.120 5.01e-04 0.0
0.001 1.00e-03 0.0
0.002 1.00e-03 0.0
0.003 1.00e-03 0.0
0.004 1.00e-03 0.0
0.005 1.00e-03 0.0
0.007 1.00e-03 0.0
0.010 1.00e-03 0.0
0.020 1.00e-03 0.0
0.040 1.00e-03 0.0
0.060 1.00e-03 0.0
0.080 1.00e-03 0.0
0.100 1.00e-03 0.0
0.120 1.00e-03 0.0
0.001 1.00e-09 0.0
0.002 1.00e-09 0.0
0.003 1.00e-09 0.0
0.004 1.00e-09 0.0
0.005 1.00e-09 0.0
0.007 1.00e-09 0.0
0.010 1.00e-09 0.0
0.020 1.00e-09 0.0
0.040 1.00e-09 0.0
0.060 1.00e-09 0.0
0.080 1.00e-09 1e-06
0.100 1.00e-09 1e-06
0.120 1.00e-09 1e-06
0.001 2.00e-09 0.0
0.002 2.00e-09 0.0
0.003 2.00e-09 0.0
0.004 2.00e-09 0.0
0.005 2.00e-09 0.0
0.007 2.00e-09 0.0
0.010 2.00e-09 0.0
0.020 2.00e-09 0.0
0.040 2.00e-09 1e-06
0.060 2.00e-09 1e-06
0.080 2.00e-09 2e-06
0.100 2.00e-09 3e-06
0.120 2.00e-09 3e-06
0.001 4.00e-09 0.0
0.002 4.00e-09 0.0
0.003 4.00e-09 0.0
0.004 4.00e-09 0.0
0.005 4.00e-09 0.0
0.007 4.00e-09 0.0
0.010 4.00e-09 0.0
0.020 4.00e-09 1e-06
0.040 4.00e-09 3e-06
0.060 4.00e-09 6e-06
0.080 4.00e-09 8e-06
0.100 4.00e-09 1e-05
0.120 4.00e-09 1.3e-05
0.001 8.00e-09 0.0
0.002 8.00e-09 0.0
0.003 8.00e-09 0.0
0.004 8.00e-09 0.0
0.005 8.00e-09 0.0
0.007 8.00e-09 1e-06
0.010 8.00e-09 1e-06
0.020 8.00e-09 4e-06
0.040 8.00e-09 1.2e-05
0.060 8.00e-09 2.2e-05
0.080 8.00e-09 3.2e-05
0.100 8.00e-09 4.1e-05
0.120 8.00e-09 5.1e-05
0.001 1.60e-08 0.0
0.002 1.60e-08 0.0
0.003 1.60e-08 0.0
0.004 1.60e-08 1e-06
0.005 1.60e-08 1e-06
0.007 1.60e-08 3e-06
0.010 1.60e-08 5e-06
0.020 1.60e-08 1.7e-05
0.040 1.60e-08 4.9e-05
0.060 1.60e-08 8.8e-05
0.080 1.60e-08 0.000127
0.100 1.60e-08 0.000165
0.120 1.60e-08 0.000201
0.001 3.20e-08 0.0
0.002 3.20e-08 1e-06
0.003 3.20e-08 2e-06
0.004 3.20e-08 4e-06
0.005 3.20e-08 5e-06
0.007 3.20e-08 1e-05
0.010 3.20e-08 2e-05
0.020 3.20e-08 6.6e-05
0.040 3.20e-08 0.000196
0.060 3.20e-08 0.000347
0.080 3.20e-08 0.0005
0.100 3.20e-08 0.00065
0.120 3.20e-08 0.000789
0.001 6.30e-08 1e-06
0.002 6.30e-08 4e-06
0.003 6.30e-08 8e-06
0.004 6.30e-08 1.4e-05
0.005 6.30e-08 2.1e-05
0.007 6.30e-08 4e-05
0.010 6.30e-08 7.8e-05
0.020 6.30e-08 0.00026
0.040 6.30e-08 0.000768
0.060 6.30e-08 0.001351
0.080 6.30e-08 0.001932
0.100 6.30e-08 0.002487
0.120 6.30e-08 0.002998
0.001 1.26e-07 5e-06
0.002 1.26e-07 1.4e-05
0.003 1.26e-07 3e-05
0.004 1.26e-07 5.7e-05
0.005 1.26e-07 8.4e-05
0.007 1.26e-07 0.000159
0.010 1.26e-07 0.000306
0.020 1.26e-07 0.001011
0.040 1.26e-07 0.0029
0.060 1.26e-07 0.004936
0.080 1.26e-07 0.006849
0.100 1.26e-07 0.008559
0.120 1.26e-07 0.010042
0.001 2.51e-07 2e-05
0.002 2.51e-07 5.6e-05
0.003 2.51e-07 0.000121
0.004 2.51e-07 0.000226
0.005 2.51e-07 0.000329
0.007 2.51e-07 0.00062
0.010 2.51e-07 0.001176
0.020 2.51e-07 0.003686
0.040 2.51e-07 0.009517
0.060 2.51e-07 0.014572
0.080 2.51e-07 0.018479
0.100 2.51e-07 0.021316
0.120 2.51e-07 0.023394
0.001 5.01e-07 7.9e-05
0.002 5.01e-07 0.00022
0.003 5.01e-07 0.00047
0.004 5.01e-07 0.000868
0.005 5.01e-07 0.001247
0.007 5.01e-07 0.002277
0.010 5.01e-07 0.004117
0.020 5.01e-07 0.010937
0.040 5.01e-07 0.021594
0.060 5.01e-07 0.026992
0.080 5.01e-07 0.029528
0.100 5.01e-07 0.030593
0.120 5.01e-07 0.031003
0.001 1.00e-06 0.000309
0.002 1.00e-06 0.000834
0.003 1.00e-06 0.001736
0.004 1.00e-06 0.003055
0.005 1.00e-06 0.004227
0.007 1.00e-06 0.007088
0.010 1.00e-06 0.011329
0.020 1.00e-06 0.021793
0.040 1.00e-06 0.029261
0.060 1.00e-06 0.029586
0.080 1.00e-06 0.027837
0.100 1.00e-06 0.026093
0.120 1.00e-06 0.024301
0.001 1.99e-06 0.001164
0.002 1.99e-06 0.002892
0.003 1.99e-06 0.005546
0.004 1.99e-06 0.008729
0.005 1.99e-06 0.011249
0.007 1.99e-06 0.016446
0.010 1.99e-06 0.021743
0.020 1.99e-06 0.028323
0.040 1.99e-06 0.0247
0.060 1.99e-06 0.019014
0.080 1.99e-06 0.014804
0.100 1.99e-06 0.011583
0.120 1.99e-06 0.009412
0.001 3.98e-06 0.003891
0.002 3.98e-06 0.008378
0.003 3.98e-06 0.013827
0.004 3.98e-06 0.018305
0.005 3.98e-06 0.021516
0.007 3.98e-06 0.02593
0.010 3.98e-06 0.028144
0.020 3.98e-06 0.023799
0.040 3.98e-06 0.011884
0.060 3.98e-06 0.005862
0.080 3.98e-06 0.003119
0.100 3.98e-06 0.001799
0.120 3.98e-06 0.001116
0.001 7.94e-06 0.0104
0.002 7.94e-06 0.017995
0.003 7.94e-06 0.024195
0.004 7.94e-06 0.02671
0.005 7.94e-06 0.028046
0.007 7.94e-06 0.02689
0.010 7.94e-06 0.02321
0.020 7.94e-06 0.01122
0.040 7.94e-06 0.002355
0.060 7.94e-06 0.00055
0.080 7.94e-06 0.000125
0.100 7.94e-06 3.9e-05
0.120 7.94e-06 1.3e-05
0.001 1.58e-05 0.0206
0.002 1.58e-05 0.02666
0.003 1.58e-05 0.027882
0.004 1.58e-05 0.0258
0.005 1.58e-05 0.023313
0.007 1.58e-05 0.017462
0.010 1.58e-05 0.011005
0.020 1.58e-05 0.002122
0.040 1.58e-05 9.3e-05
0.060 1.58e-05 5e-06
0.080 1.58e-05 0.0
0.100 1.58e-05 0.0
0.120 1.58e-05 0.0
0.001 3.16e-05 0.027667
0.002 3.16e-05 0.026138
0.003 3.16e-05 0.02035
0.004 3.16e-05 0.015097
0.005 3.16e-05 0.011127
0.007 3.16e-05 0.00579
0.010 3.16e-05 0.002117
0.020 3.16e-05 9.1e-05
0.040 3.16e-05 0.0
0.060 3.16e-05 0.0
0.080 3.16e-05 0.0
0.100 3.16e-05 0.0
0.120 3.16e-05 0.0
0.001 6.31e-05 0.024047
0.002 6.31e-05 0.015507
0.003 6.31e-05 0.007968
0.004 6.31e-05 0.004137
0.005 6.31e-05 0.002091
0.007 6.31e-05 0.000615
0.010 6.31e-05 8.7e-05
0.020 6.31e-05 0.0
0.040 6.31e-05 0.0
0.060 6.31e-05 0.0
0.080 6.31e-05 0.0
0.100 6.31e-05 0.0
0.120 6.31e-05 0.0
0.001 1.26e-04 0.012308
0.002 1.26e-04 0.004304
0.003 1.26e-04 0.001168
0.004 1.26e-04 0.000341
0.005 1.26e-04 9e-05
0.007 1.26e-04 9e-06
0.010 1.26e-04 0.0
0.020 1.26e-04 0.0
0.040 1.26e-04 0.0
0.060 1.26e-04 0.0
0.080 1.26e-04 0.0
0.100 1.26e-04 0.0
0.120 1.26e-04 0.0
0.001 2.51e-04 0.002697
0.002 2.51e-04 0.000346
0.003 2.51e-04 3e-05
0.004 2.51e-04 2e-06
0.005 2.51e-04 0.0
0.007 2.51e-04 0.0
0.010 2.51e-04 0.0
0.020 2.51e-04 0.0
0.040 2.51e-04 0.0
0.060 2.51e-04 0.0
0.080 2.51e-04 0.0
0.100 2.51e-04 0.0
0.120 2.51e-04 0.0
0.001 5.01e-04 0.000153
0.002 5.01e-04 2e-06
0.003 5.01e-04 0.0
0.004 5.01e-04 0.0
0.005 5.01e-04 0.0
0.007 5.01e-04 0.0
0.010 5.01e-04 0.0
0.020 5.01e-04 0.0
0.040 5.01e-04 0.0
0.060 5.01e-04 0.0
0.080 5.01e-04 0.0
0.100 5.01e-04 0.0
0.120 5.01e-04 0.0
0.001 1.00e-03 0.0
0.002 1.00e-03 0.0
0.003 1.00e-03 0.0
0.004 1.00e-03 0.0
0.005 1.00e-03 0.0
0.007 1.00e-03 0.0
0.010 1.00e-03 0.0
0.020 1.00e-03 0.0
0.040 1.00e-03 0.0
0.060 1.00e-03 0.0
0.080 1.00e-03 0.0
0.100 1.00e-03 0.0
0.120 1.00e-03 0.0
