0.220 1.00e-09 3e-06
0.250 1.00e-09 4e-06
0.270 1.00e-09 4e-06
0.290 1.00e-09 5e-06
0.310 1.00e-09 5e-06
0.330 1.00e-09 6e-06
0.350 1.00e-09 7e-06
0.370 1.00e-09 7e-06
0.390 1.00e-09 8e-06
0.410 1.00e-09 9e-06
0.430 1.00e-09 9e-06
0.450 1.00e-09 1e-05
0.470 1.00e-09 1.1e-05
0.490 1.00e-09 1.2e-05
0.510 1.00e-09 1.3e-05
0.530 1.00e-09 1.4e-05
0.220 2.00e-09 1e-05
0.250 2.00e-09 1.5e-05
0.270 2.00e-09 1.7e-05
0.290 2.00e-09 2.1e-05
0.310 2.00e-09 2.2e-05
0.330 2.00e-09 2.4e-05
0.350 2.00e-09 2.6e-05
0.370 2.00e-09 2.9e-05
0.390 2.00e-09 3.2e-05
0.410 2.00e-09 3.4e-05
0.430 2.00e-09 3.7e-05
0.450 2.00e-09 4e-05
0.470 2.00e-09 4.3e-05
0.490 2.00e-09 4.7e-05
0.510 2.00e-09 5e-05
0.530 2.00e-09 5.4e-05
0.220 4.00e-09 4e-05
0.250 4.00e-09 5.8e-05
0.270 4.00e-09 6.8e-05
0.290 4.00e-09 8.3e-05
0.310 4.00e-09 8.6e-05
0.330 4.00e-09 9.7e-05
0.350 4.00e-09 0.000105
0.370 4.00e-09 0.000115
0.390 4.00e-09 0.000126
0.410 4.00e-09 0.000137
0.430 4.00e-09 0.000148
0.450 4.00e-09 0.000159
0.470 4.00e-09 0.000171
0.490 4.00e-09 0.000185
0.510 4.00e-09 0.000198
0.530 4.00e-09 0.000215
0.220 8.00e-09 0.000159
0.250 8.00e-09 0.000232
0.270 8.00e-09 0.000268
0.290 8.00e-09 0.000328
0.310 8.00e-09 0.000341
0.330 8.00e-09 0.000382
0.350 8.00e-09 0.000417
0.370 8.00e-09 0.000457
0.390 8.00e-09 0.000498
0.410 8.00e-09 0.000541
0.430 8.00e-09 0.000584
0.450 8.00e-09 0.000628
0.470 8.00e-09 0.000676
0.490 8.00e-09 0.00073
0.510 8.00e-09 0.000781
0.530 8.00e-09 0.000848
0.220 1.60e-08 0.000629
0.250 1.60e-08 0.000911
0.270 1.60e-08 0.001055
0.290 1.60e-08 0.001285
0.310 1.60e-08 0.001334
0.330 1.60e-08 0.001494
0.350 1.60e-08 0.001628
0.370 1.60e-08 0.001781
0.390 1.60e-08 0.001935
0.410 1.60e-08 0.002098
0.430 1.60e-08 0.002262
0.450 1.60e-08 0.002428
0.470 1.60e-08 0.002607
0.490 1.60e-08 0.002807
0.510 1.60e-08 0.002998
0.530 1.60e-08 0.003244
0.220 3.20e-08 0.002425
0.250 3.20e-08 0.003466
0.270 3.20e-08 0.003985
0.290 3.20e-08 0.004805
0.310 3.20e-08 0.004976
0.330 3.20e-08 0.005536
0.350 3.20e-08 0.005997
0.370 3.20e-08 0.006515
0.390 3.20e-08 0.007027
0.410 3.20e-08 0.007566
0.430 3.20e-08 0.008097
0.450 3.20e-08 0.008626
0.470 3.20e-08 0.009186
0.490 3.20e-08 0.009804
0.510 3.20e-08 0.010379
0.530 3.20e-08 0.011108
0.220 6.30e-08 0.008529
0.250 6.30e-08 0.011622
0.270 6.30e-08 0.013073
0.290 6.30e-08 0.015197
0.310 6.30e-08 0.015622
0.330 6.30e-08 0.016967
0.350 6.30e-08 0.018045
0.370 6.30e-08 0.019171
0.390 6.30e-08 0.020203
0.410 6.30e-08 0.021285
0.430 6.30e-08 0.022269
0.450 6.30e-08 0.0232
0.470 6.30e-08 0.024111
0.490 6.30e-08 0.025086
0.510 6.30e-08 0.02592
0.530 6.30e-08 0.026902
0.220 1.26e-07 0.022385
0.250 1.26e-07 0.026817
0.270 1.26e-07 0.028534
0.290 1.26e-07 0.030537
0.310 1.26e-07 0.030925
0.330 1.26e-07 0.031909
0.350 1.26e-07 0.032673
0.370 1.26e-07 0.033297
0.390 1.26e-07 0.033615
0.410 1.26e-07 0.034097
0.430 1.26e-07 0.034363
0.450 1.26e-07 0.034511
0.470 1.26e-07 0.034587
0.490 1.26e-07 0.034651
0.510 1.26e-07 0.034613
0.530 1.26e-07 0.03446
0.220 2.51e-07 0.033061
0.250 2.51e-07 0.0333
0.270 2.51e-07 0.032892
0.290 2.51e-07 0.032107
0.310 2.51e-07 0.031807
0.330 2.51e-07 0.031001
0.350 2.51e-07 0.030176
0.370 2.51e-07 0.029329
0.390 2.51e-07 0.028498
0.410 2.51e-07 0.027555
0.430 2.51e-07 0.026623
0.450 2.51e-07 0.025767
0.470 2.51e-07 0.024809
0.490 2.51e-07 0.023741
0.510 2.51e-07 0.022803
0.530 2.51e-07 0.021646
0.220 5.01e-07 0.025904
0.250 5.01e-07 0.021395
0.270 5.01e-07 0.019216
0.290 5.01e-07 0.016276
0.310 5.01e-07 0.015754
0.330 5.01e-07 0.014011
0.350 5.01e-07 0.012721
0.370 5.01e-07 0.011463
0.390 5.01e-07 0.010447
0.410 5.01e-07 0.009284
0.430 5.01e-07 0.008395
0.450 5.01e-07 0.00754
0.470 5.01e-07 0.006804
0.490 5.01e-07 0.006024
0.510 5.01e-07 0.005401
0.530 5.01e-07 0.004723
0.220 1.00e-06 0.009296
0.250 1.00e-06 0.005263
0.270 1.00e-06 0.004094
0.290 1.00e-06 0.002656
0.310 1.00e-06 0.002441
0.330 1.00e-06 0.001881
0.350 1.00e-06 0.001516
0.370 1.00e-06 0.001157
0.390 1.00e-06 0.000929
0.410 1.00e-06 0.000713
0.430 1.00e-06 0.000525
0.450 1.00e-06 0.00041
0.470 1.00e-06 0.000319
0.490 1.00e-06 0.000246
0.510 1.00e-06 0.000186
0.530 1.00e-06 0.000136
0.220 1.99e-06 0.000886
0.250 1.99e-06 0.000264
0.270 1.99e-06 0.000141
0.290 1.99e-06 4.9e-05
0.310 1.99e-06 3.5e-05
0.330 1.99e-06 2.4e-05
0.350 1.99e-06 1.3e-05
0.370 1.99e-06 6e-06
0.390 1.99e-06 3e-06
0.410 1.99e-06 2e-06
0.430 1.99e-06 0.0
0.450 1.99e-06 0.0
0.470 1.99e-06 0.0
0.490 1.99e-06 0.0
0.510 1.99e-06 0.0
0.530 1.99e-06 0.0
0.220 3.98e-06 4e-06
0.250 3.98e-06 0.0
0.270 3.98e-06 0.0
0.290 3.98e-06 0.0
0.310 3.98e-06 0.0
0.330 3.98e-06 0.0
0.350 3.98e-06 0.0
0.370 3.98e-06 0.0
0.390 3.98e-06 0.0
0.410 3.98e-06 0.0
0.430 3.98e-06 0.0
0.450 3.98e-06 0.0
0.470 3.98e-06 0.0
0.490 3.98e-06 0.0
0.510 3.98e-06 0.0
0.530 3.98e-06 0.0
0.220 7.94e-06 0.0
0.250 7.94e-06 0.0
0.270 7.94e-06 0.0
0.290 7.94e-06 0.0
0.310 7.94e-06 0.0
0.330 7.94e-06 0.0
0.350 7.94e-06 0.0
0.370 7.94e-06 0.0
0.390 7.94e-06 0.0
0.410 7.94e-06 0.0
0.430 7.94e-06 0.0
0.450 7.94e-06 0.0
0.470 7.94e-06 0.0
0.490 7.94e-06 0.0
0.510 7.94e-06 0.0
0.530 7.94e-06 0.0
0.220 1.58e-05 0.0
0.250 1.58e-05 0.0
0.270 1.58e-05 0.0
0.290 1.58e-05 0.0
0.310 1.58e-05 0.0
0.330 1.58e-05 0.0
0.350 1.58e-05 0.0
0.370 1.58e-05 0.0
0.390 1.58e-05 0.0
0.410 1.58e-05 0.0
0.430 1.58e-05 0.0
0.450 1.58e-05 0.0
0.470 1.58e-05 0.0
0.490 1.58e-05 0.0
0.510 1.58e-05 0.0
0.530 1.58e-05 0.0
0.220 3.16e-05 0.0
0.250 3.16e-05 0.0
0.270 3.16e-05 0.0
0.290 3.16e-05 0.0
0.310 3.16e-05 0.0
0.330 3.16e-05 0.0
0.350 3.16e-05 0.0
0.370 3.16e-05 0.0
0.390 3.16e-05 0.0
0.410 3.16e-05 0.0
0.430 3.16e-05 0.0
0.450 3.16e-05 0.0
0.470 3.16e-05 0.0
0.490 3.16e-05 0.0
0.510 3.16e-05 0.0
0.530 3.16e-05 0.0
0.220 6.31e-05 0.0
0.250 6.31e-05 0.0
0.270 6.31e-05 0.0
0.290 6.31e-05 0.0
0.310 6.31e-05 0.0
0.330 6.31e-05 0.0
0.350 6.31e-05 0.0
0.370 6.31e-05 0.0
0.390 6.31e-05 0.0
0.410 6.31e-05 0.0
0.430 6.31e-05 0.0
0.450 6.31e-05 0.0
0.470 6.31e-05 0.0
0.490 6.31e-05 0.0
0.510 6.31e-05 0.0
0.530 6.31e-05 0.0
0.220 1.26e-04 0.0
0.250 1.26e-04 0.0
0.270 1.26e-04 0.0
0.290 1.26e-04 0.0
0.310 1.26e-04 0.0
0.330 1.26e-04 0.0
0.350 1.26e-04 0.0
0.370 1.26e-04 0.0
0.390 1.26e-04 0.0
0.410 1.26e-04 0.0
0.430 1.26e-04 0.0
0.450 1.26e-04 0.0
0.470 1.26e-04 0.0
0.490 1.26e-04 0.0
0.510 1.26e-04 0.0
0.530 1.26e-04 0.0
0.220 2.51e-04 0.0
0.250 2.51e-04 0.0
0.270 2.51e-04 0.0
0.290 2.51e-04 0.0
0.310 2.51e-04 0.0
0.330 2.51e-04 0.0
0.350 2.51e-04 0.0
0.370 2.51e-04 0.0
0.390 2.51e-04 0.0
0.410 2.51e-04 0.0
0.430 2.51e-04 0.0
0.450 2.51e-04 0.0
0.470 2.51e-04 0.0
0.490 2.51e-04 0.0
0.510 2.51e-04 0.0
0.530 2.51e-04 0.0
0.220 5.01e-04 0.0
0.250 5.01e-04 0.0
0.270 5.01e-04 0.0
0.290 5.01e-04 0.0
0.310 5.01e-04 0.0
0.330 5.01e-04 0.0
0.350 5.01e-04 0.0
0.370 5.01e-04 0.0
0.390 5.01e-04 0.0
0.410 5.01e-04 0.0
0.430 5.01e-04 0.0
0.450 5.01e-04 0.0
0.470 5.01e-04 0.0
0.490 5.01e-04 0.0
0.510 5.01e-04 0.0
0.530 5.01e-04 0.0
0.220 1.00e-03 0.0
0.250 1.00e-03 0.0
0.270 1.00e-03 0.0
0.290 1.00e-03 0.0
0.310 1.00e-03 0.0
0.330 1.00e-03 0.0
0.350 1.00e-03 0.0
0.370 1.00e-03 0.0
0.390 1.00e-03 0.0
0.410 1.00e-03 0.0
0.430 1.00e-03 0.0
0.450 1.00e-03 0.0
0.470 1.00e-03 0.0
0.490 1.00e-03 0.0
0.510 1.00e-03 0.0
0.530 1.00e-03 0.0
0.220 1.00e-09 3e-06
0.250 1.00e-09 4e-06
0.270 1.00e-09 4e-06
0.290 1.00e-09 5e-06
0.310 1.00e-09 5e-06
0.330 1.00e-09 6e-06
0.350 1.00e-09 7e-06
0.370 1.00e-09 7e-06
0.390 1.00e-09 8e-06
0.410 1.00e-09 9e-06
0.430 1.00e-09 9e-06
0.450 1.00e-09 1e-05
0.470 1.00e-09 1.1e-05
0.490 1.00e-09 1.2e-05
0.510 1.00e-09 1.3e-05
0.530 1.00e-09 1.4e-05
0.220 2.00e-09 1e-05
0.250 2.00e-09 1.5e-05
0.270 2.00e-09 1.7e-05
0.290 2.00e-09 2.1e-05
0.310 2.00e-09 2.2e-05
0.330 2.00e-09 2.4e-05
0.350 2.00e-09 2.6e-05
0.370 2.00e-09 2.9e-05
0.390 2.00e-09 3.2e-05
0.410 2.00e-09 3.4e-05
0.430 2.00e-09 3.7e-05
0.450 2.00e-09 4e-05
0.470 2.00e-09 4.3e-05
0.490 2.00e-09 4.7e-05
0.510 2.00e-09 5e-05
0.530 2.00e-09 5.4e-05
0.220 4.00e-09 4e-05
0.250 4.00e-09 5.8e-05
0.270 4.00e-09 6.8e-05
0.290 4.00e-09 8.3e-05
0.310 4.00e-09 8.6e-05
0.330 4.00e-09 9.7e-05
0.350 4.00e-09 0.000105
0.370 4.00e-09 0.000115
0.390 4.00e-09 0.000126
0.410 4.00e-09 0.000137
0.430 4.00e-09 0.000148
0.450 4.00e-09 0.000159
0.470 4.00e-09 0.000171
0.490 4.00e-09 0.000185
0.510 4.00e-09 0.000198
0.530 4.00e-09 0.000215
0.220 8.00e-09 0.000159
0.250 8.00e-09 0.000232
0.270 8.00e-09 0.000268
0.290 8.00e-09 0.000328
0.310 8.00e-09 0.000341
0.330 8.00e-09 0.000382
0.350 8.00e-09 0.000417
0.370 8.00e-09 0.000457
0.390 8.00e-09 0.000498
0.410 8.00e-09 0.000541
0.430 8.00e-09 0.000584
0.450 8.00e-09 0.000628
0.470 8.00e-09 0.000676
0.490 8.00e-09 0.00073
0.510 8.00e-09 0.000781
0.530 8.00e-09 0.000848
0.220 1.60e-08 0.000629
0.250 1.60e-08 0.000911
0.270 1.60e-08 0.001055
0.290 1.60e-08 0.001285
0.310 1.60e-08 0.001334
0.330 1.60e-08 0.001494
0.350 1.60e-08 0.001628
0.370 1.60e-08 0.001781
0.390 1.60e-08 0.001935
0.410 1.60e-08 0.002098
0.430 1.60e-08 0.002262
0.450 1.60e-08 0.002428
0.470 1.60e-08 0.002607
0.490 1.60e-08 0.002807
0.510 1.60e-08 0.002998
0.530 1.60e-08 0.003244
0.220 3.20e-08 0.002425
0.250 3.20e-08 0.003466
0.270 3.20e-08 0.003985
0.290 3.20e-08 0.004805
0.310 3.20e-08 0.004976
0.330 3.20e-08 0.005536
0.350 3.20e-08 0.005997
0.370 3.20e-08 0.006515
0.390 3.20e-08 0.007027
0.410 3.20e-08 0.007566
0.430 3.20e-08 0.008097
0.450 3.20e-08 0.008626
0.470 3.20e-08 0.009186
0.490 3.20e-08 0.009804
0.510 3.20e-08 0.010379
0.530 3.20e-08 0.011108
0.220 6.30e-08 0.008529
0.250 6.30e-08 0.011622
0.270 6.30e-08 0.013073
0.290 6.30e-08 0.015197
0.310 6.30e-08 0.015622
0.330 6.30e-08 0.016967
0.350 6.30e-08 0.018045
0.370 6.30e-08 0.019171
0.390 6.30e-08 0.020203
0.410 6.30e-08 0.021285
0.430 6.30e-08 0.022269
0.450 6.30e-08 0.0232
0.470 6.30e-08 0.024111
0.490 6.30e-08 0.025086
0.510 6.30e-08 0.02592
0.530 6.30e-08 0.026902
0.220 1.26e-07 0.022385
0.250 1.26e-07 0.026817
0.270 1.26e-07 0.028534
0.290 1.26e-07 0.030537
0.310 1.26e-07 0.030925
0.330 1.26e-07 0.031909
0.350 1.26e-07 0.032673
0.370 1.26e-07 0.033297
0.390 1.26e-07 0.033615
0.410 1.26e-07 0.034097
0.430 1.26e-07 0.034363
0.450 1.26e-07 0.034511
0.470 1.26e-07 0.034587
0.490 1.26e-07 0.034651
0.510 1.26e-07 0.034613
0.530 1.26e-07 0.03446
0.220 2.51e-07 0.033061
0.250 2.51e-07 0.0333
0.270 2.51e-07 0.032892
0.290 2.51e-07 0.032107
0.310 2.51e-07 0.031807
0.330 2.51e-07 0.031001
0.350 2.51e-07 0.030176
0.370 2.51e-07 0.029329
0.390 2.51e-07 0.028498
0.410 2.51e-07 0.027555
0.430 2.51e-07 0.026623
0.450 2.51e-07 0.025767
0.470 2.51e-07 0.024809
0.490 2.51e-07 0.023741
0.510 2.51e-07 0.022803
0.530 2.51e-07 0.021646
0.220 5.01e-07 0.025904
0.250 5.01e-07 0.021395
0.270 5.01e-07 0.019216
0.290 5.01e-07 0.016276
0.310 5.01e-07 0.015754
0.330 5.01e-07 0.014011
0.350 5.01e-07 0.012721
0.370 5.01e-07 0.011463
0.390 5.01e-07 0.010447
0.410 5.01e-07 0.009284
0.430 5.01e-07 0.008395
0.450 5.01e-07 0.00754
0.470 5.01e-07 0.006804
0.490 5.01e-07 0.006024
0.510 5.01e-07 0.005401
0.530 5.01e-07 0.004723
0.220 1.00e-06 0.009296
0.250 1.00e-06 0.005263
0.270 1.00e-06 0.004094
0.290 1.00e-06 0.002656
0.310 1.00e-06 0.002441
0.330 1.00e-06 0.001881
0.350 1.00e-06 0.001516
0.370 1.00e-06 0.001157
0.390 1.00e-06 0.000929
0.410 1.00e-06 0.000713
0.430 1.00e-06 0.000525
0.450 1.00e-06 0.00041
0.470 1.00e-06 0.000319
0.490 1.00e-06 0.000246
0.510 1.00e-06 0.000186
0.530 1.00e-06 0.000136
0.220 1.99e-06 0.000886
0.250 1.99e-06 0.000264
0.270 1.99e-06 0.000141
0.290 1.99e-06 4.9e-05
0.310 1.99e-06 3.5e-05
0.330 1.99e-06 2.4e-05
0.350 1.99e-06 1.3e-05
0.370 1.99e-06 6e-06
0.390 1.99e-06 3e-06
0.410 1.99e-06 2e-06
0.430 1.99e-06 0.0
0.450 1.99e-06 0.0
0.470 1.99e-06 0.0
0.490 1.99e-06 0.0
0.510 1.99e-06 0.0
0.530 1.99e-06 0.0
0.220 3.98e-06 4e-06
0.250 3.98e-06 0.0
0.270 3.98e-06 0.0
0.290 3.98e-06 0.0
0.310 3.98e-06 0.0
0.330 3.98e-06 0.0
0.350 3.98e-06 0.0
0.370 3.98e-06 0.0
0.390 3.98e-06 0.0
0.410 3.98e-06 0.0
0.430 3.98e-06 0.0
0.450 3.98e-06 0.0
0.470 3.98e-06 0.0
0.490 3.98e-06 0.0
0.510 3.98e-06 0.0
0.530 3.98e-06 0.0
0.220 7.94e-06 0.0
0.250 7.94e-06 0.0
0.270 7.94e-06 0.0
0.290 7.94e-06 0.0
0.310 7.94e-06 0.0
0.330 7.94e-06 0.0
0.350 7.94e-06 0.0
0.370 7.94e-06 0.0
0.390 7.94e-06 0.0
0.410 7.94e-06 0.0
0.430 7.94e-06 0.0
0.450 7.94e-06 0.0
0.470 7.94e-06 0.0
0.490 7.94e-06 0.0
0.510 7.94e-06 0.0
0.530 7.94e-06 0.0
0.220 1.58e-05 0.0
0.250 1.58e-05 0.0
0.270 1.58e-05 0.0
0.290 1.58e-05 0.0
0.310 1.58e-05 0.0
0.330 1.58e-05 0.0
0.350 1.58e-05 0.0
0.370 1.58e-05 0.0
0.390 1.58e-05 0.0
0.410 1.58e-05 0.0
0.430 1.58e-05 0.0
0.450 1.58e-05 0.0
0.470 1.58e-05 0.0
0.490 1.58e-05 0.0
0.510 1.58e-05 0.0
0.530 1.58e-05 0.0
0.220 3.16e-05 0.0
0.250 3.16e-05 0.0
0.270 3.16e-05 0.0
0.290 3.16e-05 0.0
0.310 3.16e-05 0.0
0.330 3.16e-05 0.0
0.350 3.16e-05 0.0
0.370 3.16e-05 0.0
0.390 3.16e-05 0.0
0.410 3.16e-05 0.0
0.430 3.16e-05 0.0
0.450 3.16e-05 0.0
0.470 3.16e-05 0.0
0.490 3.16e-05 0.0
0.510 3.16e-05 0.0
0.530 3.16e-05 0.0
0.220 6.31e-05 0.0
0.250 6.31e-05 0.0
0.270 6.31e-05 0.0
0.290 6.31e-05 0.0
0.310 6.31e-05 0.0
0.330 6.31e-05 0.0
0.350 6.31e-05 0.0
0.370 6.31e-05 0.0
0.390 6.31e-05 0.0
0.410 6.31e-05 0.0
0.430 6.31e-05 0.0
0.450 6.31e-05 0.0
0.470 6.31e-05 0.0
0.490 6.31e-05 0.0
0.510 6.31e-05 0.0
0.530 6.31e-05 0.0
0.220 1.26e-04 0.0
0.250 1.26e-04 0.0
0.270 1.26e-04 0.0
0.290 1.26e-04 0.0
0.310 1.26e-04 0.0
0.330 1.26e-04 0.0
0.350 1.26e-04 0.0
0.370 1.26e-04 0.0
0.390 1.26e-04 0.0
0.410 1.26e-04 0.0
0.430 1.26e-04 0.0
0.450 1.26e-04 0.0
0.470 1.26e-04 0.0
0.490 1.26e-04 0.0
0.510 1.26e-04 0.0
0.530 1.26e-04 0.0
0.220 2.51e-04 0.0
0.250 2.51e-04 0.0
0.270 2.51e-04 0.0
0.290 2.51e-04 0.0
0.310 2.51e-04 0.0
0.330 2.51e-04 0.0
0.350 2.51e-04 0.0
0.370 2.51e-04 0.0
0.390 2.51e-04 0.0
0.410 2.51e-04 0.0
0.430 2.51e-04 0.0
0.450 2.51e-04 0.0
0.470 2.51e-04 0.0
0.490 2.51e-04 0.0
0.510 2.51e-04 0.0
0.530 2.51e-04 0.0
0.220 5.01e-04 0.0
0.250 5.01e-04 0.0
0.270 5.01e-04 0.0
0.290 5.01e-04 0.0
0.310 5.01e-04 0.0
0.330 5.01e-04 0.0
0.350 5.01e-04 0.0
0.370 5.01e-04 0.0
0.390 5.01e-04 0.0
0.410 5.01e-04 0.0
0.430 5.01e-04 0.0
0.450 5.01e-04 0.0
0.470 5.01e-04 0.0
0.490 5.01e-04 0.0
0.510 5.01e-04 0.0
0.530 5.01e-04 0.0
0.220 1.00e-03 0.0
0.250 1.00e-03 0.0
0.270 1.00e-03 0.0
0.290 1.00e-03 0.0
0.310 1.00e-03 0.0
0.330 1.00e-03 0.0
0.350 1.00e-03 0.0
0.370 1.00e-03 0.0
0.390 1.00e-03 0.0
0.410 1.00e-03 0.0
0.430 1.00e-03 0.0
0.450 1.00e-03 0.0
0.470 1.00e-03 0.0
0.490 1.00e-03 0.0
0.510 1.00e-03 0.0
0.530 1.00e-03 0.0
