0.220 1.00e-09 0.0
0.250 1.00e-09 0.0
0.270 1.00e-09 0.0
0.290 1.00e-09 0.0
0.310 1.00e-09 0.0
0.330 1.00e-09 1e-06
0.350 1.00e-09 1e-06
0.370 1.00e-09 1e-06
0.390 1.00e-09 1e-06
0.410 1.00e-09 1e-06
0.430 1.00e-09 1e-06
0.450 1.00e-09 1e-06
0.470 1.00e-09 1e-06
0.490 1.00e-09 1e-06
0.510 1.00e-09 2e-06
0.530 1.00e-09 2e-06
0.550 1.00e-09 2e-06
0.570 1.00e-09 2e-06
0.590 1.00e-09 3e-06
0.610 1.00e-09 3e-06
0.630 1.00e-09 4e-06
0.650 1.00e-09 5e-06
0.670 1.00e-09 6e-06
0.690 1.00e-09 7e-06
0.710 1.00e-09 9e-06
0.730 1.00e-09 1.2e-05
0.750 1.00e-09 1.4e-05
0.770 1.00e-09 1.7e-05
0.790 1.00e-09 1.7e-05
0.810 1.00e-09 1.2e-05
0.830 1.00e-09 1e-05
0.850 1.00e-09 9e-06
0.870 1.00e-09 8e-06
0.890 1.00e-09 7e-06
0.910 1.00e-09 7e-06
0.930 1.00e-09 7e-06
0.950 1.00e-09 7e-06
0.970 1.00e-09 7e-06
0.990 1.00e-09 7e-06
1.010 1.00e-09 1e-05
1.030 1.00e-09 1.3e-05
1.050 1.00e-09 8e-06
1.070 1.00e-09 8e-06
1.090 1.00e-09 8e-06
1.110 1.00e-09 8e-06
1.130 1.00e-09 8e-06
1.150 1.00e-09 9e-06
1.170 1.00e-09 9e-06
1.190 1.00e-09 9e-06
1.210 1.00e-09 1e-05
1.230 1.00e-09 1e-05
1.250 1.00e-09 1e-05
1.270 1.00e-09 1.1e-05
1.290 1.00e-09 1.2e-05
1.310 1.00e-09 1.2e-05
1.330 1.00e-09 1.3e-05
1.350 1.00e-09 1.3e-05
1.370 1.00e-09 1.4e-05
1.390 1.00e-09 1.5e-05
1.410 1.00e-09 1.6e-05
1.430 1.00e-09 1.6e-05
1.450 1.00e-09 1.8e-05
1.470 1.00e-09 1.8e-05
1.490 1.00e-09 1.9e-05
0.220 2.00e-09 1e-06
0.250 2.00e-09 1e-06
0.270 2.00e-09 1e-06
0.290 2.00e-09 2e-06
0.310 2.00e-09 2e-06
0.330 2.00e-09 2e-06
0.350 2.00e-09 3e-06
0.370 2.00e-09 3e-06
0.390 2.00e-09 3e-06
0.410 2.00e-09 4e-06
0.430 2.00e-09 4e-06
0.450 2.00e-09 5e-06
0.470 2.00e-09 5e-06
0.490 2.00e-09 6e-06
0.510 2.00e-09 7e-06
0.530 2.00e-09 7e-06
0.550 2.00e-09 8e-06
0.570 2.00e-09 9e-06
0.590 2.00e-09 1.1e-05
0.610 2.00e-09 1.2e-05
0.630 2.00e-09 1.5e-05
0.650 2.00e-09 1.8e-05
0.670 2.00e-09 2.2e-05
0.690 2.00e-09 2.8e-05
0.710 2.00e-09 3.7e-05
0.730 2.00e-09 4.6e-05
0.750 2.00e-09 5.7e-05
0.770 2.00e-09 6.8e-05
0.790 2.00e-09 6.8e-05
0.810 2.00e-09 4.8e-05
0.830 2.00e-09 4e-05
0.850 2.00e-09 3.5e-05
0.870 2.00e-09 3.2e-05
0.890 2.00e-09 2.9e-05
0.910 2.00e-09 2.8e-05
0.930 2.00e-09 2.7e-05
0.950 2.00e-09 2.6e-05
0.970 2.00e-09 2.6e-05
0.990 2.00e-09 2.7e-05
1.010 2.00e-09 4.1e-05
1.030 2.00e-09 5.2e-05
1.050 2.00e-09 3.2e-05
1.070 2.00e-09 3.1e-05
1.090 2.00e-09 3.2e-05
1.110 2.00e-09 3.2e-05
1.130 2.00e-09 3.3e-05
1.150 2.00e-09 3.4e-05
1.170 2.00e-09 3.5e-05
1.190 2.00e-09 3.6e-05
1.210 2.00e-09 3.8e-05
1.230 2.00e-09 4e-05
1.250 2.00e-09 4.2e-05
1.270 2.00e-09 4.3e-05
1.290 2.00e-09 4.6e-05
1.310 2.00e-09 4.8e-05
1.330 2.00e-09 5e-05
1.350 2.00e-09 5.3e-05
1.370 2.00e-09 5.6e-05
1.390 2.00e-09 5.9e-05
1.410 2.00e-09 6.3e-05
1.430 2.00e-09 6.5e-05
1.450 2.00e-09 7e-05
1.470 2.00e-09 7.2e-05
1.490 2.00e-09 7.7e-05
0.220 4.00e-09 3e-06
0.250 4.00e-09 5e-06
0.270 4.00e-09 6e-06
0.290 4.00e-09 7e-06
0.310 4.00e-09 8e-06
0.330 4.00e-09 9e-06
0.350 4.00e-09 1e-05
0.370 4.00e-09 1.2e-05
0.390 4.00e-09 1.3e-05
0.410 4.00e-09 1.5e-05
0.430 4.00e-09 1.7e-05
0.450 4.00e-09 1.9e-05
0.470 4.00e-09 2.1e-05
0.490 4.00e-09 2.3e-05
0.510 4.00e-09 2.6e-05
0.530 4.00e-09 3e-05
0.550 4.00e-09 3.4e-05
0.570 4.00e-09 3.7e-05
0.590 4.00e-09 4.3e-05
0.610 4.00e-09 5e-05
0.630 4.00e-09 6e-05
0.650 4.00e-09 7.2e-05
0.670 4.00e-09 8.9e-05
0.690 4.00e-09 0.000112
0.710 4.00e-09 0.000145
0.730 4.00e-09 0.000185
0.750 4.00e-09 0.000226
0.770 4.00e-09 0.000272
0.790 4.00e-09 0.000269
0.810 4.00e-09 0.000192
0.830 4.00e-09 0.00016
0.850 4.00e-09 0.000141
0.870 4.00e-09 0.000128
0.890 4.00e-09 0.000117
0.910 4.00e-09 0.000111
0.930 4.00e-09 0.000105
0.950 4.00e-09 0.000104
0.970 4.00e-09 0.000105
0.990 4.00e-09 0.000106
1.010 4.00e-09 0.000164
1.030 4.00e-09 0.000206
1.050 4.00e-09 0.000129
1.070 4.00e-09 0.000124
1.090 4.00e-09 0.000126
1.110 4.00e-09 0.000127
1.130 4.00e-09 0.000132
1.150 4.00e-09 0.000135
1.170 4.00e-09 0.000139
1.190 4.00e-09 0.000145
1.210 4.00e-09 0.000152
1.230 4.00e-09 0.000159
1.250 4.00e-09 0.000165
1.270 4.00e-09 0.000173
1.290 4.00e-09 0.000183
1.310 4.00e-09 0.000191
1.330 4.00e-09 0.0002
1.350 4.00e-09 0.000211
1.370 4.00e-09 0.000224
1.390 4.00e-09 0.000233
1.410 4.00e-09 0.000249
1.430 4.00e-09 0.000259
1.450 4.00e-09 0.000277
1.470 4.00e-09 0.000288
1.490 4.00e-09 0.000306
0.220 8.00e-09 1.2e-05
0.250 8.00e-09 1.8e-05
0.270 8.00e-09 2.2e-05
0.290 8.00e-09 2.9e-05
0.310 8.00e-09 3.1e-05
0.330 8.00e-09 3.6e-05
0.350 8.00e-09 4.1e-05
0.370 8.00e-09 4.7e-05
0.390 8.00e-09 5.3e-05
0.410 8.00e-09 6e-05
0.430 8.00e-09 6.8e-05
0.450 8.00e-09 7.5e-05
0.470 8.00e-09 8.4e-05
0.490 8.00e-09 9.3e-05
0.510 8.00e-09 0.000105
0.530 8.00e-09 0.000118
0.550 8.00e-09 0.000134
0.570 8.00e-09 0.000148
0.590 8.00e-09 0.000172
0.610 8.00e-09 0.000198
0.630 8.00e-09 0.000239
0.650 8.00e-09 0.000288
0.670 8.00e-09 0.000355
0.690 8.00e-09 0.000445
0.710 8.00e-09 0.000576
0.730 8.00e-09 0.000732
0.750 8.00e-09 0.000893
0.770 8.00e-09 0.001074
0.790 8.00e-09 0.001062
0.810 8.00e-09 0.000762
0.830 8.00e-09 0.000635
0.850 8.00e-09 0.000559
0.870 8.00e-09 0.000507
0.890 8.00e-09 0.000463
0.910 8.00e-09 0.000439
0.930 8.00e-09 0.000419
0.950 8.00e-09 0.000413
0.970 8.00e-09 0.000417
0.990 8.00e-09 0.000421
1.010 8.00e-09 0.000651
1.030 8.00e-09 0.000814
1.050 8.00e-09 0.000511
1.070 8.00e-09 0.000494
1.090 8.00e-09 0.000502
1.110 8.00e-09 0.000505
1.130 8.00e-09 0.000522
1.150 8.00e-09 0.000535
1.170 8.00e-09 0.000549
1.190 8.00e-09 0.000575
1.210 8.00e-09 0.000602
1.230 8.00e-09 0.000629
1.250 8.00e-09 0.000654
1.270 8.00e-09 0.000684
1.290 8.00e-09 0.000724
1.310 8.00e-09 0.000756
1.330 8.00e-09 0.000793
1.350 8.00e-09 0.000835
1.370 8.00e-09 0.000886
1.390 8.00e-09 0.000922
1.410 8.00e-09 0.000986
1.430 8.00e-09 0.001023
1.450 8.00e-09 0.001095
1.470 8.00e-09 0.001137
1.490 8.00e-09 0.001208
0.220 1.60e-08 4.6e-05
0.250 1.60e-08 7.3e-05
0.270 1.60e-08 8.9e-05
0.290 1.60e-08 0.000115
0.310 1.60e-08 0.000124
0.330 1.60e-08 0.000142
0.350 1.60e-08 0.000164
0.370 1.60e-08 0.000188
0.390 1.60e-08 0.000211
0.410 1.60e-08 0.000238
0.430 1.60e-08 0.000268
0.450 1.60e-08 0.000298
0.470 1.60e-08 0.000334
0.490 1.60e-08 0.000371
0.510 1.60e-08 0.000417
0.530 1.60e-08 0.000469
0.550 1.60e-08 0.000531
0.570 1.60e-08 0.000587
0.590 1.60e-08 0.000683
0.610 1.60e-08 0.000782
0.630 1.60e-08 0.000944
0.650 1.60e-08 0.001137
0.670 1.60e-08 0.001402
0.690 1.60e-08 0.001751
0.710 1.60e-08 0.002259
0.730 1.60e-08 0.002856
0.750 1.60e-08 0.003472
0.770 1.60e-08 0.004155
0.790 1.60e-08 0.004108
0.810 1.60e-08 0.002974
0.830 1.60e-08 0.002485
0.850 1.60e-08 0.00219
0.870 1.60e-08 0.001991
0.890 1.60e-08 0.001821
0.910 1.60e-08 0.001728
0.930 1.60e-08 0.001647
0.950 1.60e-08 0.001624
0.970 1.60e-08 0.001643
0.990 1.60e-08 0.001659
1.010 1.60e-08 0.002548
1.030 1.60e-08 0.003169
1.050 1.60e-08 0.002005
1.070 1.60e-08 0.001939
1.090 1.60e-08 0.00197
1.110 1.60e-08 0.001984
1.130 1.60e-08 0.002049
1.150 1.60e-08 0.002099
1.170 1.60e-08 0.002154
1.190 1.60e-08 0.002253
1.210 1.60e-08 0.002358
1.230 1.60e-08 0.002463
1.250 1.60e-08 0.002558
1.270 1.60e-08 0.00267
1.290 1.60e-08 0.002824
1.310 1.60e-08 0.002947
1.330 1.60e-08 0.003086
1.350 1.60e-08 0.003249
1.370 1.60e-08 0.003439
1.390 1.60e-08 0.003578
1.410 1.60e-08 0.003817
1.430 1.60e-08 0.003958
1.450 1.60e-08 0.004226
1.470 1.60e-08 0.004383
1.490 1.60e-08 0.00465
0.220 3.20e-08 0.000183
0.250 3.20e-08 0.000291
0.270 3.20e-08 0.000353
0.290 3.20e-08 0.000455
0.310 3.20e-08 0.00049
0.330 3.20e-08 0.000563
0.350 3.20e-08 0.000651
0.370 3.20e-08 0.000746
0.390 3.20e-08 0.000834
0.410 3.20e-08 0.000944
0.430 3.20e-08 0.001061
0.450 3.20e-08 0.001179
0.470 3.20e-08 0.001319
0.490 3.20e-08 0.001463
0.510 3.20e-08 0.001641
0.530 3.20e-08 0.001843
0.550 3.20e-08 0.002083
0.570 3.20e-08 0.002299
0.590 3.20e-08 0.002669
0.610 3.20e-08 0.00305
0.630 3.20e-08 0.003664
0.650 3.20e-08 0.004392
0.670 3.20e-08 0.005375
0.690 3.20e-08 0.006647
0.710 3.20e-08 0.008461
0.730 3.20e-08 0.010523
0.750 3.20e-08 0.01257
0.770 3.20e-08 0.014769
0.790 3.20e-08 0.014614
0.810 3.20e-08 0.010918
0.830 3.20e-08 0.009241
0.850 3.20e-08 0.008212
0.870 3.20e-08 0.007509
0.890 3.20e-08 0.006899
0.910 3.20e-08 0.006563
0.930 3.20e-08 0.006269
0.950 3.20e-08 0.006184
0.970 3.20e-08 0.006253
0.990 3.20e-08 0.006308
1.010 3.20e-08 0.009451
1.030 3.20e-08 0.011552
1.050 3.20e-08 0.007552
1.070 3.20e-08 0.007318
1.090 3.20e-08 0.007427
1.110 3.20e-08 0.007475
1.130 3.20e-08 0.007708
1.150 3.20e-08 0.007884
1.170 3.20e-08 0.008078
1.190 3.20e-08 0.008423
1.210 3.20e-08 0.008787
1.230 3.20e-08 0.00915
1.250 3.20e-08 0.009476
1.270 3.20e-08 0.009855
1.290 3.20e-08 0.010384
1.310 3.20e-08 0.010798
1.330 3.20e-08 0.011259
1.350 3.20e-08 0.011797
1.370 3.20e-08 0.01242
1.390 3.20e-08 0.012871
1.410 3.20e-08 0.013637
1.430 3.20e-08 0.014077
1.450 3.20e-08 0.01491
1.470 3.20e-08 0.015389
1.490 3.20e-08 0.016202
0.220 6.30e-08 0.000725
0.250 6.30e-08 0.00115
0.270 6.30e-08 0.001393
0.290 6.30e-08 0.00179
0.310 6.30e-08 0.001927
0.330 6.30e-08 0.002207
0.350 6.30e-08 0.002548
0.370 6.30e-08 0.002911
0.390 6.30e-08 0.00325
0.410 6.30e-08 0.003665
0.430 6.30e-08 0.004108
0.450 6.30e-08 0.00455
0.470 6.30e-08 0.005072
0.490 6.30e-08 0.005604
0.510 6.30e-08 0.006255
0.530 6.30e-08 0.006986
0.550 6.30e-08 0.007846
0.570 6.30e-08 0.008607
0.590 6.30e-08 0.009891
0.610 6.30e-08 0.011179
0.630 6.30e-08 0.013212
0.650 6.30e-08 0.015511
0.670 6.30e-08 0.018472
0.690 6.30e-08 0.022004
0.710 6.30e-08 0.026576
0.730 6.30e-08 0.031076
0.750 6.30e-08 0.0348
0.770 6.30e-08 0.038249
0.790 6.30e-08 0.037967
0.810 6.30e-08 0.031841
0.830 6.30e-08 0.028265
0.850 6.30e-08 0.025911
0.870 6.30e-08 0.024209
0.890 6.30e-08 0.022623
0.910 6.30e-08 0.021731
0.930 6.30e-08 0.02093
0.950 6.30e-08 0.020685
0.970 6.30e-08 0.020887
0.990 6.30e-08 0.02102
1.010 6.30e-08 0.028664
1.030 6.30e-08 0.032843
1.050 6.30e-08 0.024241
1.070 6.30e-08 0.023651
1.090 6.30e-08 0.023924
1.110 6.30e-08 0.024034
1.130 6.30e-08 0.024626
1.150 6.30e-08 0.025035
1.170 6.30e-08 0.025514
1.190 6.30e-08 0.026305
1.210 6.30e-08 0.027132
1.230 6.30e-08 0.027932
1.250 6.30e-08 0.028621
1.270 6.30e-08 0.029373
1.290 6.30e-08 0.0305
1.310 6.30e-08 0.031288
1.330 6.30e-08 0.032131
1.350 6.30e-08 0.033107
1.370 6.30e-08 0.034154
1.390 6.30e-08 0.034898
1.410 6.30e-08 0.03609
1.430 6.30e-08 0.036683
1.450 6.30e-08 0.037764
1.470 6.30e-08 0.038341
1.490 6.30e-08 0.039317
0.220 1.26e-07 0.002832
0.250 1.26e-07 0.004446
0.270 1.26e-07 0.00535
0.290 1.26e-07 0.006803
0.310 1.26e-07 0.007296
0.330 1.26e-07 0.008294
0.350 1.26e-07 0.009486
0.370 1.26e-07 0.010735
0.390 1.26e-07 0.011871
0.410 1.26e-07 0.013236
0.430 1.26e-07 0.014656
0.450 1.26e-07 0.016027
0.470 1.26e-07 0.017616
0.490 1.26e-07 0.019164
0.510 1.26e-07 0.021016
0.530 1.26e-07 0.022968
0.550 1.26e-07 0.025157
0.570 1.26e-07 0.026977
0.590 1.26e-07 0.029851
0.610 1.26e-07 0.03237
0.630 1.26e-07 0.036004
0.650 1.26e-07 0.039221
0.670 1.26e-07 0.04242
0.690 1.26e-07 0.04449
0.710 1.26e-07 0.045311
0.730 1.26e-07 0.043889
0.750 1.26e-07 0.041056
0.770 1.26e-07 0.037656
0.790 1.26e-07 0.037791
0.810 1.26e-07 0.043435
0.830 1.26e-07 0.044655
0.850 1.26e-07 0.04502
0.870 1.26e-07 0.045004
0.890 1.26e-07 0.044503
0.910 1.26e-07 0.044138
0.930 1.26e-07 0.043725
0.950 1.26e-07 0.043518
0.970 1.26e-07 0.043683
0.990 1.26e-07 0.043682
1.010 1.26e-07 0.044344
1.030 1.26e-07 0.042317
1.050 1.26e-07 0.044631
1.070 1.26e-07 0.04452
1.090 1.26e-07 0.044553
1.110 1.26e-07 0.044533
1.130 1.26e-07 0.044706
1.150 1.26e-07 0.04464
1.170 1.26e-07 0.04474
1.190 1.26e-07 0.044602
1.210 1.26e-07 0.044501
1.230 1.26e-07 0.044343
1.250 1.26e-07 0.044059
1.270 1.26e-07 0.043708
1.290 1.26e-07 0.04331
1.310 1.26e-07 0.042938
1.330 1.26e-07 0.042299
1.350 1.26e-07 0.041742
1.370 1.26e-07 0.040883
1.390 1.26e-07 0.040306
1.410 1.26e-07 0.039281
1.430 1.26e-07 0.038534
1.450 1.26e-07 0.037276
1.470 1.26e-07 0.036584
1.490 1.26e-07 0.035349
0.220 2.51e-07 0.010471
0.250 2.51e-07 0.015744
0.270 2.51e-07 0.01848
0.290 2.51e-07 0.022577
0.310 2.51e-07 0.023857
0.330 2.51e-07 0.026343
0.350 2.51e-07 0.029102
0.370 2.51e-07 0.031762
0.390 2.51e-07 0.033897
0.410 2.51e-07 0.03626
0.430 2.51e-07 0.038382
0.450 2.51e-07 0.040086
0.470 2.51e-07 0.041873
0.490 2.51e-07 0.043169
0.510 2.51e-07 0.04449
0.530 2.51e-07 0.045192
0.550 2.51e-07 0.04558
0.570 2.51e-07 0.045495
0.590 2.51e-07 0.044687
0.610 2.51e-07 0.043093
0.630 2.51e-07 0.04028
0.650 2.51e-07 0.03635
0.670 2.51e-07 0.031257
0.690 2.51e-07 0.025604
0.710 2.51e-07 0.019143
0.730 2.51e-07 0.013874
0.750 2.51e-07 0.010257
0.770 2.51e-07 0.007061
0.790 2.51e-07 0.007428
0.810 2.51e-07 0.013061
0.830 2.51e-07 0.017384
0.850 2.51e-07 0.020329
0.870 2.51e-07 0.02255
0.890 2.51e-07 0.024954
0.910 2.51e-07 0.026286
0.930 2.51e-07 0.027572
0.950 2.51e-07 0.028022
0.970 2.51e-07 0.027593
0.990 2.51e-07 0.027518
1.010 2.51e-07 0.017076
1.030 2.51e-07 0.01234
1.050 2.51e-07 0.02286
1.070 2.51e-07 0.023668
1.090 2.51e-07 0.023317
1.110 2.51e-07 0.023165
1.130 2.51e-07 0.02234
1.150 2.51e-07 0.021855
1.170 2.51e-07 0.021154
1.190 2.51e-07 0.020217
1.210 2.51e-07 0.019155
1.230 2.51e-07 0.018164
1.250 2.51e-07 0.017397
1.270 2.51e-07 0.01657
1.290 2.51e-07 0.015215
1.310 2.51e-07 0.014268
1.330 2.51e-07 0.013456
1.350 2.51e-07 0.012302
1.370 2.51e-07 0.011248
1.390 2.51e-07 0.010449
1.410 2.51e-07 0.009164
1.430 2.51e-07 0.008677
1.450 2.51e-07 0.007615
1.470 2.51e-07 0.007019
1.490 2.51e-07 0.006071
0.220 5.01e-07 0.031266
0.250 5.01e-07 0.040051
0.270 5.01e-07 0.042969
0.290 5.01e-07 0.045596
0.310 5.01e-07 0.045867
0.330 5.01e-07 0.046003
0.350 5.01e-07 0.045429
0.370 5.01e-07 0.044237
0.390 5.01e-07 0.042548
0.410 5.01e-07 0.040452
0.430 5.01e-07 0.037936
0.450 5.01e-07 0.035375
0.470 5.01e-07 0.032581
0.490 5.01e-07 0.029908
0.510 5.01e-07 0.02682
0.530 5.01e-07 0.023868
0.550 5.01e-07 0.020752
0.570 5.01e-07 0.018428
0.590 5.01e-07 0.01504
0.610 5.01e-07 0.012549
0.630 5.01e-07 0.008937
0.650 5.01e-07 0.006293
0.670 5.01e-07 0.003791
0.690 5.01e-07 0.002114
0.710 5.01e-07 0.00085
0.730 5.01e-07 0.000291
0.750 5.01e-07 0.000105
0.770 5.01e-07 3.1e-05
0.790 5.01e-07 3.4e-05
0.810 5.01e-07 0.000237
0.830 5.01e-07 0.000569
0.850 5.01e-07 0.000964
0.870 5.01e-07 0.001357
0.890 5.01e-07 0.001831
0.910 5.01e-07 0.002189
0.930 5.01e-07 0.002509
0.950 5.01e-07 0.002629
0.970 5.01e-07 0.002588
0.990 5.01e-07 0.002475
1.010 5.01e-07 0.000507
1.030 5.01e-07 0.000156
1.050 5.01e-07 0.001349
1.070 5.01e-07 0.001538
1.090 5.01e-07 0.001451
1.110 5.01e-07 0.001439
1.130 5.01e-07 0.001218
1.150 5.01e-07 0.001123
1.170 5.01e-07 0.001002
1.190 5.01e-07 0.000849
1.210 5.01e-07 0.000694
1.230 5.01e-07 0.000563
1.250 5.01e-07 0.000485
1.270 5.01e-07 0.000388
1.290 5.01e-07 0.000299
1.310 5.01e-07 0.00023
1.330 5.01e-07 0.00019
1.350 5.01e-07 0.000132
1.370 5.01e-07 9.6e-05
1.390 5.01e-07 6.7e-05
1.410 5.01e-07 4.3e-05
1.430 5.01e-07 3.4e-05
1.450 5.01e-07 2e-05
1.470 5.01e-07 1.4e-05
1.490 5.01e-07 8e-06
0.220 1.00e-06 0.044585
0.250 1.00e-06 0.035924
0.270 1.00e-06 0.030893
0.290 1.00e-06 0.023945
0.310 1.00e-06 0.022145
0.330 1.00e-06 0.018787
0.350 1.00e-06 0.015452
0.370 1.00e-06 0.012551
0.390 1.00e-06 0.010664
0.410 1.00e-06 0.008512
0.430 1.00e-06 0.006851
0.450 1.00e-06 0.005676
0.470 1.00e-06 0.004315
0.490 1.00e-06 0.003388
0.510 1.00e-06 0.002401
0.530 1.00e-06 0.001743
0.550 1.00e-06 0.00117
0.570 1.00e-06 0.000785
0.590 1.00e-06 0.000422
0.610 1.00e-06 0.000213
0.630 1.00e-06 7.5e-05
0.650 1.00e-06 2e-05
0.670 1.00e-06 4e-06
0.690 1.00e-06 0.0
0.710 1.00e-06 0.0
0.730 1.00e-06 0.0
0.750 1.00e-06 0.0
0.770 1.00e-06 0.0
0.790 1.00e-06 0.0
0.810 1.00e-06 0.0
0.830 1.00e-06 0.0
0.850 1.00e-06 0.0
0.870 1.00e-06 0.0
0.890 1.00e-06 0.0
0.910 1.00e-06 0.0
0.930 1.00e-06 0.0
0.950 1.00e-06 1e-06
0.970 1.00e-06 1e-06
0.990 1.00e-06 0.0
1.010 1.00e-06 0.0
1.030 1.00e-06 0.0
1.050 1.00e-06 0.0
1.070 1.00e-06 0.0
1.090 1.00e-06 0.0
1.110 1.00e-06 0.0
1.130 1.00e-06 0.0
1.150 1.00e-06 0.0
1.170 1.00e-06 0.0
1.190 1.00e-06 0.0
1.210 1.00e-06 0.0
1.230 1.00e-06 0.0
1.250 1.00e-06 0.0
1.270 1.00e-06 0.0
1.290 1.00e-06 0.0
1.310 1.00e-06 0.0
1.330 1.00e-06 0.0
1.350 1.00e-06 0.0
1.370 1.00e-06 0.0
1.390 1.00e-06 0.0
1.410 1.00e-06 0.0
1.430 1.00e-06 0.0
1.450 1.00e-06 0.0
1.470 1.00e-06 0.0
1.490 1.00e-06 0.0
0.220 1.99e-06 0.013002
0.250 1.99e-06 0.005628
0.270 1.99e-06 0.003638
0.290 1.99e-06 0.001847
0.310 1.99e-06 0.001459
0.330 1.99e-06 0.000925
0.350 1.99e-06 0.000532
0.370 1.99e-06 0.000294
0.390 1.99e-06 0.000167
0.410 1.99e-06 7.9e-05
0.430 1.99e-06 3.8e-05
0.450 1.99e-06 1.9e-05
0.470 1.99e-06 7e-06
0.490 1.99e-06 3e-06
0.510 1.99e-06 1e-06
0.530 1.99e-06 0.0
0.550 1.99e-06 0.0
0.570 1.99e-06 0.0
0.590 1.99e-06 0.0
0.610 1.99e-06 0.0
0.630 1.99e-06 0.0
0.650 1.99e-06 0.0
0.670 1.99e-06 0.0
0.690 1.99e-06 0.0
0.710 1.99e-06 0.0
0.730 1.99e-06 0.0
0.750 1.99e-06 0.0
0.770 1.99e-06 0.0
0.790 1.99e-06 0.0
0.810 1.99e-06 0.0
0.830 1.99e-06 0.0
0.850 1.99e-06 0.0
0.870 1.99e-06 0.0
0.890 1.99e-06 0.0
0.910 1.99e-06 0.0
0.930 1.99e-06 0.0
0.950 1.99e-06 0.0
0.970 1.99e-06 0.0
0.990 1.99e-06 0.0
1.010 1.99e-06 0.0
1.030 1.99e-06 0.0
1.050 1.99e-06 0.0
1.070 1.99e-06 0.0
1.090 1.99e-06 0.0
1.110 1.99e-06 0.0
1.130 1.99e-06 0.0
1.150 1.99e-06 0.0
1.170 1.99e-06 0.0
1.190 1.99e-06 0.0
1.210 1.99e-06 0.0
1.230 1.99e-06 0.0
1.250 1.99e-06 0.0
1.270 1.99e-06 0.0
1.290 1.99e-06 0.0
1.310 1.99e-06 0.0
1.330 1.99e-06 0.0
1.350 1.99e-06 0.0
1.370 1.99e-06 0.0
1.390 1.99e-06 0.0
1.410 1.99e-06 0.0
1.430 1.99e-06 0.0
1.450 1.99e-06 0.0
1.470 1.99e-06 0.0
1.490 1.99e-06 0.0
0.220 3.98e-06 0.000357
0.250 3.98e-06 2.6e-05
0.270 3.98e-06 6e-06
0.290 3.98e-06 1e-06
0.310 3.98e-06 0.0
0.330 3.98e-06 0.0
0.350 3.98e-06 0.0
0.370 3.98e-06 0.0
0.390 3.98e-06 0.0
0.410 3.98e-06 0.0
0.430 3.98e-06 0.0
0.450 3.98e-06 0.0
0.470 3.98e-06 0.0
0.490 3.98e-06 0.0
0.510 3.98e-06 0.0
0.530 3.98e-06 0.0
0.550 3.98e-06 0.0
0.570 3.98e-06 0.0
0.590 3.98e-06 0.0
0.610 3.98e-06 0.0
0.630 3.98e-06 0.0
0.650 3.98e-06 0.0
0.670 3.98e-06 0.0
0.690 3.98e-06 0.0
0.710 3.98e-06 0.0
0.730 3.98e-06 0.0
0.750 3.98e-06 0.0
0.770 3.98e-06 0.0
0.790 3.98e-06 0.0
0.810 3.98e-06 0.0
0.830 3.98e-06 0.0
0.850 3.98e-06 0.0
0.870 3.98e-06 0.0
0.890 3.98e-06 0.0
0.910 3.98e-06 0.0
0.930 3.98e-06 0.0
0.950 3.98e-06 0.0
0.970 3.98e-06 0.0
0.990 3.98e-06 0.0
1.010 3.98e-06 0.0
1.030 3.98e-06 0.0
1.050 3.98e-06 0.0
1.070 3.98e-06 0.0
1.090 3.98e-06 0.0
1.110 3.98e-06 0.0
1.130 3.98e-06 0.0
1.150 3.98e-06 0.0
1.170 3.98e-06 0.0
1.190 3.98e-06 0.0
1.210 3.98e-06 0.0
1.230 3.98e-06 0.0
1.250 3.98e-06 0.0
1.270 3.98e-06 0.0
1.290 3.98e-06 0.0
1.310 3.98e-06 0.0
1.330 3.98e-06 0.0
1.350 3.98e-06 0.0
1.370 3.98e-06 0.0
1.390 3.98e-06 0.0
1.410 3.98e-06 0.0
1.430 3.98e-06 0.0
1.450 3.98e-06 0.0
1.470 3.98e-06 0.0
1.490 3.98e-06 0.0
0.220 7.94e-06 0.0
0.250 7.94e-06 0.0
0.270 7.94e-06 0.0
0.290 7.94e-06 0.0
0.310 7.94e-06 0.0
0.330 7.94e-06 0.0
0.350 7.94e-06 0.0
0.370 7.94e-06 0.0
0.390 7.94e-06 0.0
0.410 7.94e-06 0.0
0.430 7.94e-06 0.0
0.450 7.94e-06 0.0
0.470 7.94e-06 0.0
0.490 7.94e-06 0.0
0.510 7.94e-06 0.0
0.530 7.94e-06 0.0
0.550 7.94e-06 0.0
0.570 7.94e-06 0.0
0.590 7.94e-06 0.0
0.610 7.94e-06 0.0
0.630 7.94e-06 0.0
0.650 7.94e-06 0.0
0.670 7.94e-06 0.0
0.690 7.94e-06 0.0
0.710 7.94e-06 0.0
0.730 7.94e-06 0.0
0.750 7.94e-06 0.0
0.770 7.94e-06 0.0
0.790 7.94e-06 0.0
0.810 7.94e-06 0.0
0.830 7.94e-06 0.0
0.850 7.94e-06 0.0
0.870 7.94e-06 0.0
0.890 7.94e-06 0.0
0.910 7.94e-06 0.0
0.930 7.94e-06 0.0
0.950 7.94e-06 0.0
0.970 7.94e-06 0.0
0.990 7.94e-06 0.0
1.010 7.94e-06 0.0
1.030 7.94e-06 0.0
1.050 7.94e-06 0.0
1.070 7.94e-06 0.0
1.090 7.94e-06 0.0
1.110 7.94e-06 0.0
1.130 7.94e-06 0.0
1.150 7.94e-06 0.0
1.170 7.94e-06 0.0
1.190 7.94e-06 0.0
1.210 7.94e-06 0.0
1.230 7.94e-06 0.0
1.250 7.94e-06 0.0
1.270 7.94e-06 0.0
1.290 7.94e-06 0.0
1.310 7.94e-06 0.0
1.330 7.94e-06 0.0
1.350 7.94e-06 0.0
1.370 7.94e-06 0.0
1.390 7.94e-06 0.0
1.410 7.94e-06 0.0
1.430 7.94e-06 0.0
1.450 7.94e-06 0.0
1.470 7.94e-06 0.0
1.490 7.94e-06 0.0
0.220 1.58e-05 0.0
0.250 1.58e-05 0.0
0.270 1.58e-05 0.0
0.290 1.58e-05 0.0
0.310 1.58e-05 0.0
0.330 1.58e-05 0.0
0.350 1.58e-05 0.0
0.370 1.58e-05 0.0
0.390 1.58e-05 0.0
0.410 1.58e-05 0.0
0.430 1.58e-05 0.0
0.450 1.58e-05 0.0
0.470 1.58e-05 0.0
0.490 1.58e-05 0.0
0.510 1.58e-05 0.0
0.530 1.58e-05 0.0
0.550 1.58e-05 0.0
0.570 1.58e-05 0.0
0.590 1.58e-05 0.0
0.610 1.58e-05 0.0
0.630 1.58e-05 0.0
0.650 1.58e-05 0.0
0.670 1.58e-05 0.0
0.690 1.58e-05 0.0
0.710 1.58e-05 0.0
0.730 1.58e-05 0.0
0.750 1.58e-05 0.0
0.770 1.58e-05 0.0
0.790 1.58e-05 0.0
0.810 1.58e-05 0.0
0.830 1.58e-05 0.0
0.850 1.58e-05 0.0
0.870 1.58e-05 0.0
0.890 1.58e-05 0.0
0.910 1.58e-05 0.0
0.930 1.58e-05 0.0
0.950 1.58e-05 0.0
0.970 1.58e-05 0.0
0.990 1.58e-05 0.0
1.010 1.58e-05 0.0
1.030 1.58e-05 0.0
1.050 1.58e-05 0.0
1.070 1.58e-05 0.0
1.090 1.58e-05 0.0
1.110 1.58e-05 0.0
1.130 1.58e-05 0.0
1.150 1.58e-05 0.0
1.170 1.58e-05 0.0
1.190 1.58e-05 0.0
1.210 1.58e-05 0.0
1.230 1.58e-05 0.0
1.250 1.58e-05 0.0
1.270 1.58e-05 0.0
1.290 1.58e-05 0.0
1.310 1.58e-05 0.0
1.330 1.58e-05 0.0
1.350 1.58e-05 0.0
1.370 1.58e-05 0.0
1.390 1.58e-05 0.0
1.410 1.58e-05 0.0
1.430 1.58e-05 0.0
1.450 1.58e-05 0.0
1.470 1.58e-05 0.0
1.490 1.58e-05 0.0
0.220 3.16e-05 0.0
0.250 3.16e-05 0.0
0.270 3.16e-05 0.0
0.290 3.16e-05 0.0
0.310 3.16e-05 0.0
0.330 3.16e-05 0.0
0.350 3.16e-05 0.0
0.370 3.16e-05 0.0
0.390 3.16e-05 0.0
0.410 3.16e-05 0.0
0.430 3.16e-05 0.0
0.450 3.16e-05 0.0
0.470 3.16e-05 0.0
0.490 3.16e-05 0.0
0.510 3.16e-05 0.0
0.530 3.16e-05 0.0
0.550 3.16e-05 0.0
0.570 3.16e-05 0.0
0.590 3.16e-05 0.0
0.610 3.16e-05 0.0
0.630 3.16e-05 0.0
0.650 3.16e-05 0.0
0.670 3.16e-05 0.0
0.690 3.16e-05 0.0
0.710 3.16e-05 0.0
0.730 3.16e-05 0.0
0.750 3.16e-05 0.0
0.770 3.16e-05 0.0
0.790 3.16e-05 0.0
0.810 3.16e-05 0.0
0.830 3.16e-05 0.0
0.850 3.16e-05 0.0
0.870 3.16e-05 0.0
0.890 3.16e-05 0.0
0.910 3.16e-05 0.0
0.930 3.16e-05 0.0
0.950 3.16e-05 0.0
0.970 3.16e-05 0.0
0.990 3.16e-05 0.0
1.010 3.16e-05 0.0
1.030 3.16e-05 0.0
1.050 3.16e-05 0.0
1.070 3.16e-05 0.0
1.090 3.16e-05 0.0
1.110 3.16e-05 0.0
1.130 3.16e-05 0.0
1.150 3.16e-05 0.0
1.170 3.16e-05 0.0
1.190 3.16e-05 0.0
1.210 3.16e-05 0.0
1.230 3.16e-05 0.0
1.250 3.16e-05 0.0
1.270 3.16e-05 0.0
1.290 3.16e-05 0.0
1.310 3.16e-05 0.0
1.330 3.16e-05 0.0
1.350 3.16e-05 0.0
1.370 3.16e-05 0.0
1.390 3.16e-05 0.0
1.410 3.16e-05 0.0
1.430 3.16e-05 0.0
1.450 3.16e-05 0.0
1.470 3.16e-05 0.0
1.490 3.16e-05 0.0
0.220 6.31e-05 0.0
0.250 6.31e-05 0.0
0.270 6.31e-05 0.0
0.290 6.31e-05 0.0
0.310 6.31e-05 0.0
0.330 6.31e-05 0.0
0.350 6.31e-05 0.0
0.370 6.31e-05 0.0
0.390 6.31e-05 0.0
0.410 6.31e-05 0.0
0.430 6.31e-05 0.0
0.450 6.31e-05 0.0
0.470 6.31e-05 0.0
0.490 6.31e-05 0.0
0.510 6.31e-05 0.0
0.530 6.31e-05 0.0
0.550 6.31e-05 0.0
0.570 6.31e-05 0.0
0.590 6.31e-05 0.0
0.610 6.31e-05 0.0
0.630 6.31e-05 0.0
0.650 6.31e-05 0.0
0.670 6.31e-05 0.0
0.690 6.31e-05 0.0
0.710 6.31e-05 0.0
0.730 6.31e-05 0.0
0.750 6.31e-05 0.0
0.770 6.31e-05 0.0
0.790 6.31e-05 0.0
0.810 6.31e-05 0.0
0.830 6.31e-05 0.0
0.850 6.31e-05 0.0
0.870 6.31e-05 0.0
0.890 6.31e-05 0.0
0.910 6.31e-05 0.0
0.930 6.31e-05 0.0
0.950 6.31e-05 0.0
0.970 6.31e-05 0.0
0.990 6.31e-05 0.0
1.010 6.31e-05 0.0
1.030 6.31e-05 0.0
1.050 6.31e-05 0.0
1.070 6.31e-05 0.0
1.090 6.31e-05 0.0
1.110 6.31e-05 0.0
1.130 6.31e-05 0.0
1.150 6.31e-05 0.0
1.170 6.31e-05 0.0
1.190 6.31e-05 0.0
1.210 6.31e-05 0.0
1.230 6.31e-05 0.0
1.250 6.31e-05 0.0
1.270 6.31e-05 0.0
1.290 6.31e-05 0.0
1.310 6.31e-05 0.0
1.330 6.31e-05 0.0
1.350 6.31e-05 0.0
1.370 6.31e-05 0.0
1.390 6.31e-05 0.0
1.410 6.31e-05 0.0
1.430 6.31e-05 0.0
1.450 6.31e-05 0.0
1.470 6.31e-05 0.0
1.490 6.31e-05 0.0
0.220 1.26e-04 0.0
0.250 1.26e-04 0.0
0.270 1.26e-04 0.0
0.290 1.26e-04 0.0
0.310 1.26e-04 0.0
0.330 1.26e-04 0.0
0.350 1.26e-04 0.0
0.370 1.26e-04 0.0
0.390 1.26e-04 0.0
0.410 1.26e-04 0.0
0.430 1.26e-04 0.0
0.450 1.26e-04 0.0
0.470 1.26e-04 0.0
0.490 1.26e-04 0.0
0.510 1.26e-04 0.0
0.530 1.26e-04 0.0
0.550 1.26e-04 0.0
0.570 1.26e-04 0.0
0.590 1.26e-04 0.0
0.610 1.26e-04 0.0
0.630 1.26e-04 0.0
0.650 1.26e-04 0.0
0.670 1.26e-04 0.0
0.690 1.26e-04 0.0
0.710 1.26e-04 0.0
0.730 1.26e-04 0.0
0.750 1.26e-04 0.0
0.770 1.26e-04 0.0
0.790 1.26e-04 0.0
0.810 1.26e-04 0.0
0.830 1.26e-04 0.0
0.850 1.26e-04 0.0
0.870 1.26e-04 0.0
0.890 1.26e-04 0.0
0.910 1.26e-04 0.0
0.930 1.26e-04 0.0
0.950 1.26e-04 0.0
0.970 1.26e-04 0.0
0.990 1.26e-04 0.0
1.010 1.26e-04 0.0
1.030 1.26e-04 0.0
1.050 1.26e-04 0.0
1.070 1.26e-04 0.0
1.090 1.26e-04 0.0
1.110 1.26e-04 0.0
1.130 1.26e-04 0.0
1.150 1.26e-04 0.0
1.170 1.26e-04 0.0
1.190 1.26e-04 0.0
1.210 1.26e-04 0.0
1.230 1.26e-04 0.0
1.250 1.26e-04 0.0
1.270 1.26e-04 0.0
1.290 1.26e-04 0.0
1.310 1.26e-04 0.0
1.330 1.26e-04 0.0
1.350 1.26e-04 0.0
1.370 1.26e-04 0.0
1.390 1.26e-04 0.0
1.410 1.26e-04 0.0
1.430 1.26e-04 0.0
1.450 1.26e-04 0.0
1.470 1.26e-04 0.0
1.490 1.26e-04 0.0
0.220 2.51e-04 0.0
0.250 2.51e-04 0.0
0.270 2.51e-04 0.0
0.290 2.51e-04 0.0
0.310 2.51e-04 0.0
0.330 2.51e-04 0.0
0.350 2.51e-04 0.0
0.370 2.51e-04 0.0
0.390 2.51e-04 0.0
0.410 2.51e-04 0.0
0.430 2.51e-04 0.0
0.450 2.51e-04 0.0
0.470 2.51e-04 0.0
0.490 2.51e-04 0.0
0.510 2.51e-04 0.0
0.530 2.51e-04 0.0
0.550 2.51e-04 0.0
0.570 2.51e-04 0.0
0.590 2.51e-04 0.0
0.610 2.51e-04 0.0
0.630 2.51e-04 0.0
0.650 2.51e-04 0.0
0.670 2.51e-04 0.0
0.690 2.51e-04 0.0
0.710 2.51e-04 0.0
0.730 2.51e-04 0.0
0.750 2.51e-04 0.0
0.770 2.51e-04 0.0
0.790 2.51e-04 0.0
0.810 2.51e-04 0.0
0.830 2.51e-04 0.0
0.850 2.51e-04 0.0
0.870 2.51e-04 0.0
0.890 2.51e-04 0.0
0.910 2.51e-04 0.0
0.930 2.51e-04 0.0
0.950 2.51e-04 0.0
0.970 2.51e-04 0.0
0.990 2.51e-04 0.0
1.010 2.51e-04 0.0
1.030 2.51e-04 0.0
1.050 2.51e-04 0.0
1.070 2.51e-04 0.0
1.090 2.51e-04 0.0
1.110 2.51e-04 0.0
1.130 2.51e-04 0.0
1.150 2.51e-04 0.0
1.170 2.51e-04 0.0
1.190 2.51e-04 0.0
1.210 2.51e-04 0.0
1.230 2.51e-04 0.0
1.250 2.51e-04 0.0
1.270 2.51e-04 0.0
1.290 2.51e-04 0.0
1.310 2.51e-04 0.0
1.330 2.51e-04 0.0
1.350 2.51e-04 0.0
1.370 2.51e-04 0.0
1.390 2.51e-04 0.0
1.410 2.51e-04 0.0
1.430 2.51e-04 0.0
1.450 2.51e-04 0.0
1.470 2.51e-04 0.0
1.490 2.51e-04 0.0
0.220 5.01e-04 0.0
0.250 5.01e-04 0.0
0.270 5.01e-04 0.0
0.290 5.01e-04 0.0
0.310 5.01e-04 0.0
0.330 5.01e-04 0.0
0.350 5.01e-04 0.0
0.370 5.01e-04 0.0
0.390 5.01e-04 0.0
0.410 5.01e-04 0.0
0.430 5.01e-04 0.0
0.450 5.01e-04 0.0
0.470 5.01e-04 0.0
0.490 5.01e-04 0.0
0.510 5.01e-04 0.0
0.530 5.01e-04 0.0
0.550 5.01e-04 0.0
0.570 5.01e-04 0.0
0.590 5.01e-04 0.0
0.610 5.01e-04 0.0
0.630 5.01e-04 0.0
0.650 5.01e-04 0.0
0.670 5.01e-04 0.0
0.690 5.01e-04 0.0
0.710 5.01e-04 0.0
0.730 5.01e-04 0.0
0.750 5.01e-04 0.0
0.770 5.01e-04 0.0
0.790 5.01e-04 0.0
0.810 5.01e-04 0.0
0.830 5.01e-04 0.0
0.850 5.01e-04 0.0
0.870 5.01e-04 0.0
0.890 5.01e-04 0.0
0.910 5.01e-04 0.0
0.930 5.01e-04 0.0
0.950 5.01e-04 0.0
0.970 5.01e-04 0.0
0.990 5.01e-04 0.0
1.010 5.01e-04 0.0
1.030 5.01e-04 0.0
1.050 5.01e-04 0.0
1.070 5.01e-04 0.0
1.090 5.01e-04 0.0
1.110 5.01e-04 0.0
1.130 5.01e-04 0.0
1.150 5.01e-04 0.0
1.170 5.01e-04 0.0
1.190 5.01e-04 0.0
1.210 5.01e-04 0.0
1.230 5.01e-04 0.0
1.250 5.01e-04 0.0
1.270 5.01e-04 0.0
1.290 5.01e-04 0.0
1.310 5.01e-04 0.0
1.330 5.01e-04 0.0
1.350 5.01e-04 0.0
1.370 5.01e-04 0.0
1.390 5.01e-04 0.0
1.410 5.01e-04 0.0
1.430 5.01e-04 0.0
1.450 5.01e-04 0.0
1.470 5.01e-04 0.0
1.490 5.01e-04 0.0
0.220 1.00e-03 0.0
0.250 1.00e-03 0.0
0.270 1.00e-03 0.0
0.290 1.00e-03 0.0
0.310 1.00e-03 0.0
0.330 1.00e-03 0.0
0.350 1.00e-03 0.0
0.370 1.00e-03 0.0
0.390 1.00e-03 0.0
0.410 1.00e-03 0.0
0.430 1.00e-03 0.0
0.450 1.00e-03 0.0
0.470 1.00e-03 0.0
0.490 1.00e-03 0.0
0.510 1.00e-03 0.0
0.530 1.00e-03 0.0
0.550 1.00e-03 0.0
0.570 1.00e-03 0.0
0.590 1.00e-03 0.0
0.610 1.00e-03 0.0
0.630 1.00e-03 0.0
0.650 1.00e-03 0.0
0.670 1.00e-03 0.0
0.690 1.00e-03 0.0
0.710 1.00e-03 0.0
0.730 1.00e-03 0.0
0.750 1.00e-03 0.0
0.770 1.00e-03 0.0
0.790 1.00e-03 0.0
0.810 1.00e-03 0.0
0.830 1.00e-03 0.0
0.850 1.00e-03 0.0
0.870 1.00e-03 0.0
0.890 1.00e-03 0.0
0.910 1.00e-03 0.0
0.930 1.00e-03 0.0
0.950 1.00e-03 0.0
0.970 1.00e-03 0.0
0.990 1.00e-03 0.0
1.010 1.00e-03 0.0
1.030 1.00e-03 0.0
1.050 1.00e-03 0.0
1.070 1.00e-03 0.0
1.090 1.00e-03 0.0
1.110 1.00e-03 0.0
1.130 1.00e-03 0.0
1.150 1.00e-03 0.0
1.170 1.00e-03 0.0
1.190 1.00e-03 0.0
1.210 1.00e-03 0.0
1.230 1.00e-03 0.0
1.250 1.00e-03 0.0
1.270 1.00e-03 0.0
1.290 1.00e-03 0.0
1.310 1.00e-03 0.0
1.330 1.00e-03 0.0
1.350 1.00e-03 0.0
1.370 1.00e-03 0.0
1.390 1.00e-03 0.0
1.410 1.00e-03 0.0
1.430 1.00e-03 0.0
1.450 1.00e-03 0.0
1.470 1.00e-03 0.0
1.490 1.00e-03 0.0
