0.001 1.00e-09 [1.]
0.002 1.00e-09 [1.]
0.003 1.00e-09 [1.]
0.004 1.00e-09 [1.]
0.005 1.00e-09 [1.]
0.007 1.00e-09 [1.]
0.010 1.00e-09 [1.]
0.020 1.00e-09 [1.]
0.040 1.00e-09 [1.]
0.060 1.00e-09 [1.]
0.080 1.00e-09 [1.]
0.100 1.00e-09 [1.]
0.120 1.00e-09 [1.]
0.001 2.00e-09 [1.]
0.002 2.00e-09 [1.]
0.003 2.00e-09 [1.]
0.004 2.00e-09 [1.]
0.005 2.00e-09 [1.]
0.007 2.00e-09 [1.]
0.010 2.00e-09 [1.]
0.020 2.00e-09 [1.]
0.040 2.00e-09 [1.]
0.060 2.00e-09 [1.]
0.080 2.00e-09 [1.]
0.100 2.00e-09 [1.]
0.120 2.00e-09 [1.]
0.001 4.00e-09 [1.]
0.002 4.00e-09 [1.]
0.003 4.00e-09 [1.]
0.004 4.00e-09 [1.]
0.005 4.00e-09 [1.]
0.007 4.00e-09 [1.]
0.010 4.00e-09 [1.]
0.020 4.00e-09 [1.]
0.040 4.00e-09 [1.]
0.060 4.00e-09 [1.]
0.080 4.00e-09 [1.]
0.100 4.00e-09 [1.]
0.120 4.00e-09 [1.]
0.001 8.00e-09 [1.]
0.002 8.00e-09 [1.]
0.003 8.00e-09 [1.]
0.004 8.00e-09 [1.]
0.005 8.00e-09 [1.]
0.007 8.00e-09 [1.]
0.010 8.00e-09 [1.]
0.020 8.00e-09 [1.]
0.040 8.00e-09 [1.]
0.060 8.00e-09 [1.]
0.080 8.00e-09 [1.]
0.100 8.00e-09 [1.]
0.120 8.00e-09 [1.]
0.001 1.60e-08 [1.]
0.002 1.60e-08 [1.]
0.003 1.60e-08 [1.]
0.004 1.60e-08 [1.]
0.005 1.60e-08 [1.]
0.007 1.60e-08 [1.]
0.010 1.60e-08 [1.]
0.020 1.60e-08 [1.]
0.040 1.60e-08 [1.]
0.060 1.60e-08 [1.]
0.080 1.60e-08 [1.]
0.100 1.60e-08 [1.]
0.120 1.60e-08 [1.]
0.001 3.20e-08 [1.]
0.002 3.20e-08 [1.]
0.003 3.20e-08 [1.]
0.004 3.20e-08 [1.]
0.005 3.20e-08 [1.]
0.007 3.20e-08 [1.]
0.010 3.20e-08 [1.]
0.020 3.20e-08 [1.]
0.040 3.20e-08 [1.]
0.060 3.20e-08 [1.]
0.080 3.20e-08 [1.]
0.100 3.20e-08 [1.]
0.120 3.20e-08 [1.]
0.001 6.30e-08 [1.]
0.002 6.30e-08 [1.]
0.003 6.30e-08 [1.]
0.004 6.30e-08 [1.]
0.005 6.30e-08 [1.]
0.007 6.30e-08 [1.]
0.010 6.30e-08 [1.]
0.020 6.30e-08 [1.]
0.040 6.30e-08 [1.]
0.060 6.30e-08 [1.]
0.080 6.30e-08 [1.]
0.100 6.30e-08 [1.]
0.120 6.30e-08 [1.]
0.001 1.26e-07 [1.]
0.002 1.26e-07 [1.]
0.003 1.26e-07 [1.]
0.004 1.26e-07 [1.]
0.005 1.26e-07 [1.]
0.007 1.26e-07 [1.]
0.010 1.26e-07 [1.]
0.020 1.26e-07 [1.]
0.040 1.26e-07 [1.]
0.060 1.26e-07 [1.]
0.080 1.26e-07 [1.]
0.100 1.26e-07 [1.]
0.120 1.26e-07 [1.]
0.001 2.51e-07 [1.]
0.002 2.51e-07 [1.]
0.003 2.51e-07 [1.]
0.004 2.51e-07 [1.]
0.005 2.51e-07 [1.]
0.007 2.51e-07 [1.]
0.010 2.51e-07 [1.]
0.020 2.51e-07 [1.]
0.040 2.51e-07 [1.]
0.060 2.51e-07 [1.]
0.080 2.51e-07 [1.]
0.100 2.51e-07 [1.]
0.120 2.51e-07 [1.]
0.001 5.01e-07 [1.]
0.002 5.01e-07 [1.]
0.003 5.01e-07 [1.]
0.004 5.01e-07 [1.]
0.005 5.01e-07 [1.]
0.007 5.01e-07 [1.]
0.010 5.01e-07 [1.]
0.020 5.01e-07 [1.]
0.040 5.01e-07 [1.]
0.060 5.01e-07 [1.]
0.080 5.01e-07 [1.]
0.100 5.01e-07 [1.]
0.120 5.01e-07 [1.]
0.001 1.00e-06 [1.]
0.002 1.00e-06 [1.]
0.003 1.00e-06 [1.]
0.004 1.00e-06 [1.]
0.005 1.00e-06 [1.]
0.007 1.00e-06 [1.]
0.010 1.00e-06 [1.]
0.020 1.00e-06 [1.]
0.040 1.00e-06 [1.]
0.060 1.00e-06 [1.]
0.080 1.00e-06 [1.]
0.100 1.00e-06 [1.]
0.120 1.00e-06 [1.]
0.001 1.99e-06 [1.]
0.002 1.99e-06 [1.]
0.003 1.99e-06 [1.]
0.004 1.99e-06 [1.]
0.005 1.99e-06 [1.]
0.007 1.99e-06 [1.]
0.010 1.99e-06 [1.]
0.020 1.99e-06 [1.]
0.040 1.99e-06 [1.]
0.060 1.99e-06 [1.]
0.080 1.99e-06 [1.]
0.100 1.99e-06 [1.]
0.120 1.99e-06 [1.]
0.001 3.98e-06 [1.]
0.002 3.98e-06 [1.]
0.003 3.98e-06 [1.]
0.004 3.98e-06 [1.]
0.005 3.98e-06 [1.]
0.007 3.98e-06 [1.]
0.010 3.98e-06 [1.]
0.020 3.98e-06 [1.]
0.040 3.98e-06 [1.]
0.060 3.98e-06 [1.]
0.080 3.98e-06 [1.]
0.100 3.98e-06 [1.]
0.120 3.98e-06 [1.]
0.001 7.94e-06 [1.]
0.002 7.94e-06 [1.]
0.003 7.94e-06 [1.]
0.004 7.94e-06 [1.]
0.005 7.94e-06 [1.]
0.007 7.94e-06 [1.]
0.010 7.94e-06 [1.]
0.020 7.94e-06 [1.]
0.040 7.94e-06 [1.]
0.060 7.94e-06 [1.]
0.080 7.94e-06 [1.]
0.100 7.94e-06 [1.]
0.120 7.94e-06 [1.]
0.001 1.58e-05 [1.]
0.002 1.58e-05 [1.]
0.003 1.58e-05 [1.]
0.004 1.58e-05 [1.]
0.005 1.58e-05 [1.]
0.007 1.58e-05 [1.]
0.010 1.58e-05 [1.]
0.020 1.58e-05 [1.]
0.040 1.58e-05 [1.]
0.060 1.58e-05 [1.]
0.080 1.58e-05 [1.]
0.100 1.58e-05 [1.]
0.120 1.58e-05 [1.]
0.001 3.16e-05 [1.]
0.002 3.16e-05 [1.]
0.003 3.16e-05 [1.]
0.004 3.16e-05 [1.]
0.005 3.16e-05 [1.]
0.007 3.16e-05 [1.]
0.010 3.16e-05 [1.]
0.020 3.16e-05 [1.]
0.040 3.16e-05 [1.]
0.060 3.16e-05 [1.]
0.080 3.16e-05 [1.]
0.100 3.16e-05 [1.]
0.120 3.16e-05 [1.]
0.001 6.31e-05 [1.]
0.002 6.31e-05 [1.]
0.003 6.31e-05 [1.]
0.004 6.31e-05 [1.]
0.005 6.31e-05 [1.]
0.007 6.31e-05 [1.]
0.010 6.31e-05 [1.]
0.020 6.31e-05 [1.]
0.040 6.31e-05 [1.]
0.060 6.31e-05 [1.]
0.080 6.31e-05 [1.]
0.100 6.31e-05 [1.]
0.120 6.31e-05 [1.]
0.001 1.26e-04 [1.]
0.002 1.26e-04 [1.]
0.003 1.26e-04 [1.]
0.004 1.26e-04 [1.]
0.005 1.26e-04 [1.]
0.007 1.26e-04 [1.]
0.010 1.26e-04 [1.]
0.020 1.26e-04 [1.]
0.040 1.26e-04 [1.]
0.060 1.26e-04 [1.]
0.080 1.26e-04 [1.]
0.100 1.26e-04 [1.]
0.120 1.26e-04 [1.]
0.001 2.51e-04 [1.]
0.002 2.51e-04 [1.]
0.003 2.51e-04 [1.]
0.004 2.51e-04 [1.]
0.005 2.51e-04 [1.]
0.007 2.51e-04 [1.]
0.010 2.51e-04 [1.]
0.020 2.51e-04 [1.]
0.040 2.51e-04 [1.]
0.060 2.51e-04 [1.]
0.080 2.51e-04 [1.]
0.100 2.51e-04 [1.]
0.120 2.51e-04 [1.]
0.001 5.01e-04 [1.]
0.002 5.01e-04 [1.]
0.003 5.01e-04 [1.]
0.004 5.01e-04 [1.]
0.005 5.01e-04 [1.]
0.007 5.01e-04 [1.]
0.010 5.01e-04 [1.]
0.020 5.01e-04 [1.]
0.040 5.01e-04 [1.]
0.060 5.01e-04 [1.]
0.080 5.01e-04 [1.]
0.100 5.01e-04 [1.]
0.120 5.01e-04 [1.]
0.001 1.00e-03 [1.]
0.002 1.00e-03 [1.]
0.003 1.00e-03 [1.]
0.004 1.00e-03 [1.]
0.005 1.00e-03 [1.]
0.007 1.00e-03 [1.]
0.010 1.00e-03 [1.]
0.020 1.00e-03 [1.]
0.040 1.00e-03 [1.]
0.060 1.00e-03 [1.]
0.080 1.00e-03 [1.]
0.100 1.00e-03 [1.]
0.120 1.00e-03 [1.]
