0.001 1.00e-09 [0.00797478]
0.002 1.00e-09 [0.00797479]
0.003 1.00e-09 [0.00797481]
0.004 1.00e-09 [0.00797483]
0.005 1.00e-09 [0.00797486]
0.007 1.00e-09 [0.00797494]
0.010 1.00e-09 [0.00797512]
0.020 1.00e-09 [0.00797618]
0.040 1.00e-09 [0.00798073]
0.060 1.00e-09 [0.0079494]
0.080 1.00e-09 [0.00797322]
0.100 1.00e-09 [0.00800661]
0.120 1.00e-09 [0.0080522]
0.140 1.00e-09 [0.00811326]
0.160 1.00e-09 [0.0082134]
0.180 1.00e-09 [0.0083306]
0.200 1.00e-09 [0.0084543]
0.220 1.00e-09 [0.00860871]
0.250 1.00e-09 [0.00890878]
0.270 1.00e-09 [0.00916105]
0.290 1.00e-09 [0.00948175]
0.310 1.00e-09 [0.00983798]
0.330 1.00e-09 [0.01026951]
0.350 1.00e-09 [0.01077641]
0.370 1.00e-09 [0.01137284]
0.390 1.00e-09 [0.01207848]
0.410 1.00e-09 [0.01292898]
0.430 1.00e-09 [0.01394261]
0.450 1.00e-09 [0.015165]
0.470 1.00e-09 [0.01667577]
0.490 1.00e-09 [0.01844822]
0.510 1.00e-09 [0.0206909]
0.530 1.00e-09 [0.02351862]
0.550 1.00e-09 [0.0271198]
0.570 1.00e-09 [0.03173297]
0.590 1.00e-09 [0.03757679]
0.610 1.00e-09 [0.04597007]
0.630 1.00e-09 [0.058176]
0.650 1.00e-09 [0.07514253]
0.670 1.00e-09 [0.10058864]
0.690 1.00e-09 [0.15255038]
0.710 1.00e-09 [0.25412602]
0.730 1.00e-09 [0.52967732]
0.750 1.00e-09 [6.00738401]
0.770 1.00e-09 [15.87197277]
0.790 1.00e-09 [9.94876318]
0.810 1.00e-09 [0.47917574]
0.830 1.00e-09 [0.31748704]
0.850 1.00e-09 [0.16928658]
0.870 1.00e-09 [0.1280213]
0.890 1.00e-09 [0.0899577]
0.910 1.00e-09 [0.07332513]
0.930 1.00e-09 [0.05717458]
0.950 1.00e-09 [0.0492635]
0.970 1.00e-09 [0.04135241]
0.990 1.00e-09 [0.03682419]
1.010 1.00e-09 [0.03274182]
1.030 1.00e-09 [0.02983408]
1.050 1.00e-09 [0.02767644]
1.070 1.00e-09 [0.02575785]
1.090 1.00e-09 [0.02463634]
1.110 1.00e-09 [0.02351484]
1.130 1.00e-09 [0.02270848]
1.150 1.00e-09 [0.02201292]
1.170 1.00e-09 [0.02127517]
1.190 1.00e-09 [0.02026144]
1.210 1.00e-09 [0.01924771]
1.230 1.00e-09 [0.01787735]
1.250 1.00e-09 [0.0159795]
1.270 1.00e-09 [0.01408165]
1.290 1.00e-09 [0.01211273]
1.310 1.00e-09 [0.01008485]
1.330 1.00e-09 [0.00805697]
1.350 1.00e-09 [0.00646882]
1.370 1.00e-09 [0.00523164]
1.390 1.00e-09 [0.00399447]
1.410 1.00e-09 [0.00304407]
1.430 1.00e-09 [0.00248026]
1.450 1.00e-09 [0.00191645]
1.470 1.00e-09 [0.00140193]
1.490 1.00e-09 [0.00116832]
0.001 2.00e-09 [0.03189913]
0.002 2.00e-09 [0.03189916]
0.003 2.00e-09 [0.03189923]
0.004 2.00e-09 [0.03189932]
0.005 2.00e-09 [0.03189945]
0.007 2.00e-09 [0.03189978]
0.010 2.00e-09 [0.03190049]
0.020 2.00e-09 [0.03190471]
0.040 2.00e-09 [0.03192292]
0.060 2.00e-09 [0.03179758]
0.080 2.00e-09 [0.03189288]
0.100 2.00e-09 [0.03202645]
0.120 2.00e-09 [0.03220881]
0.140 2.00e-09 [0.03245305]
0.160 2.00e-09 [0.03285359]
0.180 2.00e-09 [0.0333224]
0.200 2.00e-09 [0.03381719]
0.220 2.00e-09 [0.03443482]
0.250 2.00e-09 [0.03563511]
0.270 2.00e-09 [0.03664419]
0.290 2.00e-09 [0.03792699]
0.310 2.00e-09 [0.0393519]
0.330 2.00e-09 [0.04107806]
0.350 2.00e-09 [0.04310563]
0.370 2.00e-09 [0.04549135]
0.390 2.00e-09 [0.04831394]
0.410 2.00e-09 [0.05171592]
0.430 2.00e-09 [0.05577044]
0.450 2.00e-09 [0.06066]
0.470 2.00e-09 [0.06670308]
0.490 2.00e-09 [0.07379289]
0.510 2.00e-09 [0.08276359]
0.530 2.00e-09 [0.09407446]
0.550 2.00e-09 [0.10847919]
0.570 2.00e-09 [0.12693188]
0.590 2.00e-09 [0.15030718]
0.610 2.00e-09 [0.18388027]
0.630 2.00e-09 [0.23270401]
0.650 2.00e-09 [0.30057011]
0.670 2.00e-09 [0.40235457]
0.690 2.00e-09 [0.61020153]
0.710 2.00e-09 [1.0165041]
0.730 2.00e-09 [2.11870928]
0.750 2.00e-09 [24.02953604]
0.770 2.00e-09 [63.48789108]
0.790 2.00e-09 [39.79505273]
0.810 2.00e-09 [1.91670295]
0.830 2.00e-09 [1.26994816]
0.850 2.00e-09 [0.6771463]
0.870 2.00e-09 [0.51208519]
0.890 2.00e-09 [0.35983081]
0.910 2.00e-09 [0.29330051]
0.930 2.00e-09 [0.22869832]
0.950 2.00e-09 [0.19705398]
0.970 2.00e-09 [0.16540964]
0.990 2.00e-09 [0.14729675]
1.010 2.00e-09 [0.1309673]
1.030 2.00e-09 [0.11933632]
1.050 2.00e-09 [0.11070574]
1.070 2.00e-09 [0.10303138]
1.090 2.00e-09 [0.09854537]
1.110 2.00e-09 [0.09405935]
1.130 2.00e-09 [0.09083392]
1.150 2.00e-09 [0.08805166]
1.170 2.00e-09 [0.08510067]
1.190 2.00e-09 [0.08104575]
1.210 2.00e-09 [0.07699083]
1.230 2.00e-09 [0.0715094]
1.250 2.00e-09 [0.06391801]
1.270 2.00e-09 [0.05632661]
1.290 2.00e-09 [0.04845094]
1.310 2.00e-09 [0.0403394]
1.330 2.00e-09 [0.03222786]
1.350 2.00e-09 [0.02587526]
1.370 2.00e-09 [0.02092657]
1.390 2.00e-09 [0.01597788]
1.410 2.00e-09 [0.01217628]
1.430 2.00e-09 [0.00992104]
1.450 2.00e-09 [0.00766579]
1.470 2.00e-09 [0.00560771]
1.490 2.00e-09 [0.00467329]
0.001 4.00e-09 [0.1275965]
0.002 4.00e-09 [0.12759663]
0.003 4.00e-09 [0.12759691]
0.004 4.00e-09 [0.12759729]
0.005 4.00e-09 [0.12759779]
0.007 4.00e-09 [0.12759911]
0.010 4.00e-09 [0.12760194]
0.020 4.00e-09 [0.12761885]
0.040 4.00e-09 [0.12769167]
0.060 4.00e-09 [0.12719032]
0.080 4.00e-09 [0.12757151]
0.100 4.00e-09 [0.1281058]
0.120 4.00e-09 [0.12883523]
0.140 4.00e-09 [0.1298122]
0.160 4.00e-09 [0.13141437]
0.180 4.00e-09 [0.13328959]
0.200 4.00e-09 [0.13526877]
0.220 4.00e-09 [0.13773929]
0.250 4.00e-09 [0.14254042]
0.270 4.00e-09 [0.14657677]
0.290 4.00e-09 [0.15170796]
0.310 4.00e-09 [0.15740761]
0.330 4.00e-09 [0.16431224]
0.350 4.00e-09 [0.17242253]
0.370 4.00e-09 [0.18196542]
0.390 4.00e-09 [0.19325576]
0.410 4.00e-09 [0.20686367]
0.430 4.00e-09 [0.22308174]
0.450 4.00e-09 [0.24264001]
0.470 4.00e-09 [0.26681233]
0.490 4.00e-09 [0.29517155]
0.510 4.00e-09 [0.33105438]
0.530 4.00e-09 [0.37629785]
0.550 4.00e-09 [0.43391677]
0.570 4.00e-09 [0.50772753]
0.590 4.00e-09 [0.60122871]
0.610 4.00e-09 [0.73552107]
0.630 4.00e-09 [0.93081604]
0.650 4.00e-09 [1.20228043]
0.670 4.00e-09 [1.60941827]
0.690 4.00e-09 [2.44080611]
0.710 4.00e-09 [4.06601639]
0.730 4.00e-09 [8.47483711]
0.750 4.00e-09 [96.11814417]
0.770 4.00e-09 [253.95156431]
0.790 4.00e-09 [159.18021092]
0.810 4.00e-09 [7.66681181]
0.830 4.00e-09 [5.07979266]
0.850 4.00e-09 [2.7085852]
0.870 4.00e-09 [2.04834077]
0.890 4.00e-09 [1.43932322]
0.910 4.00e-09 [1.17320206]
0.930 4.00e-09 [0.91479329]
0.950 4.00e-09 [0.78821593]
0.970 4.00e-09 [0.66163857]
0.990 4.00e-09 [0.589187]
1.010 4.00e-09 [0.52386918]
1.030 4.00e-09 [0.47734527]
1.050 4.00e-09 [0.44282296]
1.070 4.00e-09 [0.41212553]
1.090 4.00e-09 [0.39418147]
1.110 4.00e-09 [0.37623741]
1.130 4.00e-09 [0.36333569]
1.150 4.00e-09 [0.35220665]
1.170 4.00e-09 [0.34040266]
1.190 4.00e-09 [0.32418299]
1.210 4.00e-09 [0.30796333]
1.230 4.00e-09 [0.28603761]
1.250 4.00e-09 [0.25567203]
1.270 4.00e-09 [0.22530645]
1.290 4.00e-09 [0.19380375]
1.310 4.00e-09 [0.1613576]
1.330 4.00e-09 [0.12891144]
1.350 4.00e-09 [0.10350105]
1.370 4.00e-09 [0.08370628]
1.390 4.00e-09 [0.06391152]
1.410 4.00e-09 [0.04870512]
1.430 4.00e-09 [0.03968414]
1.450 4.00e-09 [0.03066317]
1.470 4.00e-09 [0.02243083]
1.490 4.00e-09 [0.01869318]
0.001 8.00e-09 [0.51038601]
0.002 8.00e-09 [0.51038652]
0.003 8.00e-09 [0.51038763]
0.004 8.00e-09 [0.51038917]
0.005 8.00e-09 [0.51039115]
0.007 8.00e-09 [0.51039645]
0.010 8.00e-09 [0.51040776]
0.020 8.00e-09 [0.51047539]
0.040 8.00e-09 [0.51076668]
0.060 8.00e-09 [0.50876129]
0.080 8.00e-09 [0.51028603]
0.100 8.00e-09 [0.51242319]
0.120 8.00e-09 [0.51534093]
0.140 8.00e-09 [0.51924881]
0.160 8.00e-09 [0.52565748]
0.180 8.00e-09 [0.53315838]
0.200 8.00e-09 [0.54107507]
0.220 8.00e-09 [0.55095717]
0.250 8.00e-09 [0.57016169]
0.270 8.00e-09 [0.58630708]
0.290 8.00e-09 [0.60683185]
0.310 8.00e-09 [0.62963046]
0.330 8.00e-09 [0.65724896]
0.350 8.00e-09 [0.68969011]
0.370 8.00e-09 [0.72786168]
0.390 8.00e-09 [0.77302303]
0.410 8.00e-09 [0.82745468]
0.430 8.00e-09 [0.89232698]
0.450 8.00e-09 [0.97056005]
0.470 8.00e-09 [1.06724932]
0.490 8.00e-09 [1.18068621]
0.510 8.00e-09 [1.32421752]
0.530 8.00e-09 [1.50519141]
0.550 8.00e-09 [1.73566708]
0.570 8.00e-09 [2.03091014]
0.590 8.00e-09 [2.40491484]
0.610 8.00e-09 [2.94208427]
0.630 8.00e-09 [3.72326416]
0.650 8.00e-09 [4.80912171]
0.670 8.00e-09 [6.43767309]
0.690 8.00e-09 [9.76322442]
0.710 8.00e-09 [16.26406556]
0.730 8.00e-09 [33.89934843]
0.750 8.00e-09 [384.4725767]
0.770 8.00e-09 [1015.80625722]
0.790 8.00e-09 [636.72084366]
0.810 8.00e-09 [30.66724722]
0.830 8.00e-09 [20.31917063]
0.850 8.00e-09 [10.83434081]
0.870 8.00e-09 [8.1933631]
0.890 8.00e-09 [5.75729288]
0.910 8.00e-09 [4.69280822]
0.930 8.00e-09 [3.65917317]
0.950 8.00e-09 [3.15286373]
0.970 8.00e-09 [2.64655429]
0.990 8.00e-09 [2.35674802]
1.010 8.00e-09 [2.09547673]
1.030 8.00e-09 [1.90938109]
1.050 8.00e-09 [1.77129185]
1.070 8.00e-09 [1.64850213]
1.090 8.00e-09 [1.57672588]
1.110 8.00e-09 [1.50494964]
1.130 8.00e-09 [1.45334276]
1.150 8.00e-09 [1.4088266]
1.170 8.00e-09 [1.36161065]
1.190 8.00e-09 [1.29673198]
1.210 8.00e-09 [1.2318533]
1.230 8.00e-09 [1.14415043]
1.250 8.00e-09 [1.02268811]
1.270 8.00e-09 [0.90122579]
1.290 8.00e-09 [0.775215]
1.310 8.00e-09 [0.64543039]
1.330 8.00e-09 [0.51564577]
1.350 8.00e-09 [0.41400418]
1.370 8.00e-09 [0.33482514]
1.390 8.00e-09 [0.2556461]
1.410 8.00e-09 [0.19482046]
1.430 8.00e-09 [0.15873657]
1.450 8.00e-09 [0.12265267]
1.470 8.00e-09 [0.08972333]
1.490 8.00e-09 [0.07477271]
0.001 1.60e-08 [2.04154406]
0.002 1.60e-08 [2.04154609]
0.003 1.60e-08 [2.0415505]
0.004 1.60e-08 [2.04155667]
0.005 1.60e-08 [2.04156461]
0.007 1.60e-08 [2.04158581]
0.010 1.60e-08 [2.04163105]
0.020 1.60e-08 [2.04190156]
0.040 1.60e-08 [2.04306671]
0.060 1.60e-08 [2.03504515]
0.080 1.60e-08 [2.04114413]
0.100 1.60e-08 [2.04969277]
0.120 1.60e-08 [2.06136371]
0.140 1.60e-08 [2.07699525]
0.160 1.60e-08 [2.10262993]
0.180 1.60e-08 [2.13263351]
0.200 1.60e-08 [2.16430029]
0.220 1.60e-08 [2.2038287]
0.250 1.60e-08 [2.28064676]
0.270 1.60e-08 [2.34522832]
0.290 1.60e-08 [2.4273274]
0.310 1.60e-08 [2.51852183]
0.330 1.60e-08 [2.62899583]
0.350 1.60e-08 [2.75876044]
0.370 1.60e-08 [2.91144672]
0.390 1.60e-08 [3.09209211]
0.410 1.60e-08 [3.30981873]
0.430 1.60e-08 [3.56930792]
0.450 1.60e-08 [3.88224019]
0.470 1.60e-08 [4.2689973]
0.490 1.60e-08 [4.72274486]
0.510 1.60e-08 [5.29687008]
0.530 1.60e-08 [6.02076566]
0.550 1.60e-08 [6.94266831]
0.570 1.60e-08 [8.12364055]
0.590 1.60e-08 [9.61965937]
0.610 1.60e-08 [11.76833707]
0.630 1.60e-08 [14.89305666]
0.650 1.60e-08 [19.23648685]
0.670 1.60e-08 [25.75069235]
0.690 1.60e-08 [39.05289769]
0.710 1.60e-08 [65.05626224]
0.730 1.60e-08 [135.59739372]
0.750 1.60e-08 [1537.8903068]
0.770 1.60e-08 [4063.22502889]
0.790 1.60e-08 [2546.88337465]
0.810 1.60e-08 [122.66898889]
0.830 1.60e-08 [81.27668253]
0.850 1.60e-08 [43.33736323]
0.870 1.60e-08 [32.77345239]
0.890 1.60e-08 [23.02917153]
0.910 1.60e-08 [18.7712329]
0.930 1.60e-08 [14.63669267]
0.950 1.60e-08 [12.61145492]
0.970 1.60e-08 [10.58621718]
0.990 1.60e-08 [9.42699207]
1.010 1.60e-08 [8.38190691]
1.030 1.60e-08 [7.63752438]
1.050 1.60e-08 [7.08516739]
1.070 1.60e-08 [6.59400852]
1.090 1.60e-08 [6.30690353]
1.110 1.60e-08 [6.01979855]
1.130 1.60e-08 [5.81337103]
1.150 1.60e-08 [5.6353064]
1.170 1.60e-08 [5.44644261]
1.190 1.60e-08 [5.18692791]
1.210 1.60e-08 [4.92741321]
1.230 1.60e-08 [4.57660172]
1.250 1.60e-08 [4.09075244]
1.270 1.60e-08 [3.60490315]
1.290 1.60e-08 [3.10086001]
1.310 1.60e-08 [2.58172155]
1.330 1.60e-08 [2.06258308]
1.350 1.60e-08 [1.65601673]
1.370 1.60e-08 [1.33930056]
1.390 1.60e-08 [1.02258439]
1.410 1.60e-08 [0.77928185]
1.430 1.60e-08 [0.63494627]
1.450 1.60e-08 [0.4906107]
1.470 1.60e-08 [0.35889331]
1.490 1.60e-08 [0.29909085]
0.001 3.20e-08 [8.16617623]
0.002 3.20e-08 [8.16618438]
0.003 3.20e-08 [8.166202]
0.004 3.20e-08 [8.16622668]
0.005 3.20e-08 [8.16625846]
0.007 3.20e-08 [8.16634324]
0.010 3.20e-08 [8.1665242]
0.020 3.20e-08 [8.16760622]
0.040 3.20e-08 [8.17226686]
0.060 3.20e-08 [8.1401806]
0.080 3.20e-08 [8.16457651]
0.100 3.20e-08 [8.19877109]
0.120 3.20e-08 [8.24545484]
0.140 3.20e-08 [8.30798101]
0.160 3.20e-08 [8.41051972]
0.180 3.20e-08 [8.53053404]
0.200 3.20e-08 [8.65720116]
0.220 3.20e-08 [8.81531478]
0.250 3.20e-08 [9.12258705]
0.270 3.20e-08 [9.38091329]
0.290 3.20e-08 [9.70930959]
0.310 3.20e-08 [10.07408733]
0.330 3.20e-08 [10.51598331]
0.350 3.20e-08 [11.03504176]
0.370 3.20e-08 [11.64578686]
0.390 3.20e-08 [12.36836842]
0.410 3.20e-08 [13.23927492]
0.430 3.20e-08 [14.27723167]
0.450 3.20e-08 [15.52896075]
0.470 3.20e-08 [17.07598918]
0.490 3.20e-08 [18.89097943]
0.510 3.20e-08 [21.1874803]
0.530 3.20e-08 [24.08306262]
0.550 3.20e-08 [27.77067322]
0.570 3.20e-08 [32.49456219]
0.590 3.20e-08 [38.47863749]
0.610 3.20e-08 [47.07334826]
0.630 3.20e-08 [59.57222663]
0.650 3.20e-08 [76.94594742]
0.670 3.20e-08 [103.00276942]
0.690 3.20e-08 [156.21159077]
0.710 3.20e-08 [260.22504896]
0.730 3.20e-08 [542.38957486]
0.750 3.20e-08 [6151.5612272]
0.770 3.20e-08 [16252.90011557]
0.790 3.20e-08 [10187.53349859]
0.810 3.20e-08 [490.67595557]
0.830 3.20e-08 [325.10673014]
0.850 3.20e-08 [173.3494529]
0.870 3.20e-08 [131.09380956]
0.890 3.20e-08 [92.1166861]
0.910 3.20e-08 [75.08493159]
0.930 3.20e-08 [58.54677067]
0.950 3.20e-08 [50.44581969]
0.970 3.20e-08 [42.34486871]
0.990 3.20e-08 [37.70796828]
1.010 3.20e-08 [33.52762764]
1.030 3.20e-08 [30.55009751]
1.050 3.20e-08 [28.34066955]
1.070 3.20e-08 [26.37603408]
1.090 3.20e-08 [25.22761414]
1.110 3.20e-08 [24.0791942]
1.130 3.20e-08 [23.2534841]
1.150 3.20e-08 [22.54122559]
1.170 3.20e-08 [21.78577043]
1.190 3.20e-08 [20.74771164]
1.210 3.20e-08 [19.70965284]
1.230 3.20e-08 [18.30640687]
1.250 3.20e-08 [16.36300974]
1.270 3.20e-08 [14.41961261]
1.290 3.20e-08 [12.40344005]
1.310 3.20e-08 [10.32688619]
1.330 3.20e-08 [8.25033232]
1.350 3.20e-08 [6.62406691]
1.370 3.20e-08 [5.35720224]
1.390 3.20e-08 [4.09033757]
1.410 3.20e-08 [3.11712739]
1.430 3.20e-08 [2.53978509]
1.450 3.20e-08 [1.96244279]
1.470 3.20e-08 [1.43557324]
1.490 3.20e-08 [1.19636338]
0.001 6.30e-08 [31.65190769]
0.002 6.30e-08 [31.65193925]
0.003 6.30e-08 [31.65200757]
0.004 6.30e-08 [31.65210323]
0.005 6.30e-08 [31.65222639]
0.007 6.30e-08 [31.652555]
0.010 6.30e-08 [31.65325638]
0.020 6.30e-08 [31.6574503]
0.040 6.30e-08 [31.67551481]
0.060 6.30e-08 [31.55114923]
0.080 6.30e-08 [31.64570721]
0.100 6.30e-08 [31.7782446]
0.120 6.30e-08 [31.95918972]
0.140 6.30e-08 [32.20153967]
0.160 6.30e-08 [32.59897731]
0.180 6.30e-08 [33.06415002]
0.200 6.30e-08 [33.55510879]
0.220 6.30e-08 [34.16795349]
0.250 6.30e-08 [35.3589336]
0.270 6.30e-08 [36.36020004]
0.290 6.30e-08 [37.63305641]
0.310 6.30e-08 [39.04692639]
0.330 6.30e-08 [40.75970483]
0.350 6.30e-08 [42.77156324]
0.370 6.30e-08 [45.13879694]
0.390 6.30e-08 [47.93950611]
0.410 6.30e-08 [51.31511928]
0.430 6.30e-08 [55.33821532]
0.450 6.30e-08 [60.18988791]
0.470 6.30e-08 [66.18613385]
0.490 6.30e-08 [73.22099351]
0.510 6.30e-08 [82.12217707]
0.530 6.30e-08 [93.34538628]
0.550 6.30e-08 [107.63847853]
0.570 6.30e-08 [125.94816146]
0.590 6.30e-08 [149.14229706]
0.610 6.30e-08 [182.45519458]
0.630 6.30e-08 [230.9005542]
0.650 6.30e-08 [298.24068877]
0.670 6.30e-08 [399.23632014]
0.690 6.30e-08 [605.4724646]
0.710 6.30e-08 [1008.62619076]
0.730 6.30e-08 [2102.2892799]
0.750 6.30e-08 [23843.30713941]
0.770 6.30e-08 [62995.85992062]
0.790 6.30e-08 [39486.64107021]
0.810 6.30e-08 [1901.84850356]
0.830 6.30e-08 [1260.10606632]
0.850 6.30e-08 [671.89841658]
0.870 6.30e-08 [508.11653332]
0.890 6.30e-08 [357.04211635]
0.910 6.30e-08 [291.02743505]
0.930 6.30e-08 [226.92591091]
0.950 6.30e-08 [195.52681479]
0.970 6.30e-08 [164.12771868]
0.990 6.30e-08 [146.15520125]
1.010 6.30e-08 [129.95229894]
1.030 6.30e-08 [118.41146195]
1.050 6.30e-08 [109.84777096]
1.070 6.30e-08 [102.23288989]
1.090 6.30e-08 [97.78164113]
1.110 6.30e-08 [93.33039237]
1.130 6.30e-08 [90.12995937]
1.150 6.30e-08 [87.36926207]
1.170 6.30e-08 [84.4411356]
1.190 6.30e-08 [80.41764403]
1.210 6.30e-08 [76.39415246]
1.230 6.30e-08 [70.95520396]
1.250 6.30e-08 [63.42264225]
1.270 6.30e-08 [55.89008053]
1.290 6.30e-08 [48.07544294]
1.310 6.30e-08 [40.02676882]
1.330 6.30e-08 [31.9780947]
1.350 6.30e-08 [25.67472807]
1.370 6.30e-08 [20.76439032]
1.390 6.30e-08 [15.85405256]
1.410 6.30e-08 [12.08191271]
1.430 6.30e-08 [9.84414748]
1.450 6.30e-08 [7.60638226]
1.470 6.30e-08 [5.56424823]
1.490 6.30e-08 [4.63707642]
0.001 1.26e-07 [126.60763076]
0.002 1.26e-07 [126.60775698]
0.003 1.26e-07 [126.60803027]
0.004 1.26e-07 [126.60841292]
0.005 1.26e-07 [126.60890555]
0.007 1.26e-07 [126.61022001]
0.010 1.26e-07 [126.61302553]
0.020 1.26e-07 [126.62980119]
0.040 1.26e-07 [126.70205922]
0.060 1.26e-07 [126.20459692]
0.080 1.26e-07 [126.58282882]
0.100 1.26e-07 [127.11297838]
0.120 1.26e-07 [127.83675889]
0.140 1.26e-07 [128.80615868]
0.160 1.26e-07 [130.39590924]
0.180 1.26e-07 [132.25660007]
0.200 1.26e-07 [134.22043515]
0.220 1.26e-07 [136.67181396]
0.250 1.26e-07 [141.4357344]
0.270 1.26e-07 [145.44080016]
0.290 1.26e-07 [150.53222566]
0.310 1.26e-07 [156.18770555]
0.330 1.26e-07 [163.03881931]
0.350 1.26e-07 [171.08625297]
0.370 1.26e-07 [180.55518775]
0.390 1.26e-07 [191.75802445]
0.410 1.26e-07 [205.26047712]
0.430 1.26e-07 [221.35286128]
0.450 1.26e-07 [240.75955163]
0.470 1.26e-07 [264.7445354]
0.490 1.26e-07 [292.88397406]
0.510 1.26e-07 [328.48870828]
0.530 1.26e-07 [373.38154511]
0.550 1.26e-07 [430.55391412]
0.570 1.26e-07 [503.79264583]
0.590 1.26e-07 [596.56918824]
0.610 1.26e-07 [729.82077831]
0.630 1.26e-07 [923.60221679]
0.650 1.26e-07 [1192.9627551]
0.670 1.26e-07 [1596.94528055]
0.690 1.26e-07 [2421.88985842]
0.710 1.26e-07 [4034.50476304]
0.730 1.26e-07 [8409.15711961]
0.750 1.26e-07 [95373.22855764]
0.770 1.26e-07 [251983.43968248]
0.790 1.26e-07 [157946.56428085]
0.810 1.26e-07 [7607.39401424]
0.830 1.26e-07 [5040.42426528]
0.850 1.26e-07 [2687.59366631]
0.870 1.26e-07 [2032.4661333]
0.890 1.26e-07 [1428.16846541]
0.910 1.26e-07 [1164.10974021]
0.930 1.26e-07 [907.70364363]
0.950 1.26e-07 [782.10725918]
0.970 1.26e-07 [656.51087472]
0.990 1.26e-07 [584.62080502]
1.010 1.26e-07 [519.80919578]
1.030 1.26e-07 [473.64584779]
1.050 1.26e-07 [439.39108384]
1.070 1.26e-07 [408.93155956]
1.090 1.26e-07 [391.12656452]
1.110 1.26e-07 [373.32156948]
1.130 1.26e-07 [360.5198375]
1.150 1.26e-07 [349.47704828]
1.170 1.26e-07 [337.76454238]
1.190 1.26e-07 [321.67057611]
1.210 1.26e-07 [305.57660983]
1.230 1.26e-07 [283.82081583]
1.250 1.26e-07 [253.69056898]
1.270 1.26e-07 [223.56032214]
1.290 1.26e-07 [192.30177178]
1.310 1.26e-07 [160.10707529]
1.330 1.26e-07 [127.91237881]
1.350 1.26e-07 [102.69891229]
1.370 1.26e-07 [83.05756126]
1.390 1.26e-07 [63.41621023]
1.410 1.26e-07 [48.32765084]
1.430 1.26e-07 [39.37658993]
1.450 1.26e-07 [30.42552902]
1.470 1.26e-07 [22.25699292]
1.490 1.26e-07 [18.54830569]
0.001 2.51e-07 [502.41920796]
0.002 2.51e-07 [502.41970884]
0.003 2.51e-07 [502.42079333]
0.004 2.51e-07 [502.42231181]
0.005 2.51e-07 [502.42426672]
0.007 2.51e-07 [502.42948294]
0.010 2.51e-07 [502.44061611]
0.020 2.51e-07 [502.50718725]
0.040 2.51e-07 [502.79393003]
0.060 2.51e-07 [500.81984195]
0.080 2.51e-07 [502.32078601]
0.100 2.51e-07 [504.4245875]
0.120 2.51e-07 [507.29677795]
0.140 2.51e-07 [511.14366359]
0.160 2.51e-07 [517.45229768]
0.180 2.51e-07 [524.83610865]
0.200 2.51e-07 [532.6292287]
0.220 2.51e-07 [542.35707681]
0.250 2.51e-07 [561.26182306]
0.270 2.51e-07 [577.15519342]
0.290 2.51e-07 [597.35958355]
0.310 2.51e-07 [619.80232033]
0.330 2.51e-07 [646.98971121]
0.350 2.51e-07 [678.92447866]
0.370 2.51e-07 [716.50021313]
0.390 2.51e-07 [760.95661997]
0.410 2.51e-07 [814.53863183]
0.430 2.51e-07 [878.39831277]
0.450 2.51e-07 [955.41021116]
0.470 2.51e-07 [1050.59022894]
0.490 2.51e-07 [1162.25644051]
0.510 2.51e-07 [1303.54731107]
0.530 2.51e-07 [1481.69631666]
0.550 2.51e-07 [1708.57439804]
0.570 2.51e-07 [1999.20889896]
0.590 2.51e-07 [2367.37562538]
0.610 2.51e-07 [2896.16016969]
0.630 2.51e-07 [3665.14633785]
0.650 2.51e-07 [4734.05432943]
0.670 2.51e-07 [6337.18503526]
0.690 2.51e-07 [9610.82659173]
0.710 2.51e-07 [16010.19366189]
0.730 2.51e-07 [33370.2007869]
0.750 2.51e-07 [378471.20007307]
0.770 2.51e-07 [999950.15642707]
0.790 2.51e-07 [626782.02924276]
0.810 2.51e-07 [30188.55066082]
0.830 2.51e-07 [20002.00107944]
0.850 2.51e-07 [10665.22351794]
0.870 2.51e-07 [8065.4698201]
0.890 2.51e-07 [5667.42513792]
0.910 2.51e-07 [4619.55642121]
0.930 2.51e-07 [3602.05576042]
0.950 2.51e-07 [3103.64949832]
0.970 2.51e-07 [2605.24323623]
0.990 2.51e-07 [2319.96065362]
1.010 2.51e-07 [2062.76764569]
1.030 2.51e-07 [1879.57684911]
1.050 2.51e-07 [1743.64308848]
1.070 2.51e-07 [1622.77004182]
1.090 2.51e-07 [1552.11417809]
1.110 2.51e-07 [1481.45831437]
1.130 2.51e-07 [1430.65698427]
1.150 2.51e-07 [1386.83569658]
1.170 2.51e-07 [1340.35676081]
1.190 2.51e-07 [1276.49080154]
1.210 2.51e-07 [1212.62484228]
1.230 2.51e-07 [1126.29095602]
1.250 2.51e-07 [1006.72458657]
1.270 2.51e-07 [887.15821711]
1.290 2.51e-07 [763.11438168]
1.310 2.51e-07 [635.35562172]
1.330 2.51e-07 [507.59686175]
1.350 2.51e-07 [407.54183506]
1.370 2.51e-07 [329.59872872]
1.390 2.51e-07 [251.65562237]
1.410 2.51e-07 [191.77943628]
1.430 2.51e-07 [156.25878951]
1.450 2.51e-07 [120.73814273]
1.470 2.51e-07 [88.32280239]
1.490 2.51e-07 [73.60555599]
0.001 5.01e-07 [2001.67812602]
0.002 5.01e-07 [2001.68012157]
0.003 5.01e-07 [2001.68444226]
0.004 5.01e-07 [2001.690492]
0.005 5.01e-07 [2001.69828053]
0.007 5.01e-07 [2001.71906235]
0.010 5.01e-07 [2001.76341777]
0.020 5.01e-07 [2002.02864251]
0.040 5.01e-07 [2003.17104857]
0.060 5.01e-07 [1995.30612448]
0.080 5.01e-07 [2001.28600515]
0.100 5.01e-07 [2009.66771776]
0.120 5.01e-07 [2021.11075321]
0.140 5.01e-07 [2036.43705188]
0.160 5.01e-07 [2061.57115236]
0.180 5.01e-07 [2090.98884317]
0.200 5.01e-07 [2122.03725391]
0.220 5.01e-07 [2160.79377529]
0.250 5.01e-07 [2236.11178949]
0.270 5.01e-07 [2299.4322424]
0.290 5.01e-07 [2379.92814133]
0.310 5.01e-07 [2469.34179148]
0.330 5.01e-07 [2577.65852134]
0.350 5.01e-07 [2704.88917746]
0.370 5.01e-07 [2854.59389528]
0.390 5.01e-07 [3031.71175963]
0.410 5.01e-07 [3245.18676095]
0.430 5.01e-07 [3499.60881421]
0.450 5.01e-07 [3806.4303489]
0.470 5.01e-07 [4185.63511775]
0.490 5.01e-07 [4630.52219526]
0.510 5.01e-07 [5193.43627284]
0.530 5.01e-07 [5903.19609496]
0.550 5.01e-07 [6807.09643468]
0.570 5.01e-07 [7965.00742602]
0.590 5.01e-07 [9431.81297673]
0.610 5.01e-07 [11538.53270191]
0.630 5.01e-07 [14602.23482083]
0.650 5.01e-07 [18860.84936335]
0.670 5.01e-07 [25247.84973312]
0.690 5.01e-07 [38290.29833415]
0.710 5.01e-07 [63785.88624512]
0.730 5.01e-07 [132949.53679645]
0.750 5.01e-07 [1507859.39412931]
0.770 5.01e-07 [3983881.03702084]
0.790 5.01e-07 [2497149.50749927]
0.810 5.01e-07 [120273.58937822]
0.830 5.01e-07 [79689.5648155]
0.850 5.01e-07 [42491.09963695]
0.870 5.01e-07 [32133.47391813]
0.890 5.01e-07 [22579.47297729]
0.910 5.01e-07 [18404.68058096]
0.930 5.01e-07 [14350.8769372]
0.950 5.01e-07 [12365.18670701]
0.970 5.01e-07 [10379.49647682]
0.990 5.01e-07 [9242.90795417]
1.010 5.01e-07 [8218.23053343]
1.030 5.01e-07 [7488.38381459]
1.050 5.01e-07 [6946.81288951]
1.070 5.01e-07 [6465.24504795]
1.090 5.01e-07 [6183.74646141]
1.110 5.01e-07 [5902.24787486]
1.130 5.01e-07 [5699.85133109]
1.150 5.01e-07 [5525.26383198]
1.170 5.01e-07 [5340.08805129]
1.190 5.01e-07 [5085.64098472]
1.210 5.01e-07 [4831.19391815]
1.230 5.01e-07 [4487.23284158]
1.250 5.01e-07 [4010.87090606]
1.270 5.01e-07 [3534.50897054]
1.290 5.01e-07 [3040.3084541]
1.310 5.01e-07 [2531.30738253]
1.330 5.01e-07 [2022.30631096]
1.350 5.01e-07 [1623.67911847]
1.370 5.01e-07 [1313.14757713]
1.390 5.01e-07 [1002.61603579]
1.410 5.01e-07 [764.06454318]
1.430 5.01e-07 [622.54745837]
1.450 5.01e-07 [481.03037355]
1.470 5.01e-07 [351.8850768]
1.490 5.01e-07 [293.25039539]
0.001 1.00e-06 [7974.78147903]
0.002 1.00e-06 [7974.78942941]
0.003 1.00e-06 [7974.80664323]
0.004 1.00e-06 [7974.8307457]
0.005 1.00e-06 [7974.86177557]
0.007 1.00e-06 [7974.94457135]
0.010 1.00e-06 [7975.12128546]
0.020 1.00e-06 [7976.1779535]
0.040 1.00e-06 [7980.72935396]
0.060 1.00e-06 [7949.39511985]
0.080 1.00e-06 [7973.21925072]
0.100 1.00e-06 [8006.612395]
0.120 1.00e-06 [8052.20199604]
0.140 1.00e-06 [8113.26270365]
0.160 1.00e-06 [8213.3981632]
0.180 1.00e-06 [8330.59965167]
0.200 1.00e-06 [8454.29800642]
0.220 1.00e-06 [8608.70584297]
0.250 1.00e-06 [8908.77641719]
0.270 1.00e-06 [9161.04813286]
0.290 1.00e-06 [9481.74764773]
0.310 1.00e-06 [9837.97591036]
0.330 1.00e-06 [10269.51494751]
0.350 1.00e-06 [10776.40797232]
0.370 1.00e-06 [11372.83873481]
0.390 1.00e-06 [12078.48478544]
0.410 1.00e-06 [12928.97941026]
0.430 1.00e-06 [13942.60905019]
0.450 1.00e-06 [15165.00073267]
0.470 1.00e-06 [16675.77068519]
0.490 1.00e-06 [18448.22209976]
0.510 1.00e-06 [20690.89873285]
0.530 1.00e-06 [23518.61584202]
0.550 1.00e-06 [27119.79806727]
0.570 1.00e-06 [31732.97088865]
0.590 1.00e-06 [37576.79442206]
0.610 1.00e-06 [45970.06666074]
0.630 1.00e-06 [58176.00256903]
0.650 1.00e-06 [75142.5267762]
0.670 1.00e-06 [100588.64200988]
0.690 1.00e-06 [152550.38160866]
0.710 1.00e-06 [254126.02437887]
0.730 1.00e-06 [529677.31919972]
0.750 1.00e-06 [6007384.01093745]
0.770 1.00e-06 [15871972.76911583]
0.790 1.00e-06 [9948763.1822155]
0.810 1.00e-06 [479175.73785849]
0.830 1.00e-06 [317487.04114922]
0.850 1.00e-06 [169286.57510111]
0.870 1.00e-06 [128021.29839375]
0.890 1.00e-06 [89957.70127327]
0.910 1.00e-06 [73325.1285093]
0.930 1.00e-06 [57174.58072756]
0.950 1.00e-06 [49263.49579088]
0.970 1.00e-06 [41352.4108542]
0.990 1.00e-06 [36824.18776884]
1.010 1.00e-06 [32741.82387094]
1.030 1.00e-06 [29834.07960364]
1.050 1.00e-06 [27676.43511184]
1.070 1.00e-06 [25757.84577732]
1.090 1.00e-06 [24636.34193253]
1.110 1.00e-06 [23514.83808774]
1.130 1.00e-06 [22708.48056815]
1.150 1.00e-06 [22012.91561379]
1.170 1.00e-06 [21275.16643875]
1.190 1.00e-06 [20261.43714455]
1.210 1.00e-06 [19247.70785035]
1.230 1.00e-06 [17877.35045511]
1.250 1.00e-06 [15979.50169945]
1.270 1.00e-06 [14081.65294379]
1.290 1.00e-06 [12112.73442775]
1.310 1.00e-06 [10084.84979155]
1.330 1.00e-06 [8056.96515535]
1.350 1.00e-06 [6468.81533726]
1.370 1.00e-06 [5231.64281071]
1.390 1.00e-06 [3994.47028415]
1.410 1.00e-06 [3044.06971759]
1.430 1.00e-06 [2480.25887693]
1.450 1.00e-06 [1916.44803627]
1.470 1.00e-06 [1401.92699151]
1.490 1.00e-06 [1168.3236138]
0.001 1.99e-06 [31739.82965606]
0.002 1.99e-06 [31739.86129878]
0.003 1.99e-06 [31739.92981021]
0.004 1.99e-06 [31740.02573864]
0.005 1.99e-06 [31740.1492383]
0.007 1.99e-06 [31740.47876758]
0.010 1.99e-06 [31741.18209416]
0.020 1.99e-06 [31745.38765936]
0.040 1.99e-06 [31763.502347]
0.060 1.99e-06 [31638.79131189]
0.080 1.99e-06 [31733.61194833]
0.100 1.99e-06 [31866.51749741]
0.120 1.99e-06 [32047.9652493]
0.140 1.99e-06 [32290.98839208]
0.160 1.99e-06 [32689.53002449]
0.180 1.99e-06 [33155.99487863]
0.200 1.99e-06 [33648.317423]
0.220 1.99e-06 [34262.86447267]
0.250 1.99e-06 [35457.15285983]
0.270 1.99e-06 [36461.20059499]
0.290 1.99e-06 [37737.59268166]
0.310 1.99e-06 [39155.39007263]
0.330 1.99e-06 [40872.92622898]
0.350 1.99e-06 [42890.37314001]
0.370 1.99e-06 [45264.18248553]
0.390 1.99e-06 [48072.67140818]
0.410 1.99e-06 [51457.66127731]
0.430 1.99e-06 [55491.93258498]
0.450 1.99e-06 [60357.08204106]
0.470 1.99e-06 [66369.98422131]
0.490 1.99e-06 [73424.38516259]
0.510 1.99e-06 [82350.29422922]
0.530 1.99e-06 [93604.67901664]
0.550 1.99e-06 [107937.4743027]
0.570 1.99e-06 [126298.01746108]
0.590 1.99e-06 [149556.58121967]
0.610 1.99e-06 [182962.01456141]
0.630 1.99e-06 [231541.94462482]
0.650 1.99e-06 [299069.13513245]
0.670 1.99e-06 [400345.30991536]
0.690 1.99e-06 [607154.33256199]
0.710 1.99e-06 [1011427.93017852]
0.730 1.99e-06 [2108128.97234787]
0.750 1.99e-06 [23909538.54813133]
0.770 1.99e-06 [63170848.42040022]
0.790 1.99e-06 [39596326.18429723]
0.810 1.99e-06 [1907131.41607023]
0.830 1.99e-06 [1263606.36094992]
0.850 1.99e-06 [673764.80106679]
0.870 1.99e-06 [509527.96813958]
0.890 1.99e-06 [358033.90001015]
0.910 1.99e-06 [291835.84459524]
0.930 1.99e-06 [227556.2606602]
0.950 1.99e-06 [196069.9448351]
0.970 1.99e-06 [164583.62900999]
0.990 1.99e-06 [146561.18792468]
1.010 1.99e-06 [130313.27755195]
1.030 1.99e-06 [118740.3826745]
1.050 1.99e-06 [110152.90365601]
1.070 1.99e-06 [102516.87013987]
1.090 1.99e-06 [98053.25680001]
1.110 1.99e-06 [93589.64346014]
1.130 1.99e-06 [90380.32037326]
1.150 1.99e-06 [87611.95446578]
1.170 1.99e-06 [84675.69430539]
1.190 1.99e-06 [80641.02637124]
1.210 1.99e-06 [76606.3584371]
1.230 1.99e-06 [71152.30174511]
1.250 1.99e-06 [63598.81625136]
1.270 1.99e-06 [56045.3307576]
1.290 1.99e-06 [48208.98584082]
1.310 1.99e-06 [40137.95429162]
1.330 1.99e-06 [32066.92274241]
1.350 1.99e-06 [25746.04676269]
1.370 1.99e-06 [20822.06917769]
1.390 1.99e-06 [15898.09159268]
1.410 1.99e-06 [12115.47357775]
1.430 1.99e-06 [9871.49233666]
1.450 1.99e-06 [7627.51109556]
1.470 1.99e-06 [5579.70447439]
1.490 1.99e-06 [4649.95719102]
0.001 3.98e-06 [126387.21577574]
0.002 3.98e-06 [126387.34177626]
0.003 3.98e-06 [126387.61458704]
0.004 3.98e-06 [126387.99657169]
0.005 3.98e-06 [126388.48834427]
0.007 3.98e-06 [126389.8005217]
0.010 3.98e-06 [126392.60115073]
0.020 3.98e-06 [126409.34760723]
0.040 3.98e-06 [126481.47984489]
0.060 3.98e-06 [125984.88359106]
0.080 3.98e-06 [126362.4570175]
0.100 3.98e-06 [126891.68362305]
0.120 3.98e-06 [127614.20407821]
0.140 3.98e-06 [128581.9162152]
0.160 3.98e-06 [130168.89912715]
0.180 3.98e-06 [132026.3506261]
0.200 3.98e-06 [133986.76680733]
0.220 3.98e-06 [136433.87794222]
0.250 3.98e-06 [141189.50472794]
0.270 3.98e-06 [145187.59794794]
0.290 3.98e-06 [150270.15963213]
0.310 3.98e-06 [155915.79373667]
0.330 3.98e-06 [162754.98018311]
0.350 3.98e-06 [170788.40382853]
0.370 3.98e-06 [180240.8538641]
0.390 3.98e-06 [191424.18721271]
0.410 3.98e-06 [204903.13305533]
0.430 3.98e-06 [220967.50150927]
0.450 3.98e-06 [240340.40617669]
0.470 3.98e-06 [264283.63377206]
0.490 3.98e-06 [292374.08364514]
0.510 3.98e-06 [327916.83253269]
0.530 3.98e-06 [372731.51408466]
0.550 3.98e-06 [429804.35001724]
0.570 3.98e-06 [502915.57824576]
0.590 3.98e-06 [595530.60322363]
0.610 3.98e-06 [728550.21163345]
0.630 3.98e-06 [921994.29025096]
0.650 3.98e-06 [1190885.8908014]
0.670 3.98e-06 [1594165.1110723]
0.690 3.98e-06 [2417673.51842175]
0.710 3.98e-06 [4027480.97385118]
0.730 3.98e-06 [8394517.36818939]
0.750 3.98e-06 [95207190.4709647]
0.770 3.98e-06 [2.51544754e+08]
0.790 3.98e-06 [1.5767159e+08]
0.810 3.98e-06 [7594150.07602269]
0.830 3.98e-06 [5031649.24095467]
0.850 3.98e-06 [2682914.75465599]
0.870 3.98e-06 [2028927.75263284]
0.890 3.98e-06 [1425682.12450897]
0.910 3.98e-06 [1162083.10698681]
0.930 3.98e-06 [906123.39539398]
0.950 3.98e-06 [780745.66541585]
0.970 3.98e-06 [655367.93543771]
0.990 3.98e-06 [583603.02129239]
1.010 3.98e-06 [518904.24450513]
1.030 3.98e-06 [472821.26366129]
1.050 3.98e-06 [438626.13484556]
1.070 3.98e-06 [408219.63846126]
1.090 3.98e-06 [390445.64066612]
1.110 3.98e-06 [372671.64287099]
1.130 3.98e-06 [359892.19780557]
1.150 3.98e-06 [348868.6333099]
1.170 3.98e-06 [337176.51805639]
1.190 3.98e-06 [321110.57024565]
1.210 3.98e-06 [305044.62243491]
1.230 3.98e-06 [283326.70373616]
1.250 3.98e-06 [253248.91153301]
1.270 3.98e-06 [223171.11932986]
1.290 3.98e-06 [191966.98790818]
1.310 3.98e-06 [159828.34012728]
1.330 3.98e-06 [127689.69234638]
1.350 3.98e-06 [102520.1207073]
1.370 3.98e-06 [82912.96388714]
1.390 3.98e-06 [63305.80706699]
1.410 3.98e-06 [48243.51579354]
1.430 3.98e-06 [39308.03805505]
1.450 3.98e-06 [30372.56031657]
1.470 3.98e-06 [22218.24505712]
1.490 3.98e-06 [18516.01439633]
0.001 7.94e-06 [503138.92401389]
0.002 7.94e-06 [503139.42561341]
0.003 7.94e-06 [503140.51165462]
0.004 7.94e-06 [503142.03230956]
0.005 7.94e-06 [503143.99002282]
0.007 7.94e-06 [503149.21371206]
0.010 7.94e-06 [503160.36282604]
0.020 7.94e-06 [503227.02933228]
0.040 7.94e-06 [503514.18287243]
0.060 7.94e-06 [501537.26690599]
0.080 7.94e-06 [503040.36107852]
0.100 7.94e-06 [505147.17625949]
0.120 7.94e-06 [508023.48113065]
0.140 7.94e-06 [511875.87743809]
0.160 7.94e-06 [518193.54865066]
0.180 7.94e-06 [525587.93694268]
0.200 7.94e-06 [533392.22064326]
0.220 7.94e-06 [543134.00390667]
0.250 7.94e-06 [562065.83122235]
0.270 7.94e-06 [577981.96885124]
0.290 7.94e-06 [598215.3017981]
0.310 7.94e-06 [620690.18781645]
0.330 7.94e-06 [647916.52466288]
0.350 7.94e-06 [679897.03870692]
0.370 7.94e-06 [717526.60045495]
0.390 7.94e-06 [762046.69114112]
0.410 7.94e-06 [815705.45928842]
0.430 7.94e-06 [879656.61929517]
0.450 7.94e-06 [956778.83731036]
0.470 7.94e-06 [1052095.20056604]
0.490 7.94e-06 [1163921.37410313]
0.510 7.94e-06 [1305414.6439882]
0.530 7.94e-06 [1483818.84822426]
0.550 7.94e-06 [1711021.93269202]
0.570 7.94e-06 [2002072.76784534]
0.590 7.94e-06 [2370766.89350415]
0.610 7.94e-06 [2900308.92223925]
0.630 7.94e-06 [3670396.66390751]
0.650 7.94e-06 [4740835.86732646]
0.670 7.94e-06 [6346263.05961702]
0.690 7.94e-06 [9624594.11111676]
0.710 7.94e-06 [16033128.28146755]
0.730 7.94e-06 [33418003.63528202]
0.750 7.94e-06 [3.7901336e+08]
0.770 7.94e-06 [1.00138259e+09]
0.790 7.94e-06 [6.27679895e+08]
0.810 7.94e-06 [30231795.79198862]
0.830 7.94e-06 [20030653.96741859]
0.850 7.94e-06 [10680501.4620613]
0.870 7.94e-06 [8077023.61426326]
0.890 7.94e-06 [5675543.73049961]
0.910 7.94e-06 [4626173.94073738]
0.930 7.94e-06 [3607215.70915296]
0.950 7.94e-06 [3108095.47955286]
0.970 7.94e-06 [2608975.24995275]
0.990 7.94e-06 [2323283.99974675]
1.010 7.94e-06 [2065722.56255584]
1.030 7.94e-06 [1882269.34495935]
1.050 7.94e-06 [1746140.85907361]
1.070 7.94e-06 [1625094.66164037]
1.090 7.94e-06 [1554337.5833142]
1.110 7.94e-06 [1483580.50498803]
1.130 7.94e-06 [1432706.40193697]
1.150 7.94e-06 [1388822.34020571]
1.170 7.94e-06 [1342276.82330362]
1.190 7.94e-06 [1278319.37598472]
1.210 7.94e-06 [1214361.92866582]
1.230 7.94e-06 [1127904.36902386]
1.250 7.94e-06 [1008166.72061598]
1.270 7.94e-06 [888429.0722081]
1.290 7.94e-06 [764207.54385234]
1.310 7.94e-06 [636265.76932636]
1.330 7.94e-06 [508323.99480038]
1.350 7.94e-06 [408125.63917835]
1.370 7.94e-06 [330070.87924939]
1.390 7.94e-06 [252016.11932043]
1.410 7.94e-06 [192054.16052584]
1.430 7.94e-06 [156482.6303889]
1.450 7.94e-06 [120911.10025197]
1.470 7.94e-06 [88449.32490128]
1.490 7.94e-06 [73710.99603085]
0.001 1.58e-05 [2003191.74751678]
0.002 1.58e-05 [2003193.74457958]
0.003 1.58e-05 [2003198.06853204]
0.004 1.58e-05 [2003204.12285081]
0.005 1.58e-05 [2003211.91726874]
0.007 1.58e-05 [2003232.71480729]
0.010 1.58e-05 [2003277.10376639]
0.020 1.58e-05 [2003542.52905702]
0.040 1.58e-05 [2004685.79898594]
0.060 1.58e-05 [1996814.9276212]
0.080 1.58e-05 [2002799.33013597]
0.100 1.58e-05 [2011187.3807968]
0.120 1.58e-05 [2022639.06919984]
0.140 1.58e-05 [2037976.95725204]
0.160 1.58e-05 [2063130.0635464]
0.180 1.58e-05 [2092569.99931273]
0.200 1.58e-05 [2123641.88812541]
0.220 1.58e-05 [2162427.71626938]
0.250 1.58e-05 [2237802.68416423]
0.270 1.58e-05 [2301171.01849261]
0.290 1.58e-05 [2381727.78651318]
0.310 1.58e-05 [2471209.04914173]
0.330 1.58e-05 [2579607.68554773]
0.350 1.58e-05 [2706934.55046864]
0.370 1.58e-05 [2856752.47144156]
0.390 1.58e-05 [3034004.26812184]
0.410 1.58e-05 [3247640.69417507]
0.430 1.58e-05 [3502255.13534698]
0.450 1.58e-05 [3809308.68120612]
0.470 1.58e-05 [4188800.19570445]
0.490 1.58e-05 [4634023.6862641]
0.510 1.58e-05 [5197363.42611518]
0.530 1.58e-05 [5907659.95176842]
0.550 1.58e-05 [6812243.79947647]
0.570 1.58e-05 [7971030.37562876]
0.590 1.58e-05 [9438945.08989019]
0.610 1.58e-05 [11547257.86653429]
0.630 1.58e-05 [14613276.68429349]
0.650 1.58e-05 [18875111.49007785]
0.670 1.58e-05 [25266941.55796329]
0.690 1.58e-05 [38319252.54913408]
0.710 1.58e-05 [63834119.61867462]
0.730 1.58e-05 [1.3305007e+08]
0.750 1.58e-05 [1.5089996e+09]
0.770 1.58e-05 [3.98689355e+09]
0.790 1.58e-05 [2.49903779e+09]
0.810 1.58e-05 [1.20364537e+08]
0.830 1.58e-05 [79749824.17339216]
0.850 1.58e-05 [42523230.39819434]
0.870 1.58e-05 [32157772.4885856]
0.890 1.58e-05 [22596547.03895187]
0.910 1.58e-05 [18418597.76367953]
0.930 1.58e-05 [14361728.72979443]
0.950 1.58e-05 [12374536.96777125]
0.970 1.58e-05 [10387345.20574807]
0.990 1.58e-05 [9249897.22182975]
1.010 1.58e-05 [8224444.96434323]
1.030 1.58e-05 [7494046.35273722]
1.050 1.58e-05 [6952065.90456828]
1.070 1.58e-05 [6470133.91283897]
1.090 1.58e-05 [6188422.46374133]
1.110 1.58e-05 [5906711.01464369]
1.130 1.58e-05 [5704161.42340718]
1.150 1.58e-05 [5529441.90537369]
1.170 1.58e-05 [5344126.09915793]
1.190 1.58e-05 [5089486.62575093]
1.210 1.58e-05 [4834847.15234393]
1.230 1.58e-05 [4490625.98057779]
1.250 1.58e-05 [4013903.83146593]
1.270 1.58e-05 [3537181.68235408]
1.290 1.58e-05 [3042607.46320797]
1.310 1.58e-05 [2533221.49710446]
1.330 1.58e-05 [2023835.53100095]
1.350 1.58e-05 [1624906.90608845]
1.370 1.58e-05 [1314140.54816744]
1.390 1.58e-05 [1003374.19024644]
1.410 1.58e-05 [764642.31066133]
1.430 1.58e-05 [623018.21398362]
1.450 1.58e-05 [481394.11730591]
1.470 1.58e-05 [352151.16394134]
1.490 1.58e-05 [293472.14437769]
0.001 3.16e-05 [7974894.15471459]
0.002 3.16e-05 [7974902.10520886]
0.003 3.16e-05 [7974919.31926899]
0.004 3.16e-05 [7974943.42207964]
0.005 3.16e-05 [7974974.45238815]
0.007 3.16e-05 [7975057.24933899]
0.010 3.16e-05 [7975233.96594681]
0.020 3.16e-05 [7976290.6489136]
0.040 3.16e-05 [7980842.1136871]
0.060 3.16e-05 [7949507.436856]
0.080 3.16e-05 [7973331.90433077]
0.100 3.16e-05 [8006725.5204274]
0.120 3.16e-05 [8052315.76560499]
0.140 3.16e-05 [8113377.33593384]
0.160 3.16e-05 [8213514.21030371]
0.180 3.16e-05 [8330717.35471018]
0.200 3.16e-05 [8454417.4571968]
0.220 3.16e-05 [8608827.4753763]
0.250 3.16e-05 [8908902.28929346]
0.270 3.16e-05 [9161177.56930887]
0.290 3.16e-05 [9481881.61534256]
0.310 3.16e-05 [9838114.91112042]
0.330 3.16e-05 [10269660.04549156]
0.350 3.16e-05 [10776560.23218344]
0.370 3.16e-05 [11372999.42165171]
0.390 3.16e-05 [12078655.44235491]
0.410 3.16e-05 [12929162.08380752]
0.430 3.16e-05 [13942806.04531288]
0.450 3.16e-05 [15165214.99896997]
0.470 3.16e-05 [16676006.29715104]
0.490 3.16e-05 [18448482.75468799]
0.510 3.16e-05 [20691191.07456101]
0.530 3.16e-05 [23518948.13654372]
0.550 3.16e-05 [27120181.24289956]
0.570 3.16e-05 [31733419.24379203]
0.590 3.16e-05 [37577325.34459079]
0.610 3.16e-05 [45970716.17181033]
0.630 3.16e-05 [58176824.53777343]
0.650 3.16e-05 [75143588.4649617]
0.670 3.16e-05 [1.00590063e+08]
0.690 3.16e-05 [1.52552537e+08]
0.710 3.16e-05 [2.54129615e+08]
0.730 3.16e-05 [5.29684803e+08]
0.750 3.16e-05 [6.00746889e+09]
0.770 3.16e-05 [1.5872197e+10]
0.790 3.16e-05 [9.94890375e+09]
0.810 3.16e-05 [4.79182508e+08]
0.830 3.16e-05 [3.17491527e+08]
0.850 3.16e-05 [1.69288967e+08]
0.870 3.16e-05 [1.28023107e+08]
0.890 3.16e-05 [89958972.2856331]
0.910 3.16e-05 [73326164.52004278]
0.930 3.16e-05 [57175388.54720898]
0.950 3.16e-05 [49264191.83481193]
0.970 3.16e-05 [41352995.12241485]
0.990 3.16e-05 [36824708.0577907]
1.010 3.16e-05 [32742286.480173]
1.030 3.16e-05 [29834501.1293552]
1.050 3.16e-05 [27676826.15219437]
1.070 3.16e-05 [25758209.70992098]
1.090 3.16e-05 [24636690.01940211]
1.110 3.16e-05 [23515170.32888325]
1.130 3.16e-05 [22708801.41627451]
1.150 3.16e-05 [22013226.63427617]
1.170 3.16e-05 [21275467.03557661]
1.190 3.16e-05 [20261723.41839645]
1.210 3.16e-05 [19247979.8012163]
1.230 3.16e-05 [17877603.04419853]
1.250 3.16e-05 [15979727.47383041]
1.270 3.16e-05 [14081851.90346228]
1.290 3.16e-05 [12112905.56857941]
1.310 3.16e-05 [10084992.28039403]
1.330 3.16e-05 [8057078.99220866]
1.350 3.16e-05 [6468906.73515599]
1.370 3.16e-05 [5231716.72858851]
1.390 3.16e-05 [3994526.72202105]
1.410 3.16e-05 [3044112.72725124]
1.430 3.16e-05 [2480293.92050852]
1.450 3.16e-05 [1916475.1137658]
1.470 3.16e-05 [1401946.79933814]
1.490 3.16e-05 [1168340.12104457]
0.001 6.31e-05 [31748444.14261488]
0.002 6.31e-05 [31748475.79392187]
0.003 6.31e-05 [31748544.32393819]
0.004 6.31e-05 [31748640.27840763]
0.005 6.31e-05 [31748763.81158532]
0.007 6.31e-05 [31749093.43030101]
0.010 6.31e-05 [31749796.94777014]
0.020 6.31e-05 [31754003.65440433]
0.040 6.31e-05 [31772123.25854267]
0.060 6.31e-05 [31647378.37568916]
0.080 6.31e-05 [31742224.74733699]
0.100 6.31e-05 [31875166.3682282]
0.120 6.31e-05 [32056663.36673234]
0.140 6.31e-05 [32299752.46825977]
0.160 6.31e-05 [32698402.26860455]
0.180 6.31e-05 [33164993.72566205]
0.200 6.31e-05 [33657449.89097814]
0.220 6.31e-05 [34272163.73446328]
0.250 6.31e-05 [35466776.26265872]
0.270 6.31e-05 [36471096.50575521]
0.290 6.31e-05 [37747835.01717381]
0.310 6.31e-05 [39166017.2116117]
0.330 6.31e-05 [40884019.52334139]
0.350 6.31e-05 [42902013.98832802]
0.370 6.31e-05 [45276467.60789176]
0.390 6.31e-05 [48085718.78070527]
0.410 6.31e-05 [51471627.36773247]
0.430 6.31e-05 [55506993.61435864]
0.450 6.31e-05 [60373463.51749473]
0.470 6.31e-05 [66387997.65561796]
0.490 6.31e-05 [73444313.22727282]
0.510 6.31e-05 [82372644.86908811]
0.530 6.31e-05 [93630084.20176798]
0.550 6.31e-05 [1.0796677e+08]
0.570 6.31e-05 [1.26332296e+08]
0.590 6.31e-05 [1.49597172e+08]
0.610 6.31e-05 [1.83011672e+08]
0.630 6.31e-05 [2.31604787e+08]
0.650 6.31e-05 [2.99150305e+08]
0.670 6.31e-05 [4.00453967e+08]
0.690 6.31e-05 [6.0731912e+08]
0.710 6.31e-05 [1.01170244e+09]
0.730 6.31e-05 [2.10870114e+09]
0.750 6.31e-05 [2.39160278e+10]
0.770 6.31e-05 [6.31879936e+10]
0.790 6.31e-05 [3.9607073e+10]
0.810 6.31e-05 [1.90764903e+09]
0.830 6.31e-05 [1.26394932e+09]
0.850 6.31e-05 [6.73947667e+08]
0.870 6.31e-05 [5.09666259e+08]
0.890 6.31e-05 [3.58131074e+08]
0.910 6.31e-05 [2.91915052e+08]
0.930 6.31e-05 [2.27618022e+08]
0.950 6.31e-05 [1.9612316e+08]
0.970 6.31e-05 [1.64628299e+08]
0.990 6.31e-05 [1.46600966e+08]
1.010 6.31e-05 [1.30348646e+08]
1.030 6.31e-05 [1.1877261e+08]
1.050 6.31e-05 [1.101828e+08]
1.070 6.31e-05 [1.02544694e+08]
1.090 6.31e-05 [98079869.37074254]
1.110 6.31e-05 [93615044.56448086]
1.130 6.31e-05 [90404850.4373068]
1.150 6.31e-05 [87635733.16943303]
1.170 6.31e-05 [84698676.08057573]
1.190 6.31e-05 [80662913.09982829]
1.210 6.31e-05 [76627150.11908083]
1.230 6.31e-05 [71171613.14511411]
1.250 6.31e-05 [63616077.56476482]
1.270 6.31e-05 [56060541.98441552]
1.290 6.31e-05 [48222070.21035692]
1.310 6.31e-05 [40148848.10772151]
1.330 6.31e-05 [32075626.00508609]
1.350 6.31e-05 [25753034.48052287]
1.370 6.31e-05 [20827720.4819555]
1.390 6.31e-05 [15902406.48338818]
1.410 6.31e-05 [12118761.83056599]
1.430 6.31e-05 [9874171.5519797]
1.450 6.31e-05 [7629581.27339341]
1.470 6.31e-05 [5581218.85835833]
1.490 6.31e-05 [4651219.23287607]
0.001 1.26e-04 [1.2639269e+08]
0.002 1.26e-04 [1.26392816e+08]
0.003 1.26e-04 [1.26393089e+08]
0.004 1.26e-04 [1.26393471e+08]
0.005 1.26e-04 [1.26393963e+08]
0.007 1.26e-04 [1.26395275e+08]
0.010 1.26e-04 [1.26398076e+08]
0.020 1.26e-04 [1.26414823e+08]
0.040 1.26e-04 [1.26486958e+08]
0.060 1.26e-04 [1.2599034e+08]
0.080 1.26e-04 [1.2636793e+08]
0.100 1.26e-04 [1.2689718e+08]
0.120 1.26e-04 [1.27619732e+08]
0.140 1.26e-04 [1.28587486e+08]
0.160 1.26e-04 [1.30174537e+08]
0.180 1.26e-04 [1.32032069e+08]
0.200 1.26e-04 [1.3399257e+08]
0.220 1.26e-04 [1.36439787e+08]
0.250 1.26e-04 [1.4119562e+08]
0.270 1.26e-04 [1.45193887e+08]
0.290 1.26e-04 [1.50276668e+08]
0.310 1.26e-04 [1.55922547e+08]
0.330 1.26e-04 [1.6276203e+08]
0.350 1.26e-04 [1.70795801e+08]
0.370 1.26e-04 [1.80248661e+08]
0.390 1.26e-04 [1.91432478e+08]
0.410 1.26e-04 [2.04912008e+08]
0.430 1.26e-04 [2.20977072e+08]
0.450 1.26e-04 [2.40350816e+08]
0.470 1.26e-04 [2.64295081e+08]
0.490 1.26e-04 [2.92386747e+08]
0.510 1.26e-04 [3.27931036e+08]
0.530 1.26e-04 [3.72747658e+08]
0.550 1.26e-04 [4.29822966e+08]
0.570 1.26e-04 [5.02937361e+08]
0.590 1.26e-04 [5.95556398e+08]
0.610 1.26e-04 [7.28581768e+08]
0.630 1.26e-04 [9.22034225e+08]
0.650 1.26e-04 [1.19093747e+09]
0.670 1.26e-04 [1.59423416e+09]
0.690 1.26e-04 [2.41777824e+09]
0.710 1.26e-04 [4.02765542e+09]
0.730 1.26e-04 [8.39488096e+09]
0.750 1.26e-04 [9.52113142e+10]
0.770 1.26e-04 [2.5155565e+11]
0.790 1.26e-04 [1.5767842e+11]
0.810 1.26e-04 [7.59447901e+09]
0.830 1.26e-04 [5.03186718e+09]
0.850 1.26e-04 [2.68303096e+09]
0.870 1.26e-04 [2.02901563e+09]
0.890 1.26e-04 [1.42574388e+09]
0.910 1.26e-04 [1.16213344e+09]
0.930 1.26e-04 [9.06162643e+08]
0.950 1.26e-04 [7.80779482e+08]
0.970 1.26e-04 [6.55396322e+08]
0.990 1.26e-04 [5.83628299e+08]
1.010 1.26e-04 [5.1892672e+08]
1.030 1.26e-04 [4.72841743e+08]
1.050 1.26e-04 [4.38645133e+08]
1.070 1.26e-04 [4.0823732e+08]
1.090 1.26e-04 [3.90462552e+08]
1.110 1.26e-04 [3.72687785e+08]
1.130 1.26e-04 [3.59907786e+08]
1.150 1.26e-04 [3.48883744e+08]
1.170 1.26e-04 [3.37191122e+08]
1.190 1.26e-04 [3.21124479e+08]
1.210 1.26e-04 [3.05057835e+08]
1.230 1.26e-04 [2.83338976e+08]
1.250 1.26e-04 [2.53259881e+08]
1.270 1.26e-04 [2.23180786e+08]
1.290 1.26e-04 [1.91975303e+08]
1.310 1.26e-04 [1.59835263e+08]
1.330 1.26e-04 [1.27695223e+08]
1.350 1.26e-04 [1.02524561e+08]
1.370 1.26e-04 [82916555.1431188]
1.390 1.26e-04 [63308549.06712028]
1.410 1.26e-04 [48245605.39215113]
1.430 1.26e-04 [39309740.62628047]
1.450 1.26e-04 [30373875.86040982]
1.470 1.26e-04 [22219207.4085024]
1.490 1.26e-04 [18516816.39090702]
0.001 2.51e-04 [5.03176124e+08]
0.002 2.51e-04 [5.03176626e+08]
0.003 2.51e-04 [5.03177712e+08]
0.004 2.51e-04 [5.03179233e+08]
0.005 2.51e-04 [5.03181191e+08]
0.007 2.51e-04 [5.03186415e+08]
0.010 2.51e-04 [5.03197565e+08]
0.020 2.51e-04 [5.03264236e+08]
0.040 2.51e-04 [5.03551411e+08]
0.060 2.51e-04 [5.01574349e+08]
0.080 2.51e-04 [5.03077554e+08]
0.100 2.51e-04 [5.05184525e+08]
0.120 2.51e-04 [5.08061042e+08]
0.140 2.51e-04 [5.11913724e+08]
0.160 2.51e-04 [5.18231862e+08]
0.180 2.51e-04 [5.25626797e+08]
0.200 2.51e-04 [5.33431658e+08]
0.220 2.51e-04 [5.43174161e+08]
0.250 2.51e-04 [5.62107388e+08]
0.270 2.51e-04 [5.78024703e+08]
0.290 2.51e-04 [5.98259532e+08]
0.310 2.51e-04 [6.20736079e+08]
0.330 2.51e-04 [6.47964429e+08]
0.350 2.51e-04 [6.79947308e+08]
0.370 2.51e-04 [7.17579652e+08]
0.390 2.51e-04 [7.62103034e+08]
0.410 2.51e-04 [8.15765769e+08]
0.430 2.51e-04 [8.79721658e+08]
0.450 2.51e-04 [9.56849578e+08]
0.470 2.51e-04 [1.05217299e+09]
0.490 2.51e-04 [1.16400743e+09]
0.510 2.51e-04 [1.30551116e+09]
0.530 2.51e-04 [1.48392856e+09]
0.550 2.51e-04 [1.71114844e+09]
0.570 2.51e-04 [2.00222079e+09]
0.590 2.51e-04 [2.37094218e+09]
0.610 2.51e-04 [2.90052336e+09]
0.630 2.51e-04 [3.67066804e+09]
0.650 2.51e-04 [4.74118639e+09]
0.670 2.51e-04 [6.34673228e+09]
0.690 2.51e-04 [9.62530572e+09]
0.710 2.51e-04 [1.60343137e+10]
0.730 2.51e-04 [3.34204744e+10]
0.750 2.51e-04 [3.79041383e+11]
0.770 2.51e-04 [1.00145662e+12]
0.790 2.51e-04 [6.27726303e+11]
0.810 2.51e-04 [3.0234031e+10]
0.830 2.51e-04 [2.0032135e+10]
0.850 2.51e-04 [1.06812911e+10]
0.870 2.51e-04 [8.0776208e+09]
0.890 2.51e-04 [5.67596336e+09]
0.910 2.51e-04 [4.62651598e+09]
0.930 2.51e-04 [3.60748241e+09]
0.950 2.51e-04 [3.10832528e+09]
0.970 2.51e-04 [2.60916815e+09]
0.990 2.51e-04 [2.32345577e+09]
1.010 2.51e-04 [2.06587529e+09]
1.030 2.51e-04 [1.88240851e+09]
1.050 2.51e-04 [1.74626996e+09]
1.070 2.51e-04 [1.62521481e+09]
1.090 2.51e-04 [1.5544525e+09]
1.110 2.51e-04 [1.4836902e+09]
1.130 2.51e-04 [1.43281233e+09]
1.150 2.51e-04 [1.38892502e+09]
1.170 2.51e-04 [1.34237607e+09]
1.190 2.51e-04 [1.27841389e+09]
1.210 2.51e-04 [1.21445171e+09]
1.230 2.51e-04 [1.12798776e+09]
1.250 2.51e-04 [1.00824126e+09]
1.270 2.51e-04 [8.88494759e+08]
1.290 2.51e-04 [7.64264046e+08]
1.310 2.51e-04 [6.36312812e+08]
1.330 2.51e-04 [5.08361578e+08]
1.350 2.51e-04 [4.08155814e+08]
1.370 2.51e-04 [3.30095283e+08]
1.390 2.51e-04 [2.52034752e+08]
1.410 2.51e-04 [1.9206836e+08]
1.430 2.51e-04 [1.564942e+08]
1.450 2.51e-04 [1.2092004e+08]
1.470 2.51e-04 [88455864.49956195]
1.490 2.51e-04 [73716445.93454634]
0.001 5.01e-04 [2.00317267e+09]
0.002 5.01e-04 [2.00317467e+09]
0.003 5.01e-04 [2.00317899e+09]
0.004 5.01e-04 [2.00318505e+09]
0.005 5.01e-04 [2.00319284e+09]
0.007 5.01e-04 [2.00321364e+09]
0.010 5.01e-04 [2.00325803e+09]
0.020 5.01e-04 [2.00352345e+09]
0.040 5.01e-04 [2.00466671e+09]
0.060 5.01e-04 [1.99679591e+09]
0.080 5.01e-04 [2.00278026e+09]
0.100 5.01e-04 [2.01116823e+09]
0.120 5.01e-04 [2.02261981e+09]
0.140 5.01e-04 [2.03795755e+09]
0.160 5.01e-04 [2.06311042e+09]
0.180 5.01e-04 [2.09255007e+09]
0.200 5.01e-04 [2.12362167e+09]
0.220 5.01e-04 [2.16240712e+09]
0.250 5.01e-04 [2.23778137e+09]
0.270 5.01e-04 [2.3011491e+09]
0.290 5.01e-04 [2.38170511e+09]
0.310 5.01e-04 [2.47118552e+09]
0.330 5.01e-04 [2.57958312e+09]
0.350 5.01e-04 [2.70690877e+09]
0.370 5.01e-04 [2.85672527e+09]
0.390 5.01e-04 [3.03397538e+09]
0.410 5.01e-04 [3.24760977e+09]
0.430 5.01e-04 [3.50222178e+09]
0.450 5.01e-04 [3.80927241e+09]
0.470 5.01e-04 [4.18876031e+09]
0.490 5.01e-04 [4.63397956e+09]
0.510 5.01e-04 [5.19731393e+09]
0.530 5.01e-04 [5.90760369e+09]
0.550 5.01e-04 [6.81217893e+09]
0.570 5.01e-04 [7.97095447e+09]
0.590 5.01e-04 [9.43885521e+09]
0.610 5.01e-04 [1.15471479e+10]
0.630 5.01e-04 [1.46131375e+10]
0.650 5.01e-04 [1.88749317e+10]
0.670 5.01e-04 [2.52667009e+10]
0.690 5.01e-04 [3.83188876e+10]
0.710 5.01e-04 [6.38335117e+10]
0.730 5.01e-04 [1.33048803e+11]
0.750 5.01e-04 [1.50898523e+12]
0.770 5.01e-04 [3.98685559e+12]
0.790 5.01e-04 [2.49901399e+12]
0.810 5.01e-04 [1.20363391e+11]
0.830 5.01e-04 [7.97490647e+10]
0.850 5.01e-04 [4.25228255e+10]
0.870 5.01e-04 [3.21574663e+10]
0.890 5.01e-04 [2.25963319e+10]
0.910 5.01e-04 [1.84184224e+10]
0.930 5.01e-04 [1.4361592e+10]
0.950 5.01e-04 [1.23744191e+10]
0.970 5.01e-04 [1.03872463e+10]
0.990 5.01e-04 [9.24980914e+09]
1.010 5.01e-04 [8.22436664e+09]
1.030 5.01e-04 [7.49397499e+09]
1.050 5.01e-04 [6.9519997e+09]
1.070 5.01e-04 [6.4700723e+09]
1.090 5.01e-04 [6.18836353e+09]
1.110 5.01e-04 [5.90665477e+09]
1.130 5.01e-04 [5.7041071e+09]
1.150 5.01e-04 [5.52938925e+09]
1.170 5.01e-04 [5.34407521e+09]
1.190 5.01e-04 [5.08943816e+09]
1.210 5.01e-04 [4.83480111e+09]
1.230 5.01e-04 [4.49058322e+09]
1.250 5.01e-04 [4.01386561e+09]
1.270 5.01e-04 [3.537148e+09]
1.290 5.01e-04 [3.04257849e+09]
1.310 5.01e-04 [2.53319737e+09]
1.330 5.01e-04 [2.02381626e+09]
1.350 5.01e-04 [1.62489143e+09]
1.370 5.01e-04 [1.31412803e+09]
1.390 5.01e-04 [1.00336464e+09]
1.410 5.01e-04 [7.64635029e+08]
1.430 5.01e-04 [6.23012281e+08]
1.450 5.01e-04 [4.81389533e+08]
1.470 5.01e-04 [3.5214781e+08]
1.490 5.01e-04 [2.9346935e+08]
0.001 1.00e-03 [7.97478148e+09]
0.002 1.00e-03 [7.97478943e+09]
0.003 1.00e-03 [7.97480664e+09]
0.004 1.00e-03 [7.97483075e+09]
0.005 1.00e-03 [7.97486178e+09]
0.007 1.00e-03 [7.97494457e+09]
0.010 1.00e-03 [7.97512129e+09]
0.020 1.00e-03 [7.97617795e+09]
0.040 1.00e-03 [7.98072935e+09]
0.060 1.00e-03 [7.94939512e+09]
0.080 1.00e-03 [7.97321925e+09]
0.100 1.00e-03 [8.0066124e+09]
0.120 1.00e-03 [8.052202e+09]
0.140 1.00e-03 [8.1132627e+09]
0.160 1.00e-03 [8.21339816e+09]
0.180 1.00e-03 [8.33059965e+09]
0.200 1.00e-03 [8.45429801e+09]
0.220 1.00e-03 [8.60870584e+09]
0.250 1.00e-03 [8.90877642e+09]
0.270 1.00e-03 [9.16104813e+09]
0.290 1.00e-03 [9.48174765e+09]
0.310 1.00e-03 [9.83797591e+09]
0.330 1.00e-03 [1.02695149e+10]
0.350 1.00e-03 [1.0776408e+10]
0.370 1.00e-03 [1.13728387e+10]
0.390 1.00e-03 [1.20784848e+10]
0.410 1.00e-03 [1.29289794e+10]
0.430 1.00e-03 [1.39426091e+10]
0.450 1.00e-03 [1.51650007e+10]
0.470 1.00e-03 [1.66757707e+10]
0.490 1.00e-03 [1.84482221e+10]
0.510 1.00e-03 [2.06908987e+10]
0.530 1.00e-03 [2.35186158e+10]
0.550 1.00e-03 [2.71197981e+10]
0.570 1.00e-03 [3.17329709e+10]
0.590 1.00e-03 [3.75767944e+10]
0.610 1.00e-03 [4.59700667e+10]
0.630 1.00e-03 [5.81760026e+10]
0.650 1.00e-03 [7.51425268e+10]
0.670 1.00e-03 [1.00588642e+11]
0.690 1.00e-03 [1.52550382e+11]
0.710 1.00e-03 [2.54126024e+11]
0.730 1.00e-03 [5.29677319e+11]
0.750 1.00e-03 [6.00738401e+12]
0.770 1.00e-03 [1.58719728e+13]
0.790 1.00e-03 [9.94876318e+12]
0.810 1.00e-03 [4.79175738e+11]
0.830 1.00e-03 [3.17487041e+11]
0.850 1.00e-03 [1.69286575e+11]
0.870 1.00e-03 [1.28021298e+11]
0.890 1.00e-03 [8.99577013e+10]
0.910 1.00e-03 [7.33251285e+10]
0.930 1.00e-03 [5.71745807e+10]
0.950 1.00e-03 [4.92634958e+10]
0.970 1.00e-03 [4.13524109e+10]
0.990 1.00e-03 [3.68241878e+10]
1.010 1.00e-03 [3.27418239e+10]
1.030 1.00e-03 [2.98340796e+10]
1.050 1.00e-03 [2.76764351e+10]
1.070 1.00e-03 [2.57578458e+10]
1.090 1.00e-03 [2.46363419e+10]
1.110 1.00e-03 [2.35148381e+10]
1.130 1.00e-03 [2.27084806e+10]
1.150 1.00e-03 [2.20129156e+10]
1.170 1.00e-03 [2.12751664e+10]
1.190 1.00e-03 [2.02614371e+10]
1.210 1.00e-03 [1.92477079e+10]
1.230 1.00e-03 [1.78773505e+10]
1.250 1.00e-03 [1.59795017e+10]
1.270 1.00e-03 [1.40816529e+10]
1.290 1.00e-03 [1.21127344e+10]
1.310 1.00e-03 [1.00848498e+10]
1.330 1.00e-03 [8.05696516e+09]
1.350 1.00e-03 [6.46881534e+09]
1.370 1.00e-03 [5.23164281e+09]
1.390 1.00e-03 [3.99447028e+09]
1.410 1.00e-03 [3.04406972e+09]
1.430 1.00e-03 [2.48025888e+09]
1.450 1.00e-03 [1.91644804e+09]
1.470 1.00e-03 [1.40192699e+09]
1.490 1.00e-03 [1.16832361e+09]
