0.001 1.00e-09 [5.32382324]
0.002 1.00e-09 [5.32179773]
0.003 1.00e-09 [5.31741549]
0.004 1.00e-09 [5.31128711]
0.005 1.00e-09 [5.30341036]
0.007 1.00e-09 [5.28246411]
0.010 1.00e-09 [5.23810261]
0.020 1.00e-09 [4.98230081]
0.040 1.00e-09 [4.04206602]
0.060 1.00e-09 [2.75188403]
0.080 1.00e-09 [1.45593622]
0.100 1.00e-09 [0.49207679]
0.120 1.00e-09 [0.05191509]
0.001 2.00e-09 [21.29529295]
0.002 2.00e-09 [21.28719091]
0.003 2.00e-09 [21.26966195]
0.004 2.00e-09 [21.24514844]
0.005 2.00e-09 [21.21364145]
0.007 2.00e-09 [21.12985645]
0.010 2.00e-09 [20.95241043]
0.020 2.00e-09 [19.92920323]
0.040 2.00e-09 [16.16826406]
0.060 2.00e-09 [11.00753613]
0.080 2.00e-09 [5.82374488]
0.100 2.00e-09 [1.96830718]
0.120 2.00e-09 [0.20766037]
0.001 4.00e-09 [85.1811718]
0.002 4.00e-09 [85.14876366]
0.003 4.00e-09 [85.07864778]
0.004 4.00e-09 [84.98059375]
0.005 4.00e-09 [84.85456581]
0.007 4.00e-09 [84.51942579]
0.010 4.00e-09 [83.80964173]
0.020 4.00e-09 [79.71681294]
0.040 4.00e-09 [64.67305625]
0.060 4.00e-09 [44.03014454]
0.080 4.00e-09 [23.29497954]
0.100 4.00e-09 [7.87322871]
0.120 4.00e-09 [0.83064149]
0.001 8.00e-09 [340.72468719]
0.002 8.00e-09 [340.59505464]
0.003 8.00e-09 [340.31459113]
0.004 8.00e-09 [339.922375]
0.005 8.00e-09 [339.41826323]
0.007 8.00e-09 [338.07770315]
0.010 8.00e-09 [335.23856691]
0.020 8.00e-09 [318.86725176]
0.040 8.00e-09 [258.69222499]
0.060 8.00e-09 [176.12057814]
0.080 8.00e-09 [93.17991816]
0.100 8.00e-09 [31.49291484]
0.120 8.00e-09 [3.32256594]
0.001 1.60e-08 [1362.89874875]
0.002 1.60e-08 [1362.38021855]
0.003 1.60e-08 [1361.25836453]
0.004 1.60e-08 [1359.6895]
0.005 1.60e-08 [1357.67305291]
0.007 1.60e-08 [1352.31081262]
0.010 1.60e-08 [1340.95426765]
0.020 1.60e-08 [1275.46900704]
0.040 1.60e-08 [1034.76889995]
0.060 1.60e-08 [704.48231256]
0.080 1.60e-08 [372.71967262]
0.100 1.60e-08 [125.97165938]
0.120 1.60e-08 [13.29026378]
0.001 3.20e-08 [5451.59499499]
0.002 3.20e-08 [5449.5208742]
0.003 3.20e-08 [5445.03345814]
0.004 3.20e-08 [5438.758]
0.005 3.20e-08 [5430.69221166]
0.007 3.20e-08 [5409.24325047]
0.010 3.20e-08 [5363.8170706]
0.020 3.20e-08 [5101.87602815]
0.040 3.20e-08 [4139.07559979]
0.060 3.20e-08 [2817.92925025]
0.080 3.20e-08 [1490.87869048]
0.100 3.20e-08 [503.88663752]
0.120 3.20e-08 [53.16105512]
0.001 6.30e-08 [21130.25442883]
0.002 6.30e-08 [21122.21518526]
0.003 6.30e-08 [21104.82206578]
0.004 6.30e-08 [21080.49853712]
0.005 6.30e-08 [21049.23573054]
0.007 6.30e-08 [20966.10005968]
0.010 6.30e-08 [20790.02925119]
0.020 6.30e-08 [19774.7519099]
0.040 6.30e-08 [16042.96001521]
0.060 6.30e-08 [10922.22772874]
0.080 6.30e-08 [5778.61086184]
0.100 6.30e-08 [1953.05279718]
0.120 6.30e-08 [206.05100366]
0.001 1.26e-07 [84521.01771534]
0.002 1.26e-07 [84488.86074104]
0.003 1.26e-07 [84419.2882631]
0.004 1.26e-07 [84321.99414848]
0.005 1.26e-07 [84196.94292214]
0.007 1.26e-07 [83864.40023872]
0.010 1.26e-07 [83160.11700478]
0.020 1.26e-07 [79099.00763958]
0.040 1.26e-07 [64171.84006082]
0.060 1.26e-07 [43688.91091494]
0.080 1.26e-07 [23114.44344735]
0.100 1.26e-07 [7812.21118873]
0.120 1.26e-07 [824.20401466]
0.001 2.51e-07 [335406.18777299]
0.002 2.51e-07 [335278.5787066]
0.003 2.51e-07 [335002.49306272]
0.004 2.51e-07 [334616.39917791]
0.005 2.51e-07 [334120.156276]
0.007 2.51e-07 [332800.52150665]
0.010 2.51e-07 [330005.70240729]
0.020 2.51e-07 [313889.93325153]
0.040 2.51e-07 [254654.20103754]
0.060 2.51e-07 [173371.44599095]
0.080 2.51e-07 [91725.43787017]
0.100 2.51e-07 [31001.33012732]
0.120 2.51e-07 [3270.70276692]
0.001 5.01e-07 [1336284.95638497]
0.002 5.01e-07 [1335776.55170451]
0.003 5.01e-07 [1334676.60451797]
0.004 5.01e-07 [1333138.37574092]
0.005 5.01e-07 [1331161.30450997]
0.007 5.01e-07 [1325903.77452248]
0.010 5.01e-07 [1314768.99271331]
0.020 5.01e-07 [1250562.48529497]
0.040 5.01e-07 [1014562.61193669]
0.060 5.01e-07 [690725.64427825]
0.080 5.01e-07 [365441.44745084]
0.100 5.01e-07 [123511.76748446]
0.120 5.01e-07 [13030.74022951]
0.001 1.00e-06 [5323823.23729773]
0.002 1.00e-06 [5321797.72871226]
0.003 1.00e-06 [5317415.48646406]
0.004 1.00e-06 [5311287.10937775]
0.005 1.00e-06 [5303410.36294665]
0.007 1.00e-06 [5282464.11178631]
0.010 1.00e-06 [5238102.60801076]
0.020 1.00e-06 [4982300.80874168]
0.040 1.00e-06 [4042066.01542102]
0.060 1.00e-06 [2751884.0334431]
0.080 1.00e-06 [1455936.22117377]
0.100 1.00e-06 [492076.79445285]
0.120 1.00e-06 [51915.09288611]
0.001 1.99e-06 [21188949.58002589]
0.002 1.99e-06 [21180888.00521802]
0.003 1.99e-06 [21163446.57151412]
0.004 1.99e-06 [21139055.47750118]
0.005 1.99e-06 [21107705.82978676]
0.007 1.99e-06 [21024339.22651231]
0.010 1.99e-06 [20847779.33244802]
0.020 1.99e-06 [19829681.77631212]
0.040 1.99e-06 [16087523.79302607]
0.060 1.99e-06 [10952567.25020436]
0.080 1.99e-06 [5794662.55867714]
0.100 1.99e-06 [1958477.94384219]
0.120 1.99e-06 [206623.36756405]
0.001 3.98e-06 [84373872.56488305]
0.002 3.98e-06 [84341771.57361197]
0.003 3.98e-06 [84272320.21647301]
0.004 3.98e-06 [84175195.48406506]
0.005 3.98e-06 [84050361.96311958]
0.007 3.98e-06 [83718398.21313377]
0.010 3.98e-06 [83015341.08679599]
0.020 3.98e-06 [78961301.82753013]
0.040 3.98e-06 [64060121.39822396]
0.060 3.98e-06 [43612851.59214227]
0.080 3.98e-06 [23074202.82613777]
0.100 3.98e-06 [7798610.6782115]
0.120 3.98e-06 [822769.13340764]
0.001 7.94e-06 [3.35886657e+08]
0.002 7.94e-06 [3.35758866e+08]
0.003 7.94e-06 [3.35482384e+08]
0.004 7.94e-06 [3.35095738e+08]
0.005 7.94e-06 [3.34598784e+08]
0.007 7.94e-06 [3.33277259e+08]
0.010 7.94e-06 [3.30478436e+08]
0.020 7.94e-06 [3.14339581e+08]
0.040 7.94e-06 [2.55018993e+08]
0.060 7.94e-06 [1.73619801e+08]
0.080 7.94e-06 [91856834.6581935]
0.100 7.94e-06 [31045739.56594631]
0.120 7.94e-06 [3275388.05213585]
0.001 1.58e-05 [1.33729542e+09]
0.002 1.58e-05 [1.33678663e+09]
0.003 1.58e-05 [1.33568586e+09]
0.004 1.58e-05 [1.33414646e+09]
0.005 1.58e-05 [1.3321679e+09]
0.007 1.58e-05 [1.32690639e+09]
0.010 1.58e-05 [1.31576319e+09]
0.020 1.58e-05 [1.25150813e+09]
0.040 1.58e-05 [1.0153298e+09]
0.060 1.58e-05 [6.91247955e+08]
0.080 1.58e-05 [3.65717786e+08]
0.100 1.58e-05 [1.23605164e+08]
0.120 1.58e-05 [13040593.76605199]
0.001 3.16e-05 [5.32389846e+09]
0.002 3.16e-05 [5.32187292e+09]
0.003 3.16e-05 [5.31749062e+09]
0.004 3.16e-05 [5.31136215e+09]
0.005 3.16e-05 [5.30348529e+09]
0.007 3.16e-05 [5.28253875e+09]
0.010 3.16e-05 [5.23817662e+09]
0.020 3.16e-05 [4.9823712e+09]
0.040 3.16e-05 [4.04212313e+09]
0.060 3.16e-05 [2.75192291e+09]
0.080 3.16e-05 [1.45595679e+09]
0.100 3.16e-05 [4.92083747e+08]
0.120 3.16e-05 [51915826.39445986]
0.001 6.31e-05 [2.11947005e+10]
0.002 6.31e-05 [2.11866367e+10]
0.003 6.31e-05 [2.11691905e+10]
0.004 6.31e-05 [2.11447928e+10]
0.005 6.31e-05 [2.11134347e+10]
0.007 6.31e-05 [2.10300454e+10]
0.010 6.31e-05 [2.08534376e+10]
0.020 6.31e-05 [1.98350637e+10]
0.040 6.31e-05 [1.60918901e+10]
0.060 6.31e-05 [1.09555399e+10]
0.080 6.31e-05 [5.79623528e+09]
0.100 6.31e-05 [1.95900949e+09]
0.120 6.31e-05 [2.06679447e+08]
0.001 1.26e-04 [8.43775271e+10]
0.002 1.26e-04 [8.43454247e+10]
0.003 1.26e-04 [8.42759704e+10]
0.004 1.26e-04 [8.41788414e+10]
0.005 1.26e-04 [8.40540025e+10]
0.007 1.26e-04 [8.37220244e+10]
0.010 1.26e-04 [8.30189368e+10]
0.020 1.26e-04 [7.89647219e+10]
0.040 1.26e-04 [6.40628961e+10]
0.060 1.26e-04 [4.36147406e+10]
0.080 1.26e-04 [2.30752023e+10]
0.100 1.26e-04 [7.79894846e+09]
0.120 1.26e-04 [8.2280477e+08]
0.001 2.51e-04 [3.35911492e+11]
0.002 2.51e-04 [3.3578369e+11]
0.003 2.51e-04 [3.35507189e+11]
0.004 2.51e-04 [3.35120513e+11]
0.005 2.51e-04 [3.34623523e+11]
0.007 2.51e-04 [3.333019e+11]
0.010 2.51e-04 [3.3050287e+11]
0.020 2.51e-04 [3.14362822e+11]
0.040 2.51e-04 [2.55037849e+11]
0.060 2.51e-04 [1.73632638e+11]
0.080 2.51e-04 [9.18636262e+10]
0.100 2.51e-04 [3.1048035e+10]
0.120 2.51e-04 [3.27563022e+09]
0.001 5.01e-04 [1.33728269e+12]
0.002 5.01e-04 [1.3367739e+12]
0.003 5.01e-04 [1.33567314e+12]
0.004 5.01e-04 [1.33413376e+12]
0.005 5.01e-04 [1.33215521e+12]
0.007 5.01e-04 [1.32689376e+12]
0.010 5.01e-04 [1.31575066e+12]
0.020 5.01e-04 [1.25149621e+12]
0.040 5.01e-04 [1.01532013e+12]
0.060 5.01e-04 [6.91241372e+11]
0.080 5.01e-04 [3.65714303e+11]
0.100 5.01e-04 [1.23603987e+11]
0.120 5.01e-04 [1.30404696e+10]
0.001 1.00e-03 [5.32382324e+12]
0.002 1.00e-03 [5.32179773e+12]
0.003 1.00e-03 [5.31741549e+12]
0.004 1.00e-03 [5.31128711e+12]
0.005 1.00e-03 [5.30341036e+12]
0.007 1.00e-03 [5.28246411e+12]
0.010 1.00e-03 [5.23810261e+12]
0.020 1.00e-03 [4.98230081e+12]
0.040 1.00e-03 [4.04206602e+12]
0.060 1.00e-03 [2.75188403e+12]
0.080 1.00e-03 [1.45593622e+12]
0.100 1.00e-03 [4.92076794e+11]
0.120 1.00e-03 [5.19150929e+10]
