0.001 1.00e-09 [0.53238232]
0.002 1.00e-09 [0.53217977]
0.003 1.00e-09 [0.53174155]
0.004 1.00e-09 [0.53112871]
0.005 1.00e-09 [0.53034104]
0.007 1.00e-09 [0.52824641]
0.010 1.00e-09 [0.52381026]
0.020 1.00e-09 [0.49823008]
0.040 1.00e-09 [0.4042066]
0.060 1.00e-09 [0.2751884]
0.080 1.00e-09 [0.14559362]
0.100 1.00e-09 [0.04920768]
0.120 1.00e-09 [0.00519151]
0.001 2.00e-09 [2.12952929]
0.002 2.00e-09 [2.12871909]
0.003 2.00e-09 [2.12696619]
0.004 2.00e-09 [2.12451484]
0.005 2.00e-09 [2.12136415]
0.007 2.00e-09 [2.11298564]
0.010 2.00e-09 [2.09524104]
0.020 2.00e-09 [1.99292032]
0.040 2.00e-09 [1.61682641]
0.060 2.00e-09 [1.10075361]
0.080 2.00e-09 [0.58237449]
0.100 2.00e-09 [0.19683072]
0.120 2.00e-09 [0.02076604]
0.001 4.00e-09 [8.51811718]
0.002 4.00e-09 [8.51487637]
0.003 4.00e-09 [8.50786478]
0.004 4.00e-09 [8.49805938]
0.005 4.00e-09 [8.48545658]
0.007 4.00e-09 [8.45194258]
0.010 4.00e-09 [8.38096417]
0.020 4.00e-09 [7.97168129]
0.040 4.00e-09 [6.46730562]
0.060 4.00e-09 [4.40301445]
0.080 4.00e-09 [2.32949795]
0.100 4.00e-09 [0.78732287]
0.120 4.00e-09 [0.08306415]
0.001 8.00e-09 [34.07246872]
0.002 8.00e-09 [34.05950546]
0.003 8.00e-09 [34.03145911]
0.004 8.00e-09 [33.9922375]
0.005 8.00e-09 [33.94182632]
0.007 8.00e-09 [33.80777032]
0.010 8.00e-09 [33.52385669]
0.020 8.00e-09 [31.88672518]
0.040 8.00e-09 [25.8692225]
0.060 8.00e-09 [17.61205781]
0.080 8.00e-09 [9.31799182]
0.100 8.00e-09 [3.14929148]
0.120 8.00e-09 [0.33225659]
0.001 1.60e-08 [136.28987487]
0.002 1.60e-08 [136.23802186]
0.003 1.60e-08 [136.12583645]
0.004 1.60e-08 [135.96895]
0.005 1.60e-08 [135.76730529]
0.007 1.60e-08 [135.23108126]
0.010 1.60e-08 [134.09542677]
0.020 1.60e-08 [127.5469007]
0.040 1.60e-08 [103.47688999]
0.060 1.60e-08 [70.44823126]
0.080 1.60e-08 [37.27196726]
0.100 1.60e-08 [12.59716594]
0.120 1.60e-08 [1.32902638]
0.001 3.20e-08 [545.1594995]
0.002 3.20e-08 [544.95208742]
0.003 3.20e-08 [544.50334581]
0.004 3.20e-08 [543.8758]
0.005 3.20e-08 [543.06922117]
0.007 3.20e-08 [540.92432505]
0.010 3.20e-08 [536.38170706]
0.020 3.20e-08 [510.18760282]
0.040 3.20e-08 [413.90755998]
0.060 3.20e-08 [281.79292502]
0.080 3.20e-08 [149.08786905]
0.100 3.20e-08 [50.38866375]
0.120 3.20e-08 [5.31610551]
0.001 6.30e-08 [2113.02544288]
0.002 6.30e-08 [2112.22151853]
0.003 6.30e-08 [2110.48220658]
0.004 6.30e-08 [2108.04985371]
0.005 6.30e-08 [2104.92357305]
0.007 6.30e-08 [2096.61000597]
0.010 6.30e-08 [2079.00292512]
0.020 6.30e-08 [1977.47519099]
0.040 6.30e-08 [1604.29600152]
0.060 6.30e-08 [1092.22277287]
0.080 6.30e-08 [577.86108618]
0.100 6.30e-08 [195.30527972]
0.120 6.30e-08 [20.60510037]
0.001 1.26e-07 [8452.10177153]
0.002 1.26e-07 [8448.8860741]
0.003 1.26e-07 [8441.92882631]
0.004 1.26e-07 [8432.19941485]
0.005 1.26e-07 [8419.69429221]
0.007 1.26e-07 [8386.44002387]
0.010 1.26e-07 [8316.01170048]
0.020 1.26e-07 [7909.90076396]
0.040 1.26e-07 [6417.18400608]
0.060 1.26e-07 [4368.89109149]
0.080 1.26e-07 [2311.44434474]
0.100 1.26e-07 [781.22111887]
0.120 1.26e-07 [82.42040147]
0.001 2.51e-07 [33540.6187773]
0.002 2.51e-07 [33527.85787066]
0.003 2.51e-07 [33500.24930627]
0.004 2.51e-07 [33461.63991779]
0.005 2.51e-07 [33412.0156276]
0.007 2.51e-07 [33280.05215066]
0.010 2.51e-07 [33000.57024073]
0.020 2.51e-07 [31388.99332515]
0.040 2.51e-07 [25465.42010375]
0.060 2.51e-07 [17337.14459909]
0.080 2.51e-07 [9172.54378702]
0.100 2.51e-07 [3100.13301273]
0.120 2.51e-07 [327.07027669]
0.001 5.01e-07 [133628.4956385]
0.002 5.01e-07 [133577.65517045]
0.003 5.01e-07 [133467.6604518]
0.004 5.01e-07 [133313.83757409]
0.005 5.01e-07 [133116.130451]
0.007 5.01e-07 [132590.37745225]
0.010 5.01e-07 [131476.89927133]
0.020 5.01e-07 [125056.2485295]
0.040 5.01e-07 [101456.26119367]
0.060 5.01e-07 [69072.56442783]
0.080 5.01e-07 [36544.14474508]
0.100 5.01e-07 [12351.17674845]
0.120 5.01e-07 [1303.07402295]
0.001 1.00e-06 [532382.32372977]
0.002 1.00e-06 [532179.77287123]
0.003 1.00e-06 [531741.54864641]
0.004 1.00e-06 [531128.71093777]
0.005 1.00e-06 [530341.03629467]
0.007 1.00e-06 [528246.41117863]
0.010 1.00e-06 [523810.26080108]
0.020 1.00e-06 [498230.08087417]
0.040 1.00e-06 [404206.6015421]
0.060 1.00e-06 [275188.40334431]
0.080 1.00e-06 [145593.62211738]
0.100 1.00e-06 [49207.67944528]
0.120 1.00e-06 [5191.50928861]
0.001 1.99e-06 [2118894.95800259]
0.002 1.99e-06 [2118088.8005218]
0.003 1.99e-06 [2116344.65715141]
0.004 1.99e-06 [2113905.54775012]
0.005 1.99e-06 [2110770.58297868]
0.007 1.99e-06 [2102433.92265123]
0.010 1.99e-06 [2084777.9332448]
0.020 1.99e-06 [1982968.17763121]
0.040 1.99e-06 [1608752.37930261]
0.060 1.99e-06 [1095256.72502044]
0.080 1.99e-06 [579466.25586771]
0.100 1.99e-06 [195847.79438422]
0.120 1.99e-06 [20662.3367564]
0.001 3.98e-06 [8437387.25648831]
0.002 3.98e-06 [8434177.1573612]
0.003 3.98e-06 [8427232.0216473]
0.004 3.98e-06 [8417519.54840651]
0.005 3.98e-06 [8405036.19631196]
0.007 3.98e-06 [8371839.82131338]
0.010 3.98e-06 [8301534.1086796]
0.020 3.98e-06 [7896130.18275301]
0.040 3.98e-06 [6406012.1398224]
0.060 3.98e-06 [4361285.15921423]
0.080 3.98e-06 [2307420.28261378]
0.100 3.98e-06 [779861.06782115]
0.120 3.98e-06 [82276.91334076]
0.001 7.94e-06 [33588665.74963371]
0.002 7.94e-06 [33575886.56298198]
0.003 7.94e-06 [33548238.44929601]
0.004 7.94e-06 [33509573.75282419]
0.005 7.94e-06 [33459878.37578477]
0.007 7.94e-06 [33327725.86102739]
0.010 7.94e-06 [33047843.59295562]
0.020 7.94e-06 [31433958.09172229]
0.040 7.94e-06 [25501899.34533658]
0.060 7.94e-06 [17361980.07730828]
0.080 7.94e-06 [9185683.46581935]
0.100 7.94e-06 [3104573.95659463]
0.120 7.94e-06 [327538.80521359]
0.001 1.58e-05 [1.33729542e+08]
0.002 1.58e-05 [1.33678663e+08]
0.003 1.58e-05 [1.33568586e+08]
0.004 1.58e-05 [1.33414646e+08]
0.005 1.58e-05 [1.3321679e+08]
0.007 1.58e-05 [1.32690639e+08]
0.010 1.58e-05 [1.31576319e+08]
0.020 1.58e-05 [1.25150813e+08]
0.040 1.58e-05 [1.0153298e+08]
0.060 1.58e-05 [69124795.46196823]
0.080 1.58e-05 [36571778.56015528]
0.100 1.58e-05 [12360516.41521227]
0.120 1.58e-05 [1304059.3766052]
0.001 3.16e-05 [5.32389846e+08]
0.002 3.16e-05 [5.32187292e+08]
0.003 3.16e-05 [5.31749062e+08]
0.004 3.16e-05 [5.31136215e+08]
0.005 3.16e-05 [5.30348529e+08]
0.007 3.16e-05 [5.28253875e+08]
0.010 3.16e-05 [5.23817662e+08]
0.020 3.16e-05 [4.9823712e+08]
0.040 3.16e-05 [4.04212313e+08]
0.060 3.16e-05 [2.75192291e+08]
0.080 3.16e-05 [1.45595679e+08]
0.100 3.16e-05 [49208374.70058746]
0.120 3.16e-05 [5191582.63944599]
0.001 6.31e-05 [2.11947005e+09]
0.002 6.31e-05 [2.11866367e+09]
0.003 6.31e-05 [2.11691905e+09]
0.004 6.31e-05 [2.11447928e+09]
0.005 6.31e-05 [2.11134347e+09]
0.007 6.31e-05 [2.10300454e+09]
0.010 6.31e-05 [2.08534376e+09]
0.020 6.31e-05 [1.98350637e+09]
0.040 6.31e-05 [1.60918901e+09]
0.060 6.31e-05 [1.09555399e+09]
0.080 6.31e-05 [5.79623528e+08]
0.100 6.31e-05 [1.95900949e+08]
0.120 6.31e-05 [20667944.70780268]
0.001 1.26e-04 [8.43775271e+09]
0.002 1.26e-04 [8.43454247e+09]
0.003 1.26e-04 [8.42759704e+09]
0.004 1.26e-04 [8.41788414e+09]
0.005 1.26e-04 [8.40540025e+09]
0.007 1.26e-04 [8.37220244e+09]
0.010 1.26e-04 [8.30189368e+09]
0.020 1.26e-04 [7.89647219e+09]
0.040 1.26e-04 [6.40628961e+09]
0.060 1.26e-04 [4.36147406e+09]
0.080 1.26e-04 [2.30752023e+09]
0.100 1.26e-04 [7.79894846e+08]
0.120 1.26e-04 [82280477.0471239]
0.001 2.51e-04 [3.35911492e+10]
0.002 2.51e-04 [3.3578369e+10]
0.003 2.51e-04 [3.35507189e+10]
0.004 2.51e-04 [3.35120513e+10]
0.005 2.51e-04 [3.34623523e+10]
0.007 2.51e-04 [3.333019e+10]
0.010 2.51e-04 [3.3050287e+10]
0.020 2.51e-04 [3.14362822e+10]
0.040 2.51e-04 [2.55037849e+10]
0.060 2.51e-04 [1.73632638e+10]
0.080 2.51e-04 [9.18636262e+09]
0.100 2.51e-04 [3.1048035e+09]
0.120 2.51e-04 [3.27563022e+08]
0.001 5.01e-04 [1.33728269e+11]
0.002 5.01e-04 [1.3367739e+11]
0.003 5.01e-04 [1.33567314e+11]
0.004 5.01e-04 [1.33413376e+11]
0.005 5.01e-04 [1.33215521e+11]
0.007 5.01e-04 [1.32689376e+11]
0.010 5.01e-04 [1.31575066e+11]
0.020 5.01e-04 [1.25149621e+11]
0.040 5.01e-04 [1.01532013e+11]
0.060 5.01e-04 [6.91241372e+10]
0.080 5.01e-04 [3.65714303e+10]
0.100 5.01e-04 [1.23603987e+10]
0.120 5.01e-04 [1.30404696e+09]
0.001 1.00e-03 [5.32382324e+11]
0.002 1.00e-03 [5.32179773e+11]
0.003 1.00e-03 [5.31741549e+11]
0.004 1.00e-03 [5.31128711e+11]
0.005 1.00e-03 [5.30341036e+11]
0.007 1.00e-03 [5.28246411e+11]
0.010 1.00e-03 [5.23810261e+11]
0.020 1.00e-03 [4.98230081e+11]
0.040 1.00e-03 [4.04206602e+11]
0.060 1.00e-03 [2.75188403e+11]
0.080 1.00e-03 [1.45593622e+11]
0.100 1.00e-03 [4.92076794e+10]
0.120 1.00e-03 [5.19150929e+09]
