0.220 1.00e-09 [0.14006989]
0.250 1.00e-09 [0.11785206]
0.270 1.00e-09 [0.10305553]
0.290 1.00e-09 [0.08859449]
0.310 1.00e-09 [0.07462371]
0.330 1.00e-09 [0.06151541]
0.350 1.00e-09 [0.04934436]
0.370 1.00e-09 [0.03829024]
0.390 1.00e-09 [0.0285321]
0.410 1.00e-09 [0.02031174]
0.430 1.00e-09 [0.01356112]
0.450 1.00e-09 [0.00829219]
0.470 1.00e-09 [0.00445078]
0.490 1.00e-09 [0.00191508]
0.510 1.00e-09 [0.00063568]
0.530 1.00e-09 [0.00014037]
0.220 2.00e-09 [0.56027957]
0.250 2.00e-09 [0.47140825]
0.270 2.00e-09 [0.41222213]
0.290 2.00e-09 [0.35437796]
0.310 2.00e-09 [0.29849484]
0.330 2.00e-09 [0.24606164]
0.350 2.00e-09 [0.19737745]
0.370 2.00e-09 [0.15316097]
0.390 2.00e-09 [0.1141284]
0.410 2.00e-09 [0.08124694]
0.430 2.00e-09 [0.05424447]
0.450 2.00e-09 [0.03316875]
0.470 2.00e-09 [0.01780311]
0.490 2.00e-09 [0.00766033]
0.510 2.00e-09 [0.0025427]
0.530 2.00e-09 [0.00056149]
0.220 4.00e-09 [2.2411183]
0.250 4.00e-09 [1.88563298]
0.270 4.00e-09 [1.64888851]
0.290 4.00e-09 [1.41751183]
0.310 4.00e-09 [1.19397938]
0.330 4.00e-09 [0.98424655]
0.350 4.00e-09 [0.78950979]
0.370 4.00e-09 [0.61264388]
0.390 4.00e-09 [0.4565136]
0.410 4.00e-09 [0.32498777]
0.430 4.00e-09 [0.2169779]
0.450 4.00e-09 [0.13267499]
0.470 4.00e-09 [0.07121244]
0.490 4.00e-09 [0.03064131]
0.510 4.00e-09 [0.0101708]
0.530 4.00e-09 [0.00224596]
0.220 8.00e-09 [8.96447318]
0.250 8.00e-09 [7.54253194]
0.270 8.00e-09 [6.59555403]
0.290 8.00e-09 [5.67004731]
0.310 8.00e-09 [4.77591751]
0.330 8.00e-09 [3.9369862]
0.350 8.00e-09 [3.15803915]
0.370 8.00e-09 [2.4505755]
0.390 8.00e-09 [1.82605439]
0.410 8.00e-09 [1.29995108]
0.430 8.00e-09 [0.86791158]
0.450 8.00e-09 [0.53069995]
0.470 8.00e-09 [0.28484976]
0.490 8.00e-09 [0.12256524]
0.510 8.00e-09 [0.0406832]
0.530 8.00e-09 [0.00898385]
0.220 1.60e-08 [35.85789273]
0.250 1.60e-08 [30.17012776]
0.270 1.60e-08 [26.38221612]
0.290 1.60e-08 [22.68018926]
0.310 1.60e-08 [19.10367004]
0.330 1.60e-08 [15.74794479]
0.350 1.60e-08 [12.6321566]
0.370 1.60e-08 [9.802302]
0.390 1.60e-08 [7.30421757]
0.410 1.60e-08 [5.19980433]
0.430 1.60e-08 [3.47164633]
0.450 1.60e-08 [2.1227998]
0.470 1.60e-08 [1.13939905]
0.490 1.60e-08 [0.49026096]
0.510 1.60e-08 [0.16273281]
0.530 1.60e-08 [0.03593541]
0.220 3.20e-08 [143.43157092]
0.250 3.20e-08 [120.68051103]
0.270 3.20e-08 [105.52886447]
0.290 3.20e-08 [90.72075702]
0.310 3.20e-08 [76.41468016]
0.330 3.20e-08 [62.99177916]
0.350 3.20e-08 [50.52862639]
0.370 3.20e-08 [39.209208]
0.390 3.20e-08 [29.21687027]
0.410 3.20e-08 [20.79921733]
0.430 3.20e-08 [13.88658531]
0.450 3.20e-08 [8.49119921]
0.470 3.20e-08 [4.55759622]
0.490 3.20e-08 [1.96104385]
0.510 3.20e-08 [0.65093125]
0.530 3.20e-08 [0.14374163]
0.220 6.30e-08 [555.93740722]
0.250 6.30e-08 [467.75483229]
0.270 6.30e-08 [409.02740535]
0.290 6.30e-08 [351.63152796]
0.310 6.30e-08 [296.18150934]
0.330 6.30e-08 [244.15465965]
0.350 6.30e-08 [195.84777162]
0.370 6.30e-08 [151.97397126]
0.390 6.30e-08 [113.2439044]
0.410 6.30e-08 [80.61727888]
0.430 6.30e-08 [53.82407921]
0.450 6.30e-08 [32.91168914]
0.470 6.30e-08 [17.66513611]
0.490 6.30e-08 [7.60096002]
0.510 6.30e-08 [2.52299429]
0.530 6.30e-08 [0.5571392]
0.220 1.26e-07 [2223.74962889]
0.250 1.26e-07 [1871.01932915]
0.270 1.26e-07 [1636.10962139]
0.290 1.26e-07 [1406.52611182]
0.310 1.26e-07 [1184.72603737]
0.330 1.26e-07 [976.61863859]
0.350 1.26e-07 [783.39108649]
0.370 1.26e-07 [607.89588504]
0.390 1.26e-07 [452.9756176]
0.410 1.26e-07 [322.46911553]
0.430 1.26e-07 [215.29631683]
0.450 1.26e-07 [131.64675657]
0.470 1.26e-07 [70.66054446]
0.490 1.26e-07 [30.40384007]
0.510 1.26e-07 [10.09197714]
0.530 1.26e-07 [2.22855679]
0.220 2.51e-07 [8824.54335915]
0.250 2.51e-07 [7424.79772963]
0.270 2.51e-07 [6492.60155312]
0.290 2.51e-07 [5581.54141917]
0.310 2.51e-07 [4701.36842281]
0.330 2.51e-07 [3875.53230345]
0.350 2.51e-07 [3108.74413203]
0.370 2.51e-07 [2412.32354833]
0.390 2.51e-07 [1797.55082415]
0.410 2.51e-07 [1279.6596591]
0.430 2.51e-07 [854.36402472]
0.450 2.51e-07 [522.41605636]
0.470 2.51e-07 [280.40343671]
0.490 2.51e-07 [120.65207407]
0.510 2.51e-07 [40.04816401]
0.530 2.51e-07 [8.8436197]
0.220 5.01e-07 [35157.68333343]
0.250 5.01e-07 [29580.9853008]
0.270 5.01e-07 [25867.04151417]
0.290 5.01e-07 [22237.30540394]
0.310 5.01e-07 [18730.62610902]
0.330 5.01e-07 [15440.42925825]
0.350 5.01e-07 [12385.48413332]
0.370 5.01e-07 [9610.88908039]
0.390 5.01e-07 [7161.58560044]
0.410 5.01e-07 [5098.26596551]
0.430 5.01e-07 [3403.85429706]
0.450 5.01e-07 [2081.34716216]
0.470 5.01e-07 [1117.14961696]
0.490 5.01e-07 [480.68746916]
0.510 5.01e-07 [159.55507398]
0.530 5.01e-07 [35.23368498]
0.220 1.00e-06 [140069.89348024]
0.250 1.00e-06 [117852.06154877]
0.270 1.00e-06 [103055.53170773]
0.290 1.00e-06 [88594.48928068]
0.310 1.00e-06 [74623.71109684]
0.330 1.00e-06 [61515.40933405]
0.350 1.00e-06 [49344.36170901]
0.370 1.00e-06 [38290.24219182]
0.390 1.00e-06 [28532.09987388]
0.410 1.00e-06 [20311.73567239]
0.430 1.00e-06 [13561.11846987]
0.450 1.00e-06 [8292.18673296]
0.470 1.00e-06 [4450.77755452]
0.490 1.00e-06 [1915.08188877]
0.510 1.00e-06 [635.67505299]
0.530 1.00e-06 [140.37268768]
0.220 1.99e-06 [557481.67779867]
0.250 1.99e-06 [469054.15126566]
0.270 1.99e-06 [410163.59258506]
0.290 1.99e-06 [352608.28219933]
0.310 1.99e-06 [297004.23575819]
0.330 1.99e-06 [244832.86703474]
0.350 1.99e-06 [196391.79321091]
0.370 1.99e-06 [152396.1211795]
0.390 1.99e-06 [113558.47080053]
0.410 1.99e-06 [80841.21576951]
0.430 1.99e-06 [53973.59053805]
0.450 1.99e-06 [33003.11050183]
0.470 1.99e-06 [17714.20593644]
0.490 1.99e-06 [7622.07379434]
0.510 1.99e-06 [2530.00260279]
0.530 1.99e-06 [558.68680629]
0.220 3.98e-06 [2219878.23710631]
0.250 3.98e-06 [1867762.01601918]
0.270 3.98e-06 [1633261.26955106]
0.290 3.98e-06 [1404077.44873083]
0.310 3.98e-06 [1182663.51262238]
0.330 3.98e-06 [974918.41418873]
0.350 3.98e-06 [782027.25767898]
0.370 3.98e-06 [606837.58103339]
0.390 3.98e-06 [452187.01888927]
0.410 3.98e-06 [321907.71947265]
0.430 3.98e-06 [214921.50107427]
0.450 3.98e-06 [131417.56882329]
0.470 3.98e-06 [70537.52941478]
0.490 3.98e-06 [30350.90911776]
0.510 3.98e-06 [10074.40771854]
0.530 3.98e-06 [2224.67702893]
0.220 7.94e-06 [8837184.52696499]
0.250 7.94e-06 [7435433.760337]
0.270 7.94e-06 [6501902.21179981]
0.290 7.94e-06 [5589536.98323513]
0.310 7.94e-06 [4708103.13811462]
0.330 7.94e-06 [3881084.0076312]
0.350 7.94e-06 [3113197.41132927]
0.370 7.94e-06 [2415779.20439441]
0.390 7.94e-06 [1800125.81763569]
0.410 7.94e-06 [1281492.77292908]
0.430 7.94e-06 [855587.90210109]
0.450 7.94e-06 [523164.41792339]
0.470 7.94e-06 [280805.11493603]
0.490 7.94e-06 [120824.90829967]
0.510 7.94e-06 [40105.53305154]
0.530 7.94e-06 [8856.28819136]
0.220 1.58e-05 [35184268.73928492]
0.250 1.58e-05 [29603353.73993774]
0.270 1.58e-05 [25886601.55714568]
0.290 1.58e-05 [22254120.7265996]
0.310 1.58e-05 [18744789.76400715]
0.330 1.58e-05 [15452104.9444618]
0.350 1.58e-05 [12394849.74252015]
0.370 1.58e-05 [9618156.6066472]
0.390 1.58e-05 [7167001.02153134]
0.410 1.58e-05 [5102121.15324849]
0.430 1.58e-05 [3406428.21090264]
0.450 1.58e-05 [2082921.02749268]
0.470 1.58e-05 [1117994.37899351]
0.490 1.58e-05 [481050.95362029]
0.510 1.58e-05 [159675.72573729]
0.530 1.58e-05 [35260.32785743]
0.220 3.16e-05 [1.40071873e+08]
0.250 3.16e-05 [1.17853727e+08]
0.270 3.16e-05 [1.03056988e+08]
0.290 3.16e-05 [88595741.03221777]
0.310 3.16e-05 [74624765.45525137]
0.330 3.16e-05 [61516278.48526414]
0.350 3.16e-05 [49345058.8954974]
0.370 3.16e-05 [38290783.19465169]
0.390 3.16e-05 [28532503.00391681]
0.410 3.16e-05 [20312022.65690561]
0.430 3.16e-05 [13561310.07491326]
0.450 3.16e-05 [8292303.8932619]
0.470 3.16e-05 [4450840.43955927]
0.490 3.16e-05 [1915108.94696026]
0.510 3.16e-05 [635684.03444687]
0.530 3.16e-05 [140374.67100795]
0.220 6.31e-05 [5.57632984e+08]
0.250 6.31e-05 [4.69181457e+08]
0.270 6.31e-05 [4.10274915e+08]
0.290 6.31e-05 [3.52703983e+08]
0.310 6.31e-05 [2.97084845e+08]
0.330 6.31e-05 [2.44899317e+08]
0.350 6.31e-05 [1.96445096e+08]
0.370 6.31e-05 [1.52437483e+08]
0.390 6.31e-05 [1.13589292e+08]
0.410 6.31e-05 [80863156.8313742]
0.430 6.31e-05 [53988239.47519498]
0.450 6.31e-05 [33012067.85461533]
0.470 6.31e-05 [17719013.73756805]
0.490 6.31e-05 [7624142.49644243]
0.510 6.31e-05 [2530689.26915569]
0.530 6.31e-05 [558838.43911573]
0.220 1.26e-04 [2.21997439e+09]
0.250 1.26e-04 [1.86784292e+09]
0.270 1.26e-04 [1.63333201e+09]
0.290 1.26e-04 [1.40413826e+09]
0.310 1.26e-04 [1.18271474e+09]
0.330 1.26e-04 [9.74960641e+08]
0.350 1.26e-04 [7.8206113e+08]
0.370 1.26e-04 [6.06863865e+08]
0.390 1.26e-04 [4.52206605e+08]
0.410 1.26e-04 [3.21921662e+08]
0.430 1.26e-04 [2.1493081e+08]
0.450 1.26e-04 [1.31423261e+08]
0.470 1.26e-04 [70540584.64658247]
0.490 1.26e-04 [30352223.7238086]
0.510 1.26e-04 [10074844.07704828]
0.530 1.26e-04 [2224773.38761957]
0.220 2.51e-04 [8.83783791e+09]
0.250 2.51e-04 [7.43598351e+09]
0.270 2.51e-04 [6.50238294e+09]
0.290 2.51e-04 [5.58995025e+09]
0.310 2.51e-04 [4.70845124e+09]
0.330 2.51e-04 [3.88137096e+09]
0.350 2.51e-04 [3.11342759e+09]
0.370 2.51e-04 [2.41595782e+09]
0.390 2.51e-04 [1.80025891e+09]
0.410 2.51e-04 [1.28158752e+09]
0.430 2.51e-04 [8.55651161e+08]
0.450 2.51e-04 [5.23203099e+08]
0.470 2.51e-04 [2.80825877e+08]
0.490 2.51e-04 [1.20833842e+08]
0.510 2.51e-04 [40108498.29830465]
0.530 2.51e-04 [8856942.99078385]
0.220 5.01e-04 [3.51839337e+10]
0.250 5.01e-04 [2.96030718e+10]
0.270 5.01e-04 [2.5886355e+10]
0.290 5.01e-04 [2.22539088e+10]
0.310 5.01e-04 [1.87446113e+10]
0.330 5.01e-04 [1.54519578e+10]
0.350 5.01e-04 [1.23947317e+10]
0.370 5.01e-04 [9.61806502e+09]
0.390 5.01e-04 [7.16693277e+09]
0.410 5.01e-04 [5.10207257e+09]
0.430 5.01e-04 [3.40639577e+09]
0.450 5.01e-04 [2.08290119e+09]
0.470 5.01e-04 [1.11798373e+09]
0.490 5.01e-04 [4.81046373e+08]
0.510 5.01e-04 [1.59674205e+08]
0.530 5.01e-04 [35259992.08160563]
0.220 1.00e-03 [1.40069893e+11]
0.250 1.00e-03 [1.17852062e+11]
0.270 1.00e-03 [1.03055532e+11]
0.290 1.00e-03 [8.85944893e+10]
0.310 1.00e-03 [7.46237111e+10]
0.330 1.00e-03 [6.15154093e+10]
0.350 1.00e-03 [4.93443617e+10]
0.370 1.00e-03 [3.82902422e+10]
0.390 1.00e-03 [2.85320999e+10]
0.410 1.00e-03 [2.03117357e+10]
0.430 1.00e-03 [1.35611185e+10]
0.450 1.00e-03 [8.29218673e+09]
0.470 1.00e-03 [4.45077755e+09]
0.490 1.00e-03 [1.91508189e+09]
0.510 1.00e-03 [6.35675053e+08]
0.530 1.00e-03 [1.40372688e+08]
