0.001 1.00e-09 [0.23732619]
0.002 1.00e-09 [0.23732071]
0.003 1.00e-09 [0.23730885]
0.004 1.00e-09 [0.23729225]
0.005 1.00e-09 [0.2372709]
0.007 1.00e-09 [0.23721403]
0.010 1.00e-09 [0.23709312]
0.020 1.00e-09 [0.23638308]
0.040 1.00e-09 [0.2335558]
0.060 1.00e-09 [0.22889607]
0.080 1.00e-09 [0.22247122]
0.100 1.00e-09 [0.21439485]
0.120 1.00e-09 [0.20479134]
0.140 1.00e-09 [0.19381277]
0.160 1.00e-09 [0.18164559]
0.180 1.00e-09 [0.16849752]
0.200 1.00e-09 [0.15455178]
0.220 1.00e-09 [0.14006989]
0.250 1.00e-09 [0.11785206]
0.270 1.00e-09 [0.10305553]
0.290 1.00e-09 [0.08859449]
0.310 1.00e-09 [0.07462371]
0.330 1.00e-09 [0.06151541]
0.350 1.00e-09 [0.04934436]
0.370 1.00e-09 [0.03829024]
0.390 1.00e-09 [0.0285321]
0.410 1.00e-09 [0.02031174]
0.430 1.00e-09 [0.01356112]
0.450 1.00e-09 [0.00829219]
0.470 1.00e-09 [0.00445078]
0.490 1.00e-09 [0.00191508]
0.510 1.00e-09 [0.00063568]
0.530 1.00e-09 [0.00014037]
0.001 2.00e-09 [0.94930475]
0.002 2.00e-09 [0.94928283]
0.003 2.00e-09 [0.94923539]
0.004 2.00e-09 [0.949169]
0.005 2.00e-09 [0.9490836]
0.007 2.00e-09 [0.94885613]
0.010 2.00e-09 [0.94837248]
0.020 2.00e-09 [0.94553231]
0.040 2.00e-09 [0.93422318]
0.060 2.00e-09 [0.91558427]
0.080 2.00e-09 [0.88988489]
0.100 2.00e-09 [0.85757941]
0.120 2.00e-09 [0.81916535]
0.140 2.00e-09 [0.77525108]
0.160 2.00e-09 [0.72658238]
0.180 2.00e-09 [0.67399006]
0.200 2.00e-09 [0.61820713]
0.220 2.00e-09 [0.56027957]
0.250 2.00e-09 [0.47140825]
0.270 2.00e-09 [0.41222213]
0.290 2.00e-09 [0.35437796]
0.310 2.00e-09 [0.29849484]
0.330 2.00e-09 [0.24606164]
0.350 2.00e-09 [0.19737745]
0.370 2.00e-09 [0.15316097]
0.390 2.00e-09 [0.1141284]
0.410 2.00e-09 [0.08124694]
0.430 2.00e-09 [0.05424447]
0.450 2.00e-09 [0.03316875]
0.470 2.00e-09 [0.01780311]
0.490 2.00e-09 [0.00766033]
0.510 2.00e-09 [0.0025427]
0.530 2.00e-09 [0.00056149]
0.001 4.00e-09 [3.797219]
0.002 4.00e-09 [3.79713132]
0.003 4.00e-09 [3.79694155]
0.004 4.00e-09 [3.796676]
0.005 4.00e-09 [3.79633441]
0.007 4.00e-09 [3.7954245]
0.010 4.00e-09 [3.79348991]
0.020 4.00e-09 [3.78212926]
0.040 4.00e-09 [3.73689273]
0.060 4.00e-09 [3.66233706]
0.080 4.00e-09 [3.55953955]
0.100 4.00e-09 [3.43031766]
0.120 4.00e-09 [3.2766614]
0.140 4.00e-09 [3.10100434]
0.160 4.00e-09 [2.9063295]
0.180 4.00e-09 [2.69596025]
0.200 4.00e-09 [2.47282852]
0.220 4.00e-09 [2.2411183]
0.250 4.00e-09 [1.88563298]
0.270 4.00e-09 [1.64888851]
0.290 4.00e-09 [1.41751183]
0.310 4.00e-09 [1.19397938]
0.330 4.00e-09 [0.98424655]
0.350 4.00e-09 [0.78950979]
0.370 4.00e-09 [0.61264388]
0.390 4.00e-09 [0.4565136]
0.410 4.00e-09 [0.32498777]
0.430 4.00e-09 [0.2169779]
0.450 4.00e-09 [0.13267499]
0.470 4.00e-09 [0.07121244]
0.490 4.00e-09 [0.03064131]
0.510 4.00e-09 [0.0101708]
0.530 4.00e-09 [0.00224596]
0.001 8.00e-09 [15.18887598]
0.002 8.00e-09 [15.18852527]
0.003 8.00e-09 [15.18776619]
0.004 8.00e-09 [15.18670401]
0.005 8.00e-09 [15.18533766]
0.007 8.00e-09 [15.18169801]
0.010 8.00e-09 [15.17395966]
0.020 8.00e-09 [15.12851704]
0.040 8.00e-09 [14.94757094]
0.060 8.00e-09 [14.64934824]
0.080 8.00e-09 [14.2381582]
0.100 8.00e-09 [13.72127064]
0.120 8.00e-09 [13.10664559]
0.140 8.00e-09 [12.40401734]
0.160 8.00e-09 [11.62531801]
0.180 8.00e-09 [10.78384099]
0.200 8.00e-09 [9.89131406]
0.220 8.00e-09 [8.96447318]
0.250 8.00e-09 [7.54253194]
0.270 8.00e-09 [6.59555403]
0.290 8.00e-09 [5.67004731]
0.310 8.00e-09 [4.77591751]
0.330 8.00e-09 [3.9369862]
0.350 8.00e-09 [3.15803915]
0.370 8.00e-09 [2.4505755]
0.390 8.00e-09 [1.82605439]
0.410 8.00e-09 [1.29995108]
0.430 8.00e-09 [0.86791158]
0.450 8.00e-09 [0.53069995]
0.470 8.00e-09 [0.28484976]
0.490 8.00e-09 [0.12256524]
0.510 8.00e-09 [0.0406832]
0.530 8.00e-09 [0.00898385]
0.001 1.60e-08 [60.75550393]
0.002 1.60e-08 [60.75410106]
0.003 1.60e-08 [60.75106478]
0.004 1.60e-08 [60.74681603]
0.005 1.60e-08 [60.74135062]
0.007 1.60e-08 [60.72679203]
0.010 1.60e-08 [60.69583864]
0.020 1.60e-08 [60.51406815]
0.040 1.60e-08 [59.79028375]
0.060 1.60e-08 [58.59739298]
0.080 1.60e-08 [56.9526328]
0.100 1.60e-08 [54.88508256]
0.120 1.60e-08 [52.42658236]
0.140 1.60e-08 [49.61606937]
0.160 1.60e-08 [46.50127203]
0.180 1.60e-08 [43.13536398]
0.200 1.60e-08 [39.56525626]
0.220 1.60e-08 [35.85789273]
0.250 1.60e-08 [30.17012776]
0.270 1.60e-08 [26.38221612]
0.290 1.60e-08 [22.68018926]
0.310 1.60e-08 [19.10367004]
0.330 1.60e-08 [15.74794479]
0.350 1.60e-08 [12.6321566]
0.370 1.60e-08 [9.802302]
0.390 1.60e-08 [7.30421757]
0.410 1.60e-08 [5.19980433]
0.430 1.60e-08 [3.47164633]
0.450 1.60e-08 [2.1227998]
0.470 1.60e-08 [1.13939905]
0.490 1.60e-08 [0.49026096]
0.510 1.60e-08 [0.16273281]
0.530 1.60e-08 [0.03593541]
0.001 3.20e-08 [243.02201573]
0.002 3.20e-08 [243.01640426]
0.003 3.20e-08 [243.0042591]
0.004 3.20e-08 [242.98726411]
0.005 3.20e-08 [242.96540249]
0.007 3.20e-08 [242.90716813]
0.010 3.20e-08 [242.78335456]
0.020 3.20e-08 [242.05627262]
0.040 3.20e-08 [239.16113498]
0.060 3.20e-08 [234.38957191]
0.080 3.20e-08 [227.81053119]
0.100 3.20e-08 [219.54033024]
0.120 3.20e-08 [209.70632945]
0.140 3.20e-08 [198.46427748]
0.160 3.20e-08 [186.00508812]
0.180 3.20e-08 [172.5414559]
0.200 3.20e-08 [158.26102503]
0.220 3.20e-08 [143.43157092]
0.250 3.20e-08 [120.68051103]
0.270 3.20e-08 [105.52886447]
0.290 3.20e-08 [90.72075702]
0.310 3.20e-08 [76.41468016]
0.330 3.20e-08 [62.99177916]
0.350 3.20e-08 [50.52862639]
0.370 3.20e-08 [39.209208]
0.390 3.20e-08 [29.21687027]
0.410 3.20e-08 [20.79921733]
0.430 3.20e-08 [13.88658531]
0.450 3.20e-08 [8.49119921]
0.470 3.20e-08 [4.55759622]
0.490 3.20e-08 [1.96104385]
0.510 3.20e-08 [0.65093125]
0.530 3.20e-08 [0.14374163]
0.001 6.30e-08 [941.94763713]
0.002 6.30e-08 [941.9258872]
0.003 6.30e-08 [941.87881287]
0.004 6.30e-08 [941.81294068]
0.005 6.30e-08 [941.72820556]
0.007 6.30e-08 [941.50249055]
0.010 6.30e-08 [941.02259204]
0.020 6.30e-08 [938.20443946]
0.040 6.30e-08 [926.98295385]
0.060 6.30e-08 [908.48848722]
0.080 6.30e-08 [882.98827956]
0.100 6.30e-08 [850.93317452]
0.120 6.30e-08 [812.81681797]
0.140 6.30e-08 [769.24288799]
0.160 6.30e-08 [720.95136204]
0.180 6.30e-08 [668.76663913]
0.200 6.30e-08 [613.41602378]
0.220 6.30e-08 [555.93740722]
0.250 6.30e-08 [467.75483229]
0.270 6.30e-08 [409.02740535]
0.290 6.30e-08 [351.63152796]
0.310 6.30e-08 [296.18150934]
0.330 6.30e-08 [244.15465965]
0.350 6.30e-08 [195.84777162]
0.370 6.30e-08 [151.97397126]
0.390 6.30e-08 [113.2439044]
0.410 6.30e-08 [80.61727888]
0.430 6.30e-08 [53.82407921]
0.450 6.30e-08 [32.91168914]
0.470 6.30e-08 [17.66513611]
0.490 6.30e-08 [7.60096002]
0.510 6.30e-08 [2.52299429]
0.530 6.30e-08 [0.5571392]
0.001 1.26e-07 [3767.79054852]
0.002 1.26e-07 [3767.70354881]
0.003 1.26e-07 [3767.51525147]
0.004 1.26e-07 [3767.25176273]
0.005 1.26e-07 [3766.91282224]
0.007 1.26e-07 [3766.00996221]
0.010 1.26e-07 [3764.09036814]
0.020 1.26e-07 [3752.81775786]
0.040 1.26e-07 [3707.9318154]
0.060 1.26e-07 [3633.95394887]
0.080 1.26e-07 [3531.95311826]
0.100 1.26e-07 [3403.73269809]
0.120 1.26e-07 [3251.26727188]
0.140 1.26e-07 [3076.97155197]
0.160 1.26e-07 [2883.80544817]
0.180 1.26e-07 [2675.06655652]
0.200 1.26e-07 [2453.66409514]
0.220 1.26e-07 [2223.74962889]
0.250 1.26e-07 [1871.01932915]
0.270 1.26e-07 [1636.10962139]
0.290 1.26e-07 [1406.52611182]
0.310 1.26e-07 [1184.72603737]
0.330 1.26e-07 [976.61863859]
0.350 1.26e-07 [783.39108649]
0.370 1.26e-07 [607.89588504]
0.390 1.26e-07 [452.9756176]
0.410 1.26e-07 [322.46911553]
0.430 1.26e-07 [215.29631683]
0.450 1.26e-07 [131.64675657]
0.470 1.26e-07 [70.66054446]
0.490 1.26e-07 [30.40384007]
0.510 1.26e-07 [10.09197714]
0.530 1.26e-07 [2.22855679]
0.001 2.51e-07 [14951.78712191]
0.002 2.51e-07 [14951.4418795]
0.003 2.51e-07 [14950.69465594]
0.004 2.51e-07 [14949.64904912]
0.005 2.51e-07 [14948.30402581]
0.007 2.51e-07 [14944.72119104]
0.010 2.51e-07 [14937.10363338]
0.020 2.51e-07 [14892.37034282]
0.040 2.51e-07 [14714.24869627]
0.060 2.51e-07 [14420.68107414]
0.080 2.51e-07 [14015.90944843]
0.100 2.51e-07 [13507.09018092]
0.120 2.51e-07 [12902.05904485]
0.140 2.51e-07 [12210.3983841]
0.160 2.51e-07 [11443.85405896]
0.180 2.51e-07 [10615.51197576]
0.200 2.51e-07 [9736.91683408]
0.220 2.51e-07 [8824.54335915]
0.250 2.51e-07 [7424.79772963]
0.270 2.51e-07 [6492.60155312]
0.290 2.51e-07 [5581.54141917]
0.310 2.51e-07 [4701.36842281]
0.330 2.51e-07 [3875.53230345]
0.350 2.51e-07 [3108.74413203]
0.370 2.51e-07 [2412.32354833]
0.390 2.51e-07 [1797.55082415]
0.410 2.51e-07 [1279.6596591]
0.430 2.51e-07 [854.36402472]
0.450 2.51e-07 [522.41605636]
0.470 2.51e-07 [280.40343671]
0.490 2.51e-07 [120.65207407]
0.510 2.51e-07 [40.04816401]
0.530 2.51e-07 [8.8436197]
0.001 5.01e-07 [59569.11032185]
0.002 5.01e-07 [59567.73484858]
0.003 5.01e-07 [59564.75785042]
0.004 5.01e-07 [59560.59206963]
0.005 5.01e-07 [59555.23338965]
0.007 5.01e-07 [59540.95909067]
0.010 5.01e-07 [59510.61013446]
0.020 5.01e-07 [59332.38914333]
0.040 5.01e-07 [58622.73832181]
0.060 5.01e-07 [57453.14154204]
0.080 5.01e-07 [55840.49915821]
0.100 5.01e-07 [53813.32268538]
0.120 5.01e-07 [51402.83046802]
0.140 5.01e-07 [48647.1993271]
0.160 5.01e-07 [45593.22570518]
0.180 5.01e-07 [42293.04489495]
0.200 5.01e-07 [38792.6518987]
0.220 5.01e-07 [35157.68333343]
0.250 5.01e-07 [29580.9853008]
0.270 5.01e-07 [25867.04151417]
0.290 5.01e-07 [22237.30540394]
0.310 5.01e-07 [18730.62610902]
0.330 5.01e-07 [15440.42925825]
0.350 5.01e-07 [12385.48413332]
0.370 5.01e-07 [9610.88908039]
0.390 5.01e-07 [7161.58560044]
0.410 5.01e-07 [5098.26596551]
0.430 5.01e-07 [3403.85429706]
0.450 5.01e-07 [2081.34716216]
0.470 5.01e-07 [1117.14961696]
0.490 5.01e-07 [480.68746916]
0.510 5.01e-07 [159.55507398]
0.530 5.01e-07 [35.23368498]
0.001 1.00e-06 [237326.18723372]
0.002 1.00e-06 [237320.70728235]
0.003 1.00e-06 [237308.84677918]
0.004 1.00e-06 [237292.25010908]
0.005 1.00e-06 [237270.90087153]
0.007 1.00e-06 [237214.03138102]
0.010 1.00e-06 [237093.11968662]
0.020 1.00e-06 [236383.07872608]
0.040 1.00e-06 [233555.79588053]
0.060 1.00e-06 [228896.06631862]
0.080 1.00e-06 [222471.22186051]
0.100 1.00e-06 [214394.85374712]
0.120 1.00e-06 [204791.33735728]
0.140 1.00e-06 [193812.77097342]
0.160 1.00e-06 [181645.59386288]
0.180 1.00e-06 [168497.51552763]
0.200 1.00e-06 [154551.78225865]
0.220 1.00e-06 [140069.89348024]
0.250 1.00e-06 [117852.06154877]
0.270 1.00e-06 [103055.53170773]
0.290 1.00e-06 [88594.48928068]
0.310 1.00e-06 [74623.71109684]
0.330 1.00e-06 [61515.40933405]
0.350 1.00e-06 [49344.36170901]
0.370 1.00e-06 [38290.24219182]
0.390 1.00e-06 [28532.09987388]
0.410 1.00e-06 [20311.73567239]
0.430 1.00e-06 [13561.11846987]
0.450 1.00e-06 [8292.18673296]
0.470 1.00e-06 [4450.77755452]
0.490 1.00e-06 [1915.08188877]
0.510 1.00e-06 [635.67505299]
0.530 1.00e-06 [140.37268768]
0.001 1.99e-06 [944564.15834487]
0.002 1.99e-06 [944542.34800144]
0.003 1.99e-06 [944495.14290232]
0.004 1.99e-06 [944429.0877404]
0.005 1.99e-06 [944344.1172412]
0.007 1.99e-06 [944117.77524724]
0.010 1.99e-06 [943636.54368073]
0.020 1.99e-06 [940810.56290679]
0.040 1.99e-06 [929557.90649941]
0.060 1.99e-06 [911012.06634977]
0.080 1.99e-06 [885441.02478538]
0.100 1.99e-06 [853296.87778489]
0.120 1.99e-06 [815074.64246543]
0.140 1.99e-06 [771379.67379348]
0.160 1.99e-06 [722954.0047141]
0.180 1.99e-06 [670624.32423785]
0.200 1.99e-06 [615119.95718396]
0.220 1.99e-06 [557481.67779867]
0.250 1.99e-06 [469054.15126566]
0.270 1.99e-06 [410163.59258506]
0.290 1.99e-06 [352608.28219933]
0.310 1.99e-06 [297004.23575819]
0.330 1.99e-06 [244832.86703474]
0.350 1.99e-06 [196391.79321091]
0.370 1.99e-06 [152396.1211795]
0.390 1.99e-06 [113558.47080053]
0.410 1.99e-06 [80841.21576951]
0.430 1.99e-06 [53973.59053805]
0.450 1.99e-06 [33003.11050183]
0.470 1.99e-06 [17714.20593644]
0.490 1.99e-06 [7622.07379434]
0.510 1.99e-06 [2530.00260279]
0.530 1.99e-06 [558.68680629]
0.001 3.98e-06 [3761231.09003353]
0.002 3.98e-06 [3761144.24178605]
0.003 3.98e-06 [3760956.27225018]
0.004 3.98e-06 [3760693.24223101]
0.005 3.98e-06 [3760354.89180718]
0.007 3.98e-06 [3759453.60359172]
0.010 3.98e-06 [3757537.35140974]
0.020 3.98e-06 [3746284.36594241]
0.040 3.98e-06 [3701476.56675698]
0.060 3.98e-06 [3627627.49049746]
0.080 3.98e-06 [3525804.23615645]
0.100 3.98e-06 [3397807.03872658]
0.120 3.98e-06 [3245607.04411103]
0.140 3.98e-06 [3071614.76079707]
0.160 3.98e-06 [2878784.94559826]
0.180 3.98e-06 [2670409.45368495]
0.200 3.98e-06 [2449392.4384284]
0.220 3.98e-06 [2219878.23710631]
0.250 3.98e-06 [1867762.01601918]
0.270 3.98e-06 [1633261.26955106]
0.290 3.98e-06 [1404077.44873083]
0.310 3.98e-06 [1182663.51262238]
0.330 3.98e-06 [974918.41418873]
0.350 3.98e-06 [782027.25767898]
0.370 3.98e-06 [606837.58103339]
0.390 3.98e-06 [452187.01888927]
0.410 3.98e-06 [321907.71947265]
0.430 3.98e-06 [214921.50107427]
0.450 3.98e-06 [131417.56882329]
0.470 3.98e-06 [70537.52941478]
0.490 3.98e-06 [30350.90911776]
0.510 3.98e-06 [10074.40771854]
0.530 3.98e-06 [2224.67702893]
0.001 7.94e-06 [14973205.57298302]
0.002 7.94e-06 [14972859.836007]
0.003 7.94e-06 [14972111.54204829]
0.004 7.94e-06 [14971064.43740234]
0.005 7.94e-06 [14969717.48733987]
0.007 7.94e-06 [14966129.52015368]
0.010 7.94e-06 [14958501.05033525]
0.020 7.94e-06 [14913703.67929402]
0.040 7.94e-06 [14735326.8732918]
0.060 7.94e-06 [14441338.7152287]
0.080 7.94e-06 [14035987.25373566]
0.100 7.94e-06 [13526439.10207822]
0.120 7.94e-06 [12920541.25825145]
0.140 7.94e-06 [12227889.79286398]
0.160 7.94e-06 [11460247.39215565]
0.180 7.94e-06 [10630718.70803491]
0.200 7.94e-06 [9750864.97787397]
0.220 7.94e-06 [8837184.52696499]
0.250 7.94e-06 [7435433.760337]
0.270 7.94e-06 [6501902.21179981]
0.290 7.94e-06 [5589536.98323513]
0.310 7.94e-06 [4708103.13811462]
0.330 7.94e-06 [3881084.0076312]
0.350 7.94e-06 [3113197.41132927]
0.370 7.94e-06 [2415779.20439441]
0.390 7.94e-06 [1800125.81763569]
0.410 7.94e-06 [1281492.77292908]
0.430 7.94e-06 [855587.90210109]
0.450 7.94e-06 [523164.41792339]
0.470 7.94e-06 [280805.11493603]
0.490 7.94e-06 [120824.90829967]
0.510 7.94e-06 [40105.53305154]
0.530 7.94e-06 [8856.28819136]
0.001 1.58e-05 [59614155.06951316]
0.002 1.58e-05 [59612778.55614061]
0.003 1.58e-05 [59609799.30684926]
0.004 1.58e-05 [59605630.37599252]
0.005 1.58e-05 [59600267.64391062]
0.007 1.58e-05 [59585982.55103728]
0.010 1.58e-05 [59555610.64567058]
0.020 1.58e-05 [59377254.8880513]
0.040 1.58e-05 [58667067.44542324]
0.060 1.58e-05 [57496586.24432382]
0.080 1.58e-05 [55882724.41859014]
0.100 1.58e-05 [53854015.04301728]
0.120 1.58e-05 [51441700.06863757]
0.140 1.58e-05 [48683985.1848428]
0.160 1.58e-05 [45627702.22053678]
0.180 1.58e-05 [42325025.89189469]
0.200 1.58e-05 [38821985.98152668]
0.220 1.58e-05 [35184268.73928492]
0.250 1.58e-05 [29603353.73993774]
0.270 1.58e-05 [25886601.55714568]
0.290 1.58e-05 [22254120.7265996]
0.310 1.58e-05 [18744789.76400715]
0.330 1.58e-05 [15452104.9444618]
0.350 1.58e-05 [12394849.74252015]
0.370 1.58e-05 [9618156.6066472]
0.390 1.58e-05 [7167001.02153134]
0.410 1.58e-05 [5102121.15324849]
0.430 1.58e-05 [3406428.21090264]
0.450 1.58e-05 [2082921.02749268]
0.470 1.58e-05 [1117994.37899351]
0.490 1.58e-05 [481050.95362029]
0.510 1.58e-05 [159675.72573729]
0.530 1.58e-05 [35260.32785743]
0.001 3.16e-05 [2.3732954e+08]
0.002 3.16e-05 [2.3732406e+08]
0.003 3.16e-05 [2.373122e+08]
0.004 3.16e-05 [2.37295603e+08]
0.005 3.16e-05 [2.37274253e+08]
0.007 3.16e-05 [2.37217383e+08]
0.010 3.16e-05 [2.3709647e+08]
0.020 3.16e-05 [2.36386419e+08]
0.040 3.16e-05 [2.33559096e+08]
0.060 3.16e-05 [2.288993e+08]
0.080 3.16e-05 [2.22474365e+08]
0.100 3.16e-05 [2.14397883e+08]
0.120 3.16e-05 [2.04794231e+08]
0.140 3.16e-05 [1.93815509e+08]
0.160 3.16e-05 [1.8164816e+08]
0.180 3.16e-05 [1.68499896e+08]
0.200 3.16e-05 [1.54553966e+08]
0.220 3.16e-05 [1.40071873e+08]
0.250 3.16e-05 [1.17853727e+08]
0.270 3.16e-05 [1.03056988e+08]
0.290 3.16e-05 [88595741.03221777]
0.310 3.16e-05 [74624765.45525137]
0.330 3.16e-05 [61516278.48526414]
0.350 3.16e-05 [49345058.8954974]
0.370 3.16e-05 [38290783.19465169]
0.390 3.16e-05 [28532503.00391681]
0.410 3.16e-05 [20312022.65690561]
0.430 3.16e-05 [13561310.07491326]
0.450 3.16e-05 [8292303.8932619]
0.470 3.16e-05 [4450840.43955927]
0.490 3.16e-05 [1915108.94696026]
0.510 3.16e-05 [635684.03444687]
0.530 3.16e-05 [140374.67100795]
0.001 6.31e-05 [9.44820522e+08]
0.002 6.31e-05 [9.44798706e+08]
0.003 6.31e-05 [9.44751488e+08]
0.004 6.31e-05 [9.44685415e+08]
0.005 6.31e-05 [9.44600421e+08]
0.007 6.31e-05 [9.44374018e+08]
0.010 6.31e-05 [9.43892655e+08]
0.020 6.31e-05 [9.41065908e+08]
0.040 6.31e-05 [9.29810197e+08]
0.060 6.31e-05 [9.11259324e+08]
0.080 6.31e-05 [8.85681342e+08]
0.100 6.31e-05 [8.53528471e+08]
0.120 6.31e-05 [8.15295861e+08]
0.140 6.31e-05 [7.71589033e+08]
0.160 6.31e-05 [7.23150221e+08]
0.180 6.31e-05 [6.70806338e+08]
0.200 6.31e-05 [6.15286906e+08]
0.220 6.31e-05 [5.57632984e+08]
0.250 6.31e-05 [4.69181457e+08]
0.270 6.31e-05 [4.10274915e+08]
0.290 6.31e-05 [3.52703983e+08]
0.310 6.31e-05 [2.97084845e+08]
0.330 6.31e-05 [2.44899317e+08]
0.350 6.31e-05 [1.96445096e+08]
0.370 6.31e-05 [1.52437483e+08]
0.390 6.31e-05 [1.13589292e+08]
0.410 6.31e-05 [80863156.8313742]
0.430 6.31e-05 [53988239.47519498]
0.450 6.31e-05 [33012067.85461533]
0.470 6.31e-05 [17719013.73756805]
0.490 6.31e-05 [7624142.49644243]
0.510 6.31e-05 [2530689.26915569]
0.530 6.31e-05 [558838.43911573]
0.001 1.26e-04 [3.761394e+09]
0.002 1.26e-04 [3.76130715e+09]
0.003 1.26e-04 [3.76111917e+09]
0.004 1.26e-04 [3.76085613e+09]
0.005 1.26e-04 [3.76051777e+09]
0.007 1.26e-04 [3.75961644e+09]
0.010 1.26e-04 [3.7577001e+09]
0.020 1.26e-04 [3.74644663e+09]
0.040 1.26e-04 [3.70163689e+09]
0.060 1.26e-04 [3.62778462e+09]
0.080 1.26e-04 [3.52595695e+09]
0.100 1.26e-04 [3.39795421e+09]
0.120 1.26e-04 [3.24574762e+09]
0.140 1.26e-04 [3.0717478e+09]
0.160 1.26e-04 [2.87890964e+09]
0.180 1.26e-04 [2.67052512e+09]
0.200 1.26e-04 [2.44949853e+09]
0.220 1.26e-04 [2.21997439e+09]
0.250 1.26e-04 [1.86784292e+09]
0.270 1.26e-04 [1.63333201e+09]
0.290 1.26e-04 [1.40413826e+09]
0.310 1.26e-04 [1.18271474e+09]
0.330 1.26e-04 [9.74960641e+08]
0.350 1.26e-04 [7.8206113e+08]
0.370 1.26e-04 [6.06863865e+08]
0.390 1.26e-04 [4.52206605e+08]
0.410 1.26e-04 [3.21921662e+08]
0.430 1.26e-04 [2.1493081e+08]
0.450 1.26e-04 [1.31423261e+08]
0.470 1.26e-04 [70540584.64658247]
0.490 1.26e-04 [30352223.7238086]
0.510 1.26e-04 [10074844.07704828]
0.530 1.26e-04 [2224773.38761957]
0.001 2.51e-04 [1.49743126e+10]
0.002 2.51e-04 [1.49739669e+10]
0.003 2.51e-04 [1.49732185e+10]
0.004 2.51e-04 [1.49721713e+10]
0.005 2.51e-04 [1.49708243e+10]
0.007 2.51e-04 [1.49672361e+10]
0.010 2.51e-04 [1.4959607e+10]
0.020 2.51e-04 [1.49148063e+10]
0.040 2.51e-04 [1.47364163e+10]
0.060 2.51e-04 [1.44424065e+10]
0.080 2.51e-04 [1.4037025e+10]
0.100 2.51e-04 [1.35274392e+10]
0.120 2.51e-04 [1.29214966e+10]
0.140 2.51e-04 [1.22287939e+10]
0.160 2.51e-04 [1.14610947e+10]
0.180 2.51e-04 [1.06315047e+10]
0.200 2.51e-04 [9.75158592e+09]
0.220 2.51e-04 [8.83783791e+09]
0.250 2.51e-04 [7.43598351e+09]
0.270 2.51e-04 [6.50238294e+09]
0.290 2.51e-04 [5.58995025e+09]
0.310 2.51e-04 [4.70845124e+09]
0.330 2.51e-04 [3.88137096e+09]
0.350 2.51e-04 [3.11342759e+09]
0.370 2.51e-04 [2.41595782e+09]
0.390 2.51e-04 [1.80025891e+09]
0.410 2.51e-04 [1.28158752e+09]
0.430 2.51e-04 [8.55651161e+08]
0.450 2.51e-04 [5.23203099e+08]
0.470 2.51e-04 [2.80825877e+08]
0.490 2.51e-04 [1.20833842e+08]
0.510 2.51e-04 [40108498.29830465]
0.530 2.51e-04 [8856942.99078385]
0.001 5.01e-04 [5.96135874e+10]
0.002 5.01e-04 [5.96122109e+10]
0.003 5.01e-04 [5.96092317e+10]
0.004 5.01e-04 [5.96050628e+10]
0.005 5.01e-04 [5.95997001e+10]
0.007 5.01e-04 [5.95854151e+10]
0.010 5.01e-04 [5.95550435e+10]
0.020 5.01e-04 [5.93766895e+10]
0.040 5.01e-04 [5.86665088e+10]
0.060 5.01e-04 [5.74960387e+10]
0.080 5.01e-04 [5.58821923e+10]
0.100 5.01e-04 [5.38535022e+10]
0.120 5.01e-04 [5.14412102e+10]
0.140 5.01e-04 [4.86835216e+10]
0.160 5.01e-04 [4.56272677e+10]
0.180 5.01e-04 [4.23246228e+10]
0.200 5.01e-04 [3.88216163e+10]
0.220 5.01e-04 [3.51839337e+10]
0.250 5.01e-04 [2.96030718e+10]
0.270 5.01e-04 [2.5886355e+10]
0.290 5.01e-04 [2.22539088e+10]
0.310 5.01e-04 [1.87446113e+10]
0.330 5.01e-04 [1.54519578e+10]
0.350 5.01e-04 [1.23947317e+10]
0.370 5.01e-04 [9.61806502e+09]
0.390 5.01e-04 [7.16693277e+09]
0.410 5.01e-04 [5.10207257e+09]
0.430 5.01e-04 [3.40639577e+09]
0.450 5.01e-04 [2.08290119e+09]
0.470 5.01e-04 [1.11798373e+09]
0.490 5.01e-04 [4.81046373e+08]
0.510 5.01e-04 [1.59674205e+08]
0.530 5.01e-04 [35259992.08160563]
0.001 1.00e-03 [2.37326187e+11]
0.002 1.00e-03 [2.37320707e+11]
0.003 1.00e-03 [2.37308847e+11]
0.004 1.00e-03 [2.3729225e+11]
0.005 1.00e-03 [2.37270901e+11]
0.007 1.00e-03 [2.37214031e+11]
0.010 1.00e-03 [2.3709312e+11]
0.020 1.00e-03 [2.36383079e+11]
0.040 1.00e-03 [2.33555796e+11]
0.060 1.00e-03 [2.28896066e+11]
0.080 1.00e-03 [2.22471222e+11]
0.100 1.00e-03 [2.14394854e+11]
0.120 1.00e-03 [2.04791337e+11]
0.140 1.00e-03 [1.93812771e+11]
0.160 1.00e-03 [1.81645594e+11]
0.180 1.00e-03 [1.68497516e+11]
0.200 1.00e-03 [1.54551782e+11]
0.220 1.00e-03 [1.40069893e+11]
0.250 1.00e-03 [1.17852062e+11]
0.270 1.00e-03 [1.03055532e+11]
0.290 1.00e-03 [8.85944893e+10]
0.310 1.00e-03 [7.46237111e+10]
0.330 1.00e-03 [6.15154093e+10]
0.350 1.00e-03 [4.93443617e+10]
0.370 1.00e-03 [3.82902422e+10]
0.390 1.00e-03 [2.85320999e+10]
0.410 1.00e-03 [2.03117357e+10]
0.430 1.00e-03 [1.35611185e+10]
0.450 1.00e-03 [8.29218673e+09]
0.470 1.00e-03 [4.45077755e+09]
0.490 1.00e-03 [1.91508189e+09]
0.510 1.00e-03 [6.35675053e+08]
0.530 1.00e-03 [1.40372688e+08]
