0.220 1.00e-09 [0.0014007]
0.250 1.00e-09 [0.00117852]
0.270 1.00e-09 [0.00103056]
0.290 1.00e-09 [0.00088594]
0.310 1.00e-09 [0.00074624]
0.330 1.00e-09 [0.00061515]
0.350 1.00e-09 [0.00049344]
0.370 1.00e-09 [0.0003829]
0.390 1.00e-09 [0.00028532]
0.410 1.00e-09 [0.00020312]
0.430 1.00e-09 [0.00013561]
0.450 1.00e-09 [8.29218673e-05]
0.470 1.00e-09 [4.45077755e-05]
0.490 1.00e-09 [1.91508189e-05]
0.510 1.00e-09 [6.35675053e-06]
0.530 1.00e-09 [1.40372688e-06]
0.220 2.00e-09 [0.0056028]
0.250 2.00e-09 [0.00471408]
0.270 2.00e-09 [0.00412222]
0.290 2.00e-09 [0.00354378]
0.310 2.00e-09 [0.00298495]
0.330 2.00e-09 [0.00246062]
0.350 2.00e-09 [0.00197377]
0.370 2.00e-09 [0.00153161]
0.390 2.00e-09 [0.00114128]
0.410 2.00e-09 [0.00081247]
0.430 2.00e-09 [0.00054244]
0.450 2.00e-09 [0.00033169]
0.470 2.00e-09 [0.00017803]
0.490 2.00e-09 [7.66032756e-05]
0.510 2.00e-09 [2.54270021e-05]
0.530 2.00e-09 [5.61490751e-06]
0.220 4.00e-09 [0.02241118]
0.250 4.00e-09 [0.01885633]
0.270 4.00e-09 [0.01648889]
0.290 4.00e-09 [0.01417512]
0.310 4.00e-09 [0.01193979]
0.330 4.00e-09 [0.00984247]
0.350 4.00e-09 [0.0078951]
0.370 4.00e-09 [0.00612644]
0.390 4.00e-09 [0.00456514]
0.410 4.00e-09 [0.00324988]
0.430 4.00e-09 [0.00216978]
0.450 4.00e-09 [0.00132675]
0.470 4.00e-09 [0.00071212]
0.490 4.00e-09 [0.00030641]
0.510 4.00e-09 [0.00010171]
0.530 4.00e-09 [2.245963e-05]
0.220 8.00e-09 [0.08964473]
0.250 8.00e-09 [0.07542532]
0.270 8.00e-09 [0.06595554]
0.290 8.00e-09 [0.05670047]
0.310 8.00e-09 [0.04775918]
0.330 8.00e-09 [0.03936986]
0.350 8.00e-09 [0.03158039]
0.370 8.00e-09 [0.02450576]
0.390 8.00e-09 [0.01826054]
0.410 8.00e-09 [0.01299951]
0.430 8.00e-09 [0.00867912]
0.450 8.00e-09 [0.005307]
0.470 8.00e-09 [0.0028485]
0.490 8.00e-09 [0.00122565]
0.510 8.00e-09 [0.00040683]
0.530 8.00e-09 [8.98385201e-05]
0.220 1.60e-08 [0.35857893]
0.250 1.60e-08 [0.30170128]
0.270 1.60e-08 [0.26382216]
0.290 1.60e-08 [0.22680189]
0.310 1.60e-08 [0.1910367]
0.330 1.60e-08 [0.15747945]
0.350 1.60e-08 [0.12632157]
0.370 1.60e-08 [0.09802302]
0.390 1.60e-08 [0.07304218]
0.410 1.60e-08 [0.05199804]
0.430 1.60e-08 [0.03471646]
0.450 1.60e-08 [0.021228]
0.470 1.60e-08 [0.01139399]
0.490 1.60e-08 [0.00490261]
0.510 1.60e-08 [0.00162733]
0.530 1.60e-08 [0.00035935]
0.220 3.20e-08 [1.43431571]
0.250 3.20e-08 [1.20680511]
0.270 3.20e-08 [1.05528864]
0.290 3.20e-08 [0.90720757]
0.310 3.20e-08 [0.7641468]
0.330 3.20e-08 [0.62991779]
0.350 3.20e-08 [0.50528626]
0.370 3.20e-08 [0.39209208]
0.390 3.20e-08 [0.2921687]
0.410 3.20e-08 [0.20799217]
0.430 3.20e-08 [0.13886585]
0.450 3.20e-08 [0.08491199]
0.470 3.20e-08 [0.04557596]
0.490 3.20e-08 [0.01961044]
0.510 3.20e-08 [0.00650931]
0.530 3.20e-08 [0.00143742]
0.220 6.30e-08 [5.55937407]
0.250 6.30e-08 [4.67754832]
0.270 6.30e-08 [4.09027405]
0.290 6.30e-08 [3.51631528]
0.310 6.30e-08 [2.96181509]
0.330 6.30e-08 [2.4415466]
0.350 6.30e-08 [1.95847772]
0.370 6.30e-08 [1.51973971]
0.390 6.30e-08 [1.13243904]
0.410 6.30e-08 [0.80617279]
0.430 6.30e-08 [0.53824079]
0.450 6.30e-08 [0.32911689]
0.470 6.30e-08 [0.17665136]
0.490 6.30e-08 [0.0760096]
0.510 6.30e-08 [0.02522994]
0.530 6.30e-08 [0.00557139]
0.220 1.26e-07 [22.23749629]
0.250 1.26e-07 [18.71019329]
0.270 1.26e-07 [16.36109621]
0.290 1.26e-07 [14.06526112]
0.310 1.26e-07 [11.84726037]
0.330 1.26e-07 [9.76618639]
0.350 1.26e-07 [7.83391086]
0.370 1.26e-07 [6.07895885]
0.390 1.26e-07 [4.52975618]
0.410 1.26e-07 [3.22469116]
0.430 1.26e-07 [2.15296317]
0.450 1.26e-07 [1.31646757]
0.470 1.26e-07 [0.70660544]
0.490 1.26e-07 [0.3040384]
0.510 1.26e-07 [0.10091977]
0.530 1.26e-07 [0.02228557]
0.220 2.51e-07 [88.24543359]
0.250 2.51e-07 [74.2479773]
0.270 2.51e-07 [64.92601553]
0.290 2.51e-07 [55.81541419]
0.310 2.51e-07 [47.01368423]
0.330 2.51e-07 [38.75532303]
0.350 2.51e-07 [31.08744132]
0.370 2.51e-07 [24.12323548]
0.390 2.51e-07 [17.97550824]
0.410 2.51e-07 [12.79659659]
0.430 2.51e-07 [8.54364025]
0.450 2.51e-07 [5.22416056]
0.470 2.51e-07 [2.80403437]
0.490 2.51e-07 [1.20652074]
0.510 2.51e-07 [0.40048164]
0.530 2.51e-07 [0.0884362]
0.220 5.01e-07 [351.57683333]
0.250 5.01e-07 [295.80985301]
0.270 5.01e-07 [258.67041514]
0.290 5.01e-07 [222.37305404]
0.310 5.01e-07 [187.30626109]
0.330 5.01e-07 [154.40429258]
0.350 5.01e-07 [123.85484133]
0.370 5.01e-07 [96.1088908]
0.390 5.01e-07 [71.615856]
0.410 5.01e-07 [50.98265966]
0.430 5.01e-07 [34.03854297]
0.450 5.01e-07 [20.81347162]
0.470 5.01e-07 [11.17149617]
0.490 5.01e-07 [4.80687469]
0.510 5.01e-07 [1.59555074]
0.530 5.01e-07 [0.35233685]
0.220 1.00e-06 [1400.6989348]
0.250 1.00e-06 [1178.52061549]
0.270 1.00e-06 [1030.55531708]
0.290 1.00e-06 [885.94489281]
0.310 1.00e-06 [746.23711097]
0.330 1.00e-06 [615.15409334]
0.350 1.00e-06 [493.44361709]
0.370 1.00e-06 [382.90242192]
0.390 1.00e-06 [285.32099874]
0.410 1.00e-06 [203.11735672]
0.430 1.00e-06 [135.6111847]
0.450 1.00e-06 [82.92186733]
0.470 1.00e-06 [44.50777555]
0.490 1.00e-06 [19.15081889]
0.510 1.00e-06 [6.35675053]
0.530 1.00e-06 [1.40372688]
0.220 1.99e-06 [5574.81677799]
0.250 1.99e-06 [4690.54151266]
0.270 1.99e-06 [4101.63592585]
0.290 1.99e-06 [3526.08282199]
0.310 1.99e-06 [2970.04235758]
0.330 1.99e-06 [2448.32867035]
0.350 1.99e-06 [1963.91793211]
0.370 1.99e-06 [1523.96121179]
0.390 1.99e-06 [1135.58470801]
0.410 1.99e-06 [808.4121577]
0.430 1.99e-06 [539.73590538]
0.450 1.99e-06 [330.03110502]
0.470 1.99e-06 [177.14205936]
0.490 1.99e-06 [76.22073794]
0.510 1.99e-06 [25.30002603]
0.530 1.99e-06 [5.58686806]
0.220 3.98e-06 [22198.78237106]
0.250 3.98e-06 [18677.62016019]
0.270 3.98e-06 [16332.61269551]
0.290 3.98e-06 [14040.77448731]
0.310 3.98e-06 [11826.63512622]
0.330 3.98e-06 [9749.18414189]
0.350 3.98e-06 [7820.27257679]
0.370 3.98e-06 [6068.37581033]
0.390 3.98e-06 [4521.87018889]
0.410 3.98e-06 [3219.07719473]
0.430 3.98e-06 [2149.21501074]
0.450 3.98e-06 [1314.17568823]
0.470 3.98e-06 [705.37529415]
0.490 3.98e-06 [303.50909118]
0.510 3.98e-06 [100.74407719]
0.530 3.98e-06 [22.24677029]
0.220 7.94e-06 [88371.84526965]
0.250 7.94e-06 [74354.33760337]
0.270 7.94e-06 [65019.022118]
0.290 7.94e-06 [55895.36983235]
0.310 7.94e-06 [47081.03138115]
0.330 7.94e-06 [38810.84007631]
0.350 7.94e-06 [31131.97411329]
0.370 7.94e-06 [24157.79204394]
0.390 7.94e-06 [18001.25817636]
0.410 7.94e-06 [12814.92772929]
0.430 7.94e-06 [8555.87902101]
0.450 7.94e-06 [5231.64417923]
0.470 7.94e-06 [2808.05114936]
0.490 7.94e-06 [1208.249083]
0.510 7.94e-06 [401.05533052]
0.530 7.94e-06 [88.56288191]
0.220 1.58e-05 [351842.68739285]
0.250 1.58e-05 [296033.53739938]
0.270 1.58e-05 [258866.01557146]
0.290 1.58e-05 [222541.207266]
0.310 1.58e-05 [187447.89764007]
0.330 1.58e-05 [154521.04944462]
0.350 1.58e-05 [123948.4974252]
0.370 1.58e-05 [96181.56606647]
0.390 1.58e-05 [71670.01021531]
0.410 1.58e-05 [51021.21153248]
0.430 1.58e-05 [34064.28210903]
0.450 1.58e-05 [20829.21027493]
0.470 1.58e-05 [11179.94378994]
0.490 1.58e-05 [4810.5095362]
0.510 1.58e-05 [1596.75725737]
0.530 1.58e-05 [352.60327857]
0.220 3.16e-05 [1400718.7252776]
0.250 3.16e-05 [1178537.26680551]
0.270 3.16e-05 [1030569.87779338]
0.290 3.16e-05 [885957.41032218]
0.310 3.16e-05 [746247.65455251]
0.330 3.16e-05 [615162.78485264]
0.350 3.16e-05 [493450.58895497]
0.370 3.16e-05 [382907.83194652]
0.390 3.16e-05 [285325.03003917]
0.410 3.16e-05 [203120.22656906]
0.430 3.16e-05 [135613.10074913]
0.450 3.16e-05 [82923.03893262]
0.470 3.16e-05 [44508.40439559]
0.490 3.16e-05 [19151.0894696]
0.510 3.16e-05 [6356.84034447]
0.530 3.16e-05 [1403.74671008]
0.220 6.31e-05 [5576329.83538728]
0.250 6.31e-05 [4691814.56948176]
0.270 6.31e-05 [4102749.14819299]
0.290 6.31e-05 [3527039.83384166]
0.310 6.31e-05 [2970848.45484896]
0.330 6.31e-05 [2448993.16964144]
0.350 6.31e-05 [1964450.95779934]
0.370 6.31e-05 [1524374.82911757]
0.390 6.31e-05 [1135892.91631327]
0.410 6.31e-05 [808631.56831374]
0.430 6.31e-05 [539882.39475195]
0.450 6.31e-05 [330120.67854615]
0.470 6.31e-05 [177190.13737568]
0.490 6.31e-05 [76241.42496442]
0.510 6.31e-05 [25306.89269156]
0.530 6.31e-05 [5588.38439116]
0.220 1.26e-04 [22199743.87944621]
0.250 1.26e-04 [18678429.15448981]
0.270 1.26e-04 [16333320.11917742]
0.290 1.26e-04 [14041382.64329399]
0.310 1.26e-04 [11827147.37994242]
0.330 1.26e-04 [9749606.41379947]
0.350 1.26e-04 [7820611.30066731]
0.370 1.26e-04 [6068638.65331853]
0.390 1.26e-04 [4522066.04720695]
0.410 1.26e-04 [3219216.62443291]
0.430 1.26e-04 [2149308.10090486]
0.450 1.26e-04 [1314232.60986581]
0.470 1.26e-04 [705405.84646582]
0.490 1.26e-04 [303522.23723809]
0.510 1.26e-04 [100748.44077048]
0.530 1.26e-04 [22247.7338762]
0.220 2.51e-04 [88378379.13938573]
0.250 2.51e-04 [74359835.07323402]
0.270 2.51e-04 [65023829.37102735]
0.290 2.51e-04 [55899502.51809765]
0.310 2.51e-04 [47084512.36906876]
0.330 2.51e-04 [38813709.59852944]
0.350 2.51e-04 [31134275.89009563]
0.370 2.51e-04 [24159578.17691253]
0.390 2.51e-04 [18002589.11921142]
0.410 2.51e-04 [12815875.21509022]
0.430 2.51e-04 [8556511.60935202]
0.450 2.51e-04 [5232030.98660984]
0.470 2.51e-04 [2808258.7657156]
0.490 2.51e-04 [1208338.41622372]
0.510 2.51e-04 [401084.98298305]
0.530 2.51e-04 [88569.42990784]
0.220 5.01e-04 [3.51839337e+08]
0.250 5.01e-04 [2.96030718e+08]
0.270 5.01e-04 [2.5886355e+08]
0.290 5.01e-04 [2.22539088e+08]
0.310 5.01e-04 [1.87446113e+08]
0.330 5.01e-04 [1.54519578e+08]
0.350 5.01e-04 [1.23947317e+08]
0.370 5.01e-04 [96180650.15200882]
0.390 5.01e-04 [71669327.71863946]
0.410 5.01e-04 [51020725.66947101]
0.430 5.01e-04 [34063957.72286867]
0.450 5.01e-04 [20829011.92324955]
0.470 5.01e-04 [11179837.32595621]
0.490 5.01e-04 [4810463.72685045]
0.510 5.01e-04 [1596742.0518286]
0.530 5.01e-04 [352599.92081606]
0.220 1.00e-03 [1.40069893e+09]
0.250 1.00e-03 [1.17852062e+09]
0.270 1.00e-03 [1.03055532e+09]
0.290 1.00e-03 [8.85944893e+08]
0.310 1.00e-03 [7.46237111e+08]
0.330 1.00e-03 [6.15154093e+08]
0.350 1.00e-03 [4.93443617e+08]
0.370 1.00e-03 [3.82902422e+08]
0.390 1.00e-03 [2.85320999e+08]
0.410 1.00e-03 [2.03117357e+08]
0.430 1.00e-03 [1.35611185e+08]
0.450 1.00e-03 [82921867.3295555]
0.470 1.00e-03 [44507775.54523207]
0.490 1.00e-03 [19150818.88768254]
0.510 1.00e-03 [6356750.5299405]
0.530 1.00e-03 [1403726.87682246]
0.220 1.00e-09 [0.0014007]
0.250 1.00e-09 [0.00117852]
0.270 1.00e-09 [0.00103056]
0.290 1.00e-09 [0.00088594]
0.310 1.00e-09 [0.00074624]
0.330 1.00e-09 [0.00061515]
0.350 1.00e-09 [0.00049344]
0.370 1.00e-09 [0.0003829]
0.390 1.00e-09 [0.00028532]
0.410 1.00e-09 [0.00020312]
0.430 1.00e-09 [0.00013561]
0.450 1.00e-09 [8.29218673e-05]
0.470 1.00e-09 [4.45077755e-05]
0.490 1.00e-09 [1.91508189e-05]
0.510 1.00e-09 [6.35675053e-06]
0.530 1.00e-09 [1.40372688e-06]
0.220 2.00e-09 [0.0056028]
0.250 2.00e-09 [0.00471408]
0.270 2.00e-09 [0.00412222]
0.290 2.00e-09 [0.00354378]
0.310 2.00e-09 [0.00298495]
0.330 2.00e-09 [0.00246062]
0.350 2.00e-09 [0.00197377]
0.370 2.00e-09 [0.00153161]
0.390 2.00e-09 [0.00114128]
0.410 2.00e-09 [0.00081247]
0.430 2.00e-09 [0.00054244]
0.450 2.00e-09 [0.00033169]
0.470 2.00e-09 [0.00017803]
0.490 2.00e-09 [7.66032756e-05]
0.510 2.00e-09 [2.54270021e-05]
0.530 2.00e-09 [5.61490751e-06]
0.220 4.00e-09 [0.02241118]
0.250 4.00e-09 [0.01885633]
0.270 4.00e-09 [0.01648889]
0.290 4.00e-09 [0.01417512]
0.310 4.00e-09 [0.01193979]
0.330 4.00e-09 [0.00984247]
0.350 4.00e-09 [0.0078951]
0.370 4.00e-09 [0.00612644]
0.390 4.00e-09 [0.00456514]
0.410 4.00e-09 [0.00324988]
0.430 4.00e-09 [0.00216978]
0.450 4.00e-09 [0.00132675]
0.470 4.00e-09 [0.00071212]
0.490 4.00e-09 [0.00030641]
0.510 4.00e-09 [0.00010171]
0.530 4.00e-09 [2.245963e-05]
0.220 8.00e-09 [0.08964473]
0.250 8.00e-09 [0.07542532]
0.270 8.00e-09 [0.06595554]
0.290 8.00e-09 [0.05670047]
0.310 8.00e-09 [0.04775918]
0.330 8.00e-09 [0.03936986]
0.350 8.00e-09 [0.03158039]
0.370 8.00e-09 [0.02450576]
0.390 8.00e-09 [0.01826054]
0.410 8.00e-09 [0.01299951]
0.430 8.00e-09 [0.00867912]
0.450 8.00e-09 [0.005307]
0.470 8.00e-09 [0.0028485]
0.490 8.00e-09 [0.00122565]
0.510 8.00e-09 [0.00040683]
0.530 8.00e-09 [8.98385201e-05]
0.220 1.60e-08 [0.35857893]
0.250 1.60e-08 [0.30170128]
0.270 1.60e-08 [0.26382216]
0.290 1.60e-08 [0.22680189]
0.310 1.60e-08 [0.1910367]
0.330 1.60e-08 [0.15747945]
0.350 1.60e-08 [0.12632157]
0.370 1.60e-08 [0.09802302]
0.390 1.60e-08 [0.07304218]
0.410 1.60e-08 [0.05199804]
0.430 1.60e-08 [0.03471646]
0.450 1.60e-08 [0.021228]
0.470 1.60e-08 [0.01139399]
0.490 1.60e-08 [0.00490261]
0.510 1.60e-08 [0.00162733]
0.530 1.60e-08 [0.00035935]
0.220 3.20e-08 [1.43431571]
0.250 3.20e-08 [1.20680511]
0.270 3.20e-08 [1.05528864]
0.290 3.20e-08 [0.90720757]
0.310 3.20e-08 [0.7641468]
0.330 3.20e-08 [0.62991779]
0.350 3.20e-08 [0.50528626]
0.370 3.20e-08 [0.39209208]
0.390 3.20e-08 [0.2921687]
0.410 3.20e-08 [0.20799217]
0.430 3.20e-08 [0.13886585]
0.450 3.20e-08 [0.08491199]
0.470 3.20e-08 [0.04557596]
0.490 3.20e-08 [0.01961044]
0.510 3.20e-08 [0.00650931]
0.530 3.20e-08 [0.00143742]
0.220 6.30e-08 [5.55937407]
0.250 6.30e-08 [4.67754832]
0.270 6.30e-08 [4.09027405]
0.290 6.30e-08 [3.51631528]
0.310 6.30e-08 [2.96181509]
0.330 6.30e-08 [2.4415466]
0.350 6.30e-08 [1.95847772]
0.370 6.30e-08 [1.51973971]
0.390 6.30e-08 [1.13243904]
0.410 6.30e-08 [0.80617279]
0.430 6.30e-08 [0.53824079]
0.450 6.30e-08 [0.32911689]
0.470 6.30e-08 [0.17665136]
0.490 6.30e-08 [0.0760096]
0.510 6.30e-08 [0.02522994]
0.530 6.30e-08 [0.00557139]
0.220 1.26e-07 [22.23749629]
0.250 1.26e-07 [18.71019329]
0.270 1.26e-07 [16.36109621]
0.290 1.26e-07 [14.06526112]
0.310 1.26e-07 [11.84726037]
0.330 1.26e-07 [9.76618639]
0.350 1.26e-07 [7.83391086]
0.370 1.26e-07 [6.07895885]
0.390 1.26e-07 [4.52975618]
0.410 1.26e-07 [3.22469116]
0.430 1.26e-07 [2.15296317]
0.450 1.26e-07 [1.31646757]
0.470 1.26e-07 [0.70660544]
0.490 1.26e-07 [0.3040384]
0.510 1.26e-07 [0.10091977]
0.530 1.26e-07 [0.02228557]
0.220 2.51e-07 [88.24543359]
0.250 2.51e-07 [74.2479773]
0.270 2.51e-07 [64.92601553]
0.290 2.51e-07 [55.81541419]
0.310 2.51e-07 [47.01368423]
0.330 2.51e-07 [38.75532303]
0.350 2.51e-07 [31.08744132]
0.370 2.51e-07 [24.12323548]
0.390 2.51e-07 [17.97550824]
0.410 2.51e-07 [12.79659659]
0.430 2.51e-07 [8.54364025]
0.450 2.51e-07 [5.22416056]
0.470 2.51e-07 [2.80403437]
0.490 2.51e-07 [1.20652074]
0.510 2.51e-07 [0.40048164]
0.530 2.51e-07 [0.0884362]
0.220 5.01e-07 [351.57683333]
0.250 5.01e-07 [295.80985301]
0.270 5.01e-07 [258.67041514]
0.290 5.01e-07 [222.37305404]
0.310 5.01e-07 [187.30626109]
0.330 5.01e-07 [154.40429258]
0.350 5.01e-07 [123.85484133]
0.370 5.01e-07 [96.1088908]
0.390 5.01e-07 [71.615856]
0.410 5.01e-07 [50.98265966]
0.430 5.01e-07 [34.03854297]
0.450 5.01e-07 [20.81347162]
0.470 5.01e-07 [11.17149617]
0.490 5.01e-07 [4.80687469]
0.510 5.01e-07 [1.59555074]
0.530 5.01e-07 [0.35233685]
0.220 1.00e-06 [1400.6989348]
0.250 1.00e-06 [1178.52061549]
0.270 1.00e-06 [1030.55531708]
0.290 1.00e-06 [885.94489281]
0.310 1.00e-06 [746.23711097]
0.330 1.00e-06 [615.15409334]
0.350 1.00e-06 [493.44361709]
0.370 1.00e-06 [382.90242192]
0.390 1.00e-06 [285.32099874]
0.410 1.00e-06 [203.11735672]
0.430 1.00e-06 [135.6111847]
0.450 1.00e-06 [82.92186733]
0.470 1.00e-06 [44.50777555]
0.490 1.00e-06 [19.15081889]
0.510 1.00e-06 [6.35675053]
0.530 1.00e-06 [1.40372688]
0.220 1.99e-06 [5574.81677799]
0.250 1.99e-06 [4690.54151266]
0.270 1.99e-06 [4101.63592585]
0.290 1.99e-06 [3526.08282199]
0.310 1.99e-06 [2970.04235758]
0.330 1.99e-06 [2448.32867035]
0.350 1.99e-06 [1963.91793211]
0.370 1.99e-06 [1523.96121179]
0.390 1.99e-06 [1135.58470801]
0.410 1.99e-06 [808.4121577]
0.430 1.99e-06 [539.73590538]
0.450 1.99e-06 [330.03110502]
0.470 1.99e-06 [177.14205936]
0.490 1.99e-06 [76.22073794]
0.510 1.99e-06 [25.30002603]
0.530 1.99e-06 [5.58686806]
0.220 3.98e-06 [22198.78237106]
0.250 3.98e-06 [18677.62016019]
0.270 3.98e-06 [16332.61269551]
0.290 3.98e-06 [14040.77448731]
0.310 3.98e-06 [11826.63512622]
0.330 3.98e-06 [9749.18414189]
0.350 3.98e-06 [7820.27257679]
0.370 3.98e-06 [6068.37581033]
0.390 3.98e-06 [4521.87018889]
0.410 3.98e-06 [3219.07719473]
0.430 3.98e-06 [2149.21501074]
0.450 3.98e-06 [1314.17568823]
0.470 3.98e-06 [705.37529415]
0.490 3.98e-06 [303.50909118]
0.510 3.98e-06 [100.74407719]
0.530 3.98e-06 [22.24677029]
0.220 7.94e-06 [88371.84526965]
0.250 7.94e-06 [74354.33760337]
0.270 7.94e-06 [65019.022118]
0.290 7.94e-06 [55895.36983235]
0.310 7.94e-06 [47081.03138115]
0.330 7.94e-06 [38810.84007631]
0.350 7.94e-06 [31131.97411329]
0.370 7.94e-06 [24157.79204394]
0.390 7.94e-06 [18001.25817636]
0.410 7.94e-06 [12814.92772929]
0.430 7.94e-06 [8555.87902101]
0.450 7.94e-06 [5231.64417923]
0.470 7.94e-06 [2808.05114936]
0.490 7.94e-06 [1208.249083]
0.510 7.94e-06 [401.05533052]
0.530 7.94e-06 [88.56288191]
0.220 1.58e-05 [351842.68739285]
0.250 1.58e-05 [296033.53739938]
0.270 1.58e-05 [258866.01557146]
0.290 1.58e-05 [222541.207266]
0.310 1.58e-05 [187447.89764007]
0.330 1.58e-05 [154521.04944462]
0.350 1.58e-05 [123948.4974252]
0.370 1.58e-05 [96181.56606647]
0.390 1.58e-05 [71670.01021531]
0.410 1.58e-05 [51021.21153248]
0.430 1.58e-05 [34064.28210903]
0.450 1.58e-05 [20829.21027493]
0.470 1.58e-05 [11179.94378994]
0.490 1.58e-05 [4810.5095362]
0.510 1.58e-05 [1596.75725737]
0.530 1.58e-05 [352.60327857]
0.220 3.16e-05 [1400718.7252776]
0.250 3.16e-05 [1178537.26680551]
0.270 3.16e-05 [1030569.87779338]
0.290 3.16e-05 [885957.41032218]
0.310 3.16e-05 [746247.65455251]
0.330 3.16e-05 [615162.78485264]
0.350 3.16e-05 [493450.58895497]
0.370 3.16e-05 [382907.83194652]
0.390 3.16e-05 [285325.03003917]
0.410 3.16e-05 [203120.22656906]
0.430 3.16e-05 [135613.10074913]
0.450 3.16e-05 [82923.03893262]
0.470 3.16e-05 [44508.40439559]
0.490 3.16e-05 [19151.0894696]
0.510 3.16e-05 [6356.84034447]
0.530 3.16e-05 [1403.74671008]
0.220 6.31e-05 [5576329.83538728]
0.250 6.31e-05 [4691814.56948176]
0.270 6.31e-05 [4102749.14819299]
0.290 6.31e-05 [3527039.83384166]
0.310 6.31e-05 [2970848.45484896]
0.330 6.31e-05 [2448993.16964144]
0.350 6.31e-05 [1964450.95779934]
0.370 6.31e-05 [1524374.82911757]
0.390 6.31e-05 [1135892.91631327]
0.410 6.31e-05 [808631.56831374]
0.430 6.31e-05 [539882.39475195]
0.450 6.31e-05 [330120.67854615]
0.470 6.31e-05 [177190.13737568]
0.490 6.31e-05 [76241.42496442]
0.510 6.31e-05 [25306.89269156]
0.530 6.31e-05 [5588.38439116]
0.220 1.26e-04 [22199743.87944621]
0.250 1.26e-04 [18678429.15448981]
0.270 1.26e-04 [16333320.11917742]
0.290 1.26e-04 [14041382.64329399]
0.310 1.26e-04 [11827147.37994242]
0.330 1.26e-04 [9749606.41379947]
0.350 1.26e-04 [7820611.30066731]
0.370 1.26e-04 [6068638.65331853]
0.390 1.26e-04 [4522066.04720695]
0.410 1.26e-04 [3219216.62443291]
0.430 1.26e-04 [2149308.10090486]
0.450 1.26e-04 [1314232.60986581]
0.470 1.26e-04 [705405.84646582]
0.490 1.26e-04 [303522.23723809]
0.510 1.26e-04 [100748.44077048]
0.530 1.26e-04 [22247.7338762]
0.220 2.51e-04 [88378379.13938573]
0.250 2.51e-04 [74359835.07323402]
0.270 2.51e-04 [65023829.37102735]
0.290 2.51e-04 [55899502.51809765]
0.310 2.51e-04 [47084512.36906876]
0.330 2.51e-04 [38813709.59852944]
0.350 2.51e-04 [31134275.89009563]
0.370 2.51e-04 [24159578.17691253]
0.390 2.51e-04 [18002589.11921142]
0.410 2.51e-04 [12815875.21509022]
0.430 2.51e-04 [8556511.60935202]
0.450 2.51e-04 [5232030.98660984]
0.470 2.51e-04 [2808258.7657156]
0.490 2.51e-04 [1208338.41622372]
0.510 2.51e-04 [401084.98298305]
0.530 2.51e-04 [88569.42990784]
0.220 5.01e-04 [3.51839337e+08]
0.250 5.01e-04 [2.96030718e+08]
0.270 5.01e-04 [2.5886355e+08]
0.290 5.01e-04 [2.22539088e+08]
0.310 5.01e-04 [1.87446113e+08]
0.330 5.01e-04 [1.54519578e+08]
0.350 5.01e-04 [1.23947317e+08]
0.370 5.01e-04 [96180650.15200882]
0.390 5.01e-04 [71669327.71863946]
0.410 5.01e-04 [51020725.66947101]
0.430 5.01e-04 [34063957.72286867]
0.450 5.01e-04 [20829011.92324955]
0.470 5.01e-04 [11179837.32595621]
0.490 5.01e-04 [4810463.72685045]
0.510 5.01e-04 [1596742.0518286]
0.530 5.01e-04 [352599.92081606]
0.220 1.00e-03 [1.40069893e+09]
0.250 1.00e-03 [1.17852062e+09]
0.270 1.00e-03 [1.03055532e+09]
0.290 1.00e-03 [8.85944893e+08]
0.310 1.00e-03 [7.46237111e+08]
0.330 1.00e-03 [6.15154093e+08]
0.350 1.00e-03 [4.93443617e+08]
0.370 1.00e-03 [3.82902422e+08]
0.390 1.00e-03 [2.85320999e+08]
0.410 1.00e-03 [2.03117357e+08]
0.430 1.00e-03 [1.35611185e+08]
0.450 1.00e-03 [82921867.3295555]
0.470 1.00e-03 [44507775.54523207]
0.490 1.00e-03 [19150818.88768254]
0.510 1.00e-03 [6356750.5299405]
0.530 1.00e-03 [1403726.87682246]
