0.001 1.00e-09 [0.]
0.002 1.00e-09 [0.]
0.003 1.00e-09 [0.]
0.004 1.00e-09 [0.]
0.005 1.00e-09 [0.]
0.007 1.00e-09 [0.]
0.010 1.00e-09 [0.]
0.020 1.00e-09 [0.]
0.040 1.00e-09 [0.]
0.060 1.00e-09 [0.]
0.080 1.00e-09 [0.]
0.100 1.00e-09 [0.]
0.120 1.00e-09 [0.]
0.140 1.00e-09 [0.]
0.160 1.00e-09 [0.]
0.180 1.00e-09 [0.]
0.200 1.00e-09 [0.]
0.220 1.00e-09 [0.]
0.250 1.00e-09 [0.]
0.270 1.00e-09 [0.]
0.290 1.00e-09 [0.]
0.310 1.00e-09 [0.]
0.330 1.00e-09 [1.02695149e-10]
0.350 1.00e-09 [1.0776408e-10]
0.370 1.00e-09 [1.13728387e-10]
0.390 1.00e-09 [1.20784848e-10]
0.410 1.00e-09 [1.29289794e-10]
0.430 1.00e-09 [1.39426091e-10]
0.450 1.00e-09 [1.51650007e-10]
0.470 1.00e-09 [1.66757707e-10]
0.490 1.00e-09 [1.84482221e-10]
0.510 1.00e-09 [4.13817975e-10]
0.530 1.00e-09 [4.70372317e-10]
0.550 1.00e-09 [5.42395961e-10]
0.570 1.00e-09 [6.34659418e-10]
0.590 1.00e-09 [1.12730383e-09]
0.610 1.00e-09 [1.379102e-09]
0.630 1.00e-09 [2.3270401e-09]
0.650 1.00e-09 [3.75712634e-09]
0.670 1.00e-09 [6.03531852e-09]
0.690 1.00e-09 [1.06785267e-08]
0.710 1.00e-09 [2.28713422e-08]
0.730 1.00e-09 [6.35612783e-08]
0.750 1.00e-09 [8.41033762e-07]
0.770 1.00e-09 [2.69823537e-06]
0.790 1.00e-09 [1.69128974e-06]
0.810 1.00e-09 [5.75010885e-08]
0.830 1.00e-09 [3.17487041e-08]
0.850 1.00e-09 [1.52357918e-08]
0.870 1.00e-09 [1.02417039e-08]
0.890 1.00e-09 [6.29703909e-09]
0.910 1.00e-09 [5.132759e-09]
0.930 1.00e-09 [4.00222065e-09]
0.950 1.00e-09 [3.44844471e-09]
0.970 1.00e-09 [2.89466876e-09]
0.990 1.00e-09 [2.57769314e-09]
1.010 1.00e-09 [3.27418239e-09]
1.030 1.00e-09 [3.87843035e-09]
1.050 1.00e-09 [2.21411481e-09]
1.070 1.00e-09 [2.06062766e-09]
1.090 1.00e-09 [1.97090735e-09]
1.110 1.00e-09 [1.88118705e-09]
1.130 1.00e-09 [1.81667845e-09]
1.150 1.00e-09 [1.98116241e-09]
1.170 1.00e-09 [1.91476498e-09]
1.190 1.00e-09 [1.82352934e-09]
1.210 1.00e-09 [1.92477079e-09]
1.230 1.00e-09 [1.78773505e-09]
1.250 1.00e-09 [1.59795017e-09]
1.270 1.00e-09 [1.54898182e-09]
1.290 1.00e-09 [1.45352813e-09]
1.310 1.00e-09 [1.21018197e-09]
1.330 1.00e-09 [1.04740547e-09]
1.350 1.00e-09 [8.40945994e-10]
1.370 1.00e-09 [7.32429993e-10]
1.390 1.00e-09 [5.99170543e-10]
1.410 1.00e-09 [4.87051155e-10]
1.430 1.00e-09 [3.9684142e-10]
1.450 1.00e-09 [3.25796166e-10]
1.470 1.00e-09 [2.66366128e-10]
1.490 1.00e-09 [2.21981487e-10]
0.001 2.00e-09 [0.]
0.002 2.00e-09 [0.]
0.003 2.00e-09 [0.]
0.004 2.00e-09 [0.]
0.005 2.00e-09 [0.]
0.007 2.00e-09 [0.]
0.010 2.00e-09 [0.]
0.020 2.00e-09 [0.]
0.040 2.00e-09 [0.]
0.060 2.00e-09 [0.]
0.080 2.00e-09 [0.]
0.100 2.00e-09 [0.]
0.120 2.00e-09 [0.]
0.140 2.00e-09 [0.]
0.160 2.00e-09 [0.]
0.180 2.00e-09 [0.]
0.200 2.00e-09 [0.]
0.220 2.00e-09 [3.44348234e-10]
0.250 2.00e-09 [3.56351057e-10]
0.270 2.00e-09 [3.66441925e-10]
0.290 2.00e-09 [7.58539812e-10]
0.310 2.00e-09 [7.87038073e-10]
0.330 2.00e-09 [8.21561196e-10]
0.350 2.00e-09 [1.29316896e-09]
0.370 2.00e-09 [1.36474065e-09]
0.390 2.00e-09 [1.44941817e-09]
0.410 2.00e-09 [2.06863671e-09]
0.430 2.00e-09 [2.23081745e-09]
0.450 2.00e-09 [3.03300015e-09]
0.470 2.00e-09 [3.33515414e-09]
0.490 2.00e-09 [4.4275733e-09]
0.510 2.00e-09 [5.79345165e-09]
0.530 2.00e-09 [6.58521244e-09]
0.550 2.00e-09 [8.67833538e-09]
0.570 2.00e-09 [1.14238695e-08]
0.590 2.00e-09 [1.65337895e-08]
0.610 2.00e-09 [2.39044347e-08]
0.630 2.00e-09 [3.49056015e-08]
0.650 2.00e-09 [5.41026193e-08]
0.670 2.00e-09 [8.8518005e-08]
0.690 2.00e-09 [1.70856427e-07]
0.710 2.00e-09 [3.76106516e-07]
0.730 2.00e-09 [9.9579336e-07]
0.750 2.00e-09 [1.34565402e-05]
0.770 2.00e-09 [4.31717659e-05]
0.790 2.00e-09 [2.66626853e-05]
0.810 2.00e-09 [9.20017417e-07]
0.830 2.00e-09 [5.20678747e-07]
0.850 2.00e-09 [2.43772668e-07]
0.870 2.00e-09 [1.63867262e-07]
0.890 2.00e-09 [1.04350933e-07]
0.910 2.00e-09 [8.21241439e-08]
0.930 2.00e-09 [6.17485472e-08]
0.950 2.00e-09 [5.12340356e-08]
0.970 2.00e-09 [4.30065073e-08]
0.990 2.00e-09 [3.97701228e-08]
1.010 2.00e-09 [5.36965911e-08]
1.030 2.00e-09 [6.08615224e-08]
1.050 2.00e-09 [3.54258369e-08]
1.070 2.00e-09 [3.19397288e-08]
1.090 2.00e-09 [3.15345177e-08]
1.110 2.00e-09 [3.00989928e-08]
1.130 2.00e-09 [2.99751943e-08]
1.150 2.00e-09 [2.99375652e-08]
1.170 2.00e-09 [2.9785233e-08]
1.190 2.00e-09 [2.9986927e-08]
1.210 2.00e-09 [3.00264242e-08]
1.230 2.00e-09 [2.86037607e-08]
1.250 2.00e-09 [2.68455629e-08]
1.270 2.00e-09 [2.47837092e-08]
1.290 2.00e-09 [2.22874313e-08]
1.310 2.00e-09 [1.93629116e-08]
1.330 2.00e-09 [1.61139303e-08]
1.350 2.00e-09 [1.37138885e-08]
1.370 2.00e-09 [1.19281456e-08]
1.390 2.00e-09 [9.42694987e-09]
1.410 2.00e-09 [7.67105569e-09]
1.430 2.00e-09 [6.44867308e-09]
1.450 2.00e-09 [5.28939658e-09]
1.470 2.00e-09 [4.14970389e-09]
1.490 2.00e-09 [3.55170379e-09]
0.001 4.00e-09 [0.]
0.002 4.00e-09 [0.]
0.003 4.00e-09 [0.]
0.004 4.00e-09 [0.]
0.005 4.00e-09 [0.]
0.007 4.00e-09 [0.]
0.010 4.00e-09 [0.]
0.020 4.00e-09 [0.]
0.040 4.00e-09 [0.]
0.060 4.00e-09 [0.]
0.080 4.00e-09 [0.]
0.100 4.00e-09 [0.]
0.120 4.00e-09 [1.28835232e-09]
0.140 4.00e-09 [1.29812203e-09]
0.160 4.00e-09 [1.31414371e-09]
0.180 4.00e-09 [1.33289594e-09]
0.200 4.00e-09 [2.70537536e-09]
0.220 4.00e-09 [4.1321788e-09]
0.250 4.00e-09 [7.12702113e-09]
0.270 4.00e-09 [8.79460621e-09]
0.290 4.00e-09 [1.06195574e-08]
0.310 4.00e-09 [1.25926092e-08]
0.330 4.00e-09 [1.47881015e-08]
0.350 4.00e-09 [1.72422528e-08]
0.370 4.00e-09 [2.18358504e-08]
0.390 4.00e-09 [2.51232484e-08]
0.410 4.00e-09 [3.10295506e-08]
0.430 4.00e-09 [3.79238966e-08]
0.450 4.00e-09 [4.61016022e-08]
0.470 4.00e-09 [5.60305895e-08]
0.490 4.00e-09 [7.08411729e-08]
0.510 4.00e-09 [8.60741387e-08]
0.530 4.00e-09 [1.12889356e-07]
0.550 4.00e-09 [1.47531701e-07]
0.570 4.00e-09 [1.87859188e-07]
0.590 4.00e-09 [2.58528346e-07]
0.610 4.00e-09 [3.67760533e-07]
0.630 4.00e-09 [5.58489625e-07]
0.650 4.00e-09 [8.77664713e-07]
0.670 4.00e-09 [1.43238226e-06]
0.690 4.00e-09 [2.7581109e-06]
0.710 4.00e-09 [5.97704409e-06]
0.730 4.00e-09 [1.5763197e-05]
0.750 4.00e-09 [0.00021434]
0.770 4.00e-09 [0.00069075]
0.790 4.00e-09 [0.00042024]
0.810 4.00e-09 [1.47969468e-05]
0.830 4.00e-09 [8.33085996e-06]
0.850 4.00e-09 [3.84619099e-06]
0.870 4.00e-09 [2.62187619e-06]
0.890 4.00e-09 [1.66961494e-06]
0.910 4.00e-09 [1.30225428e-06]
0.930 4.00e-09 [9.69680889e-07]
0.950 4.00e-09 [8.1974457e-07]
0.970 4.00e-09 [6.94720502e-07]
0.990 4.00e-09 [6.24538225e-07]
1.010 4.00e-09 [8.59145458e-07]
1.030 4.00e-09 [9.73784358e-07]
1.050 4.00e-09 [5.66813391e-07]
1.070 4.00e-09 [5.06914405e-07]
1.090 4.00e-09 [4.96668653e-07]
1.110 4.00e-09 [4.81583884e-07]
1.130 4.00e-09 [4.7960311e-07]
1.150 4.00e-09 [4.79001044e-07]
1.170 4.00e-09 [4.73159702e-07]
1.190 4.00e-09 [4.70065342e-07]
1.210 4.00e-09 [4.74263521e-07]
1.230 4.00e-09 [4.60520548e-07]
1.250 4.00e-09 [4.21858845e-07]
1.270 4.00e-09 [3.98792411e-07]
1.290 4.00e-09 [3.54660864e-07]
1.310 4.00e-09 [3.09806586e-07]
1.330 4.00e-09 [2.57822885e-07]
1.350 4.00e-09 [2.16317185e-07]
1.370 4.00e-09 [1.88339141e-07]
1.390 4.00e-09 [1.49552967e-07]
1.410 4.00e-09 [1.21275738e-07]
1.430 4.00e-09 [1.03178769e-07]
1.450 4.00e-09 [8.43237136e-08]
1.470 4.00e-09 [6.59466457e-08]
1.490 4.00e-09 [5.68272606e-08]
0.001 8.00e-09 [0.]
0.002 8.00e-09 [0.]
0.003 8.00e-09 [0.]
0.004 8.00e-09 [0.]
0.005 8.00e-09 [0.]
0.007 8.00e-09 [0.]
0.010 8.00e-09 [0.]
0.020 8.00e-09 [0.]
0.040 8.00e-09 [0.]
0.060 8.00e-09 [5.08761288e-09]
0.080 8.00e-09 [5.10286032e-09]
0.100 8.00e-09 [1.02484639e-08]
0.120 8.00e-09 [1.54602278e-08]
0.140 8.00e-09 [1.55774644e-08]
0.160 8.00e-09 [2.10262993e-08]
0.180 8.00e-09 [3.19895027e-08]
0.200 8.00e-09 [3.78752551e-08]
0.220 8.00e-09 [6.61148609e-08]
0.250 8.00e-09 [1.02629104e-07]
0.270 8.00e-09 [1.28987558e-07]
0.290 8.00e-09 [1.75981236e-07]
0.310 8.00e-09 [1.95185442e-07]
0.330 8.00e-09 [2.36609624e-07]
0.350 8.00e-09 [2.82772945e-07]
0.370 8.00e-09 [3.42094989e-07]
0.390 8.00e-09 [4.09702204e-07]
0.410 8.00e-09 [4.96472809e-07]
0.430 8.00e-09 [6.06782346e-07]
0.450 8.00e-09 [7.37625636e-07]
0.470 8.00e-09 [8.96489432e-07]
0.490 8.00e-09 [1.10984504e-06]
0.510 8.00e-09 [1.39042839e-06]
0.530 8.00e-09 [1.77612587e-06]
0.550 8.00e-09 [2.32579388e-06]
0.570 8.00e-09 [3.005747e-06]
0.590 8.00e-09 [4.13645353e-06]
0.610 8.00e-09 [5.88416853e-06]
0.630 8.00e-09 [8.82413607e-06]
0.650 8.00e-09 [1.40426354e-05]
0.670 8.00e-09 [2.28537395e-05]
0.690 8.00e-09 [4.38368777e-05]
0.710 8.00e-09 [9.48195022e-05]
0.730 8.00e-09 [0.00024916]
0.750 8.00e-09 [0.00339874]
0.770 8.00e-09 [0.01090976]
0.790 8.00e-09 [0.00665373]
0.810 8.00e-09 [0.00023399]
0.830 8.00e-09 [0.00013207]
0.850 8.00e-09 [6.09973387e-05]
0.870 8.00e-09 [4.15403509e-05]
0.890 8.00e-09 [2.65411202e-05]
0.910 8.00e-09 [2.06952843e-05]
0.930 8.00e-09 [1.53319356e-05]
0.950 8.00e-09 [1.29897986e-05]
0.970 8.00e-09 [1.09832003e-05]
0.990 8.00e-09 [9.92190915e-06]
1.010 8.00e-09 [1.35786892e-05]
1.030 8.00e-09 [1.54468931e-05]
1.050 8.00e-09 [9.0158755e-06]
1.070 8.00e-09 [8.06117541e-06]
1.090 8.00e-09 [7.86786216e-06]
1.110 8.00e-09 [7.66019366e-06]
1.130 8.00e-09 [7.61551604e-06]
1.150 8.00e-09 [7.59357537e-06]
1.170 8.00e-09 [7.50247469e-06]
1.190 8.00e-09 [7.48214351e-06]
1.210 8.00e-09 [7.50198661e-06]
1.230 8.00e-09 [7.27679673e-06]
1.250 8.00e-09 [6.68838023e-06]
1.270 8.00e-09 [6.31759278e-06]
1.290 8.00e-09 [5.60480447e-06]
1.310 8.00e-09 [4.90527094e-06]
1.330 8.00e-09 [4.07360158e-06]
1.350 8.00e-09 [3.43209467e-06]
1.370 8.00e-09 [2.97659549e-06]
1.390 8.00e-09 [2.36472641e-06]
1.410 8.00e-09 [1.91898155e-06]
1.430 8.00e-09 [1.63181192e-06]
1.450 8.00e-09 [1.32955499e-06]
1.470 8.00e-09 [1.0407906e-06]
1.490 8.00e-09 [8.96524808e-07]
0.001 1.60e-08 [0.]
0.002 1.60e-08 [0.]
0.003 1.60e-08 [0.]
0.004 1.60e-08 [0.]
0.005 1.60e-08 [0.]
0.007 1.60e-08 [0.]
0.010 1.60e-08 [0.]
0.020 1.60e-08 [0.]
0.040 1.60e-08 [2.04306671e-08]
0.060 1.60e-08 [6.10513545e-08]
0.080 1.60e-08 [8.16457651e-08]
0.100 1.60e-08 [1.43478494e-07]
0.120 1.60e-08 [2.06136371e-07]
0.140 1.60e-08 [2.90779335e-07]
0.160 1.60e-08 [3.78473387e-07]
0.180 1.60e-08 [4.69179372e-07]
0.200 1.60e-08 [5.84361078e-07]
0.220 1.60e-08 [1.0137612e-06]
0.250 1.60e-08 [1.66487214e-06]
0.270 1.60e-08 [2.08725321e-06]
0.290 1.60e-08 [2.79142651e-06]
0.310 1.60e-08 [3.12296707e-06]
0.330 1.60e-08 [3.75946403e-06]
0.350 1.60e-08 [4.52436712e-06]
0.370 1.60e-08 [5.47351983e-06]
0.390 1.60e-08 [6.4624725e-06]
0.410 1.60e-08 [7.94356495e-06]
0.430 1.60e-08 [9.6014383e-06]
0.450 1.60e-08 [1.1685543e-05]
0.470 1.60e-08 [1.4258451e-05]
0.490 1.60e-08 [1.76158383e-05]
0.510 1.60e-08 [2.20349795e-05]
0.530 1.60e-08 [2.81169756e-05]
0.550 1.60e-08 [3.68655687e-05]
0.570 1.60e-08 [4.77670064e-05]
0.590 1.60e-08 [6.57022735e-05]
0.610 1.60e-08 [9.33229129e-05]
0.630 1.60e-08 [0.0001394]
0.650 1.60e-08 [0.0002218]
0.670 1.60e-08 [0.00036077]
0.690 1.60e-08 [0.00068967]
0.710 1.60e-08 [0.00148589]
0.730 1.60e-08 [0.003893]
0.750 1.60e-08 [0.05285729]
0.770 1.60e-08 [0.168827]
0.790 1.60e-08 [0.10297049]
0.810 1.60e-08 [0.00365063]
0.830 1.60e-08 [0.00206605]
0.850 1.60e-08 [0.00095732]
0.870 1.60e-08 [0.00065219]
0.890 1.60e-08 [0.00041706]
0.910 1.60e-08 [0.00032549]
0.930 1.60e-08 [0.00024151]
0.950 1.60e-08 [0.00020443]
0.970 1.60e-08 [0.00017287]
0.990 1.60e-08 [0.00015639]
1.010 1.60e-08 [0.00021257]
1.030 1.60e-08 [0.00024051]
1.050 1.60e-08 [0.00014163]
1.070 1.60e-08 [0.00012667]
1.090 1.60e-08 [0.00012349]
1.110 1.60e-08 [0.00012022]
1.130 1.60e-08 [0.00011946]
1.150 1.60e-08 [0.00011913]
1.170 1.60e-08 [0.00011764]
1.190 1.60e-08 [0.00011717]
1.210 1.60e-08 [0.00011747]
1.230 1.60e-08 [0.00011391]
1.250 1.60e-08 [0.0001046]
1.270 1.60e-08 [9.86301503e-05]
1.290 1.60e-08 [8.7475261e-05]
1.310 1.60e-08 [7.64964094e-05]
1.330 1.60e-08 [6.34863072e-05]
1.350 1.60e-08 [5.33899793e-05]
1.370 1.60e-08 [4.62326553e-05]
1.390 1.60e-08 [3.6690328e-05]
1.410 1.60e-08 [2.97296025e-05]
1.430 1.60e-08 [2.52518133e-05]
1.450 1.60e-08 [2.0546776e-05]
1.470 1.60e-08 [1.6038942e-05]
1.490 1.60e-08 [1.38000516e-05]
0.001 3.20e-08 [0.]
0.002 3.20e-08 [0.]
0.003 3.20e-08 [0.]
0.004 3.20e-08 [0.]
0.005 3.20e-08 [0.]
0.007 3.20e-08 [0.]
0.010 3.20e-08 [0.]
0.020 3.20e-08 [8.16760622e-08]
0.040 3.20e-08 [4.08613343e-07]
0.060 3.20e-08 [8.1401806e-07]
0.080 3.20e-08 [1.46962377e-06]
0.100 3.20e-08 [2.29565591e-06]
0.120 3.20e-08 [3.29818194e-06]
0.140 3.20e-08 [4.48630974e-06]
0.160 3.20e-08 [5.971469e-06]
0.180 3.20e-08 [7.50686996e-06]
0.200 3.20e-08 [9.43634926e-06]
0.220 3.20e-08 [1.62201792e-05]
0.250 3.20e-08 [2.63642766e-05]
0.270 3.20e-08 [3.3208433e-05]
0.290 3.20e-08 [4.41773586e-05]
0.310 3.20e-08 [4.95645097e-05]
0.330 3.20e-08 [5.95204655e-05]
0.350 3.20e-08 [7.19484723e-05]
0.370 3.20e-08 [8.66446543e-05]
0.390 3.20e-08 [0.00010253]
0.410 3.20e-08 [0.00012577]
0.430 3.20e-08 [0.00015205]
0.450 3.20e-08 [0.00018464]
0.470 3.20e-08 [0.00022472]
0.490 3.20e-08 [0.00027808]
0.510 3.20e-08 [0.00034726]
0.530 3.20e-08 [0.00044241]
0.550 3.20e-08 [0.00057846]
0.570 3.20e-08 [0.000749]
0.590 3.20e-08 [0.00102776]
0.610 3.20e-08 [0.00145551]
0.630 3.20e-08 [0.00216485]
0.650 3.20e-08 [0.00342486]
0.670 3.20e-08 [0.00553331]
0.690 3.20e-08 [0.01047243]
0.710 3.20e-08 [0.02224924]
0.730 3.20e-08 [0.05734685]
0.750 3.20e-08 [0.7663615]
0.770 3.20e-08 [2.39892806]
0.790 3.20e-08 [1.46700482]
0.810 3.20e-08 [0.05359163]
0.830 3.20e-08 [0.03070958]
0.850 3.20e-08 [0.01435507]
0.870 3.20e-08 [0.00983728]
0.890 3.20e-08 [0.0063192]
0.910 3.20e-08 [0.00494284]
0.930 3.20e-08 [0.00367557]
0.950 3.20e-08 [0.00311402]
0.970 3.20e-08 [0.00263258]
0.990 3.20e-08 [0.00237862]
1.010 3.20e-08 [0.00315495]
1.030 3.20e-08 [0.00350837]
1.050 3.20e-08 [0.00213405]
1.070 3.20e-08 [0.00191226]
1.090 3.20e-08 [0.00186255]
1.110 3.20e-08 [0.00181124]
1.130 3.20e-08 [0.00179703]
1.150 3.20e-08 [0.0017891]
1.170 3.20e-08 [0.00176421]
1.190 3.20e-08 [0.00175235]
1.210 3.20e-08 [0.00174963]
1.230 3.20e-08 [0.00169188]
1.250 3.20e-08 [0.00155089]
1.270 3.20e-08 [0.00145436]
1.290 3.20e-08 [0.00128686]
1.310 3.20e-08 [0.00112078]
1.330 3.20e-08 [0.00092684]
1.350 3.20e-08 [0.00077627]
1.370 3.20e-08 [0.00066761]
1.390 3.20e-08 [0.00052786]
1.410 3.20e-08 [0.00042477]
1.430 3.20e-08 [0.00035915]
1.450 3.20e-08 [0.00029042]
1.470 3.20e-08 [0.00022475]
1.490 3.20e-08 [0.00019257]
0.001 6.30e-08 [0.]
0.002 6.30e-08 [0.]
0.003 6.30e-08 [0.]
0.004 6.30e-08 [0.]
0.005 6.30e-08 [0.]
0.007 6.30e-08 [3.1652555e-07]
0.010 6.30e-08 [3.16532564e-07]
0.020 6.30e-08 [1.26629801e-06]
0.040 6.30e-08 [5.70159267e-06]
0.060 6.30e-08 [1.26204597e-05]
0.080 6.30e-08 [2.24684521e-05]
0.100 6.30e-08 [3.52738515e-05]
0.120 6.30e-08 [5.11347036e-05]
0.140 6.30e-08 [6.92333103e-05]
0.160 6.30e-08 [9.16031262e-05]
0.180 6.30e-08 [0.00011572]
0.200 6.30e-08 [0.00014462]
0.220 6.30e-08 [0.00024943]
0.250 6.30e-08 [0.00040345]
0.270 6.30e-08 [0.00050759]
0.290 6.30e-08 [0.00067438]
0.310 6.30e-08 [0.00075517]
0.330 6.30e-08 [0.00090446]
0.350 6.30e-08 [0.00109153]
0.370 6.30e-08 [0.00131083]
0.390 6.30e-08 [0.00154797]
0.410 6.30e-08 [0.00189301]
0.430 6.30e-08 [0.00228049]
0.450 6.30e-08 [0.00276211]
0.470 6.30e-08 [0.00334968]
0.490 6.30e-08 [0.00412674]
0.510 6.30e-08 [0.00513099]
0.530 6.30e-08 [0.00650057]
0.550 6.30e-08 [0.00844316]
0.570 6.30e-08 [0.01086555]
0.590 6.30e-08 [0.01476061]
0.610 6.30e-08 [0.02066852]
0.630 6.30e-08 [0.03027799]
0.650 6.30e-08 [0.04682081]
0.670 6.30e-08 [0.0736591]
0.690 6.30e-08 [0.1342393]
0.710 6.30e-08 [0.27027147]
0.730 6.30e-08 [0.65545175]
0.750 6.30e-08 [8.25956003]
0.770 6.30e-08 [24.03607035]
0.790 6.30e-08 [14.84105405]
0.810 6.30e-08 [0.60499703]
0.830 6.30e-08 [0.36277194]
0.850 6.30e-08 [0.17537221]
0.870 6.30e-08 [0.12289815]
0.890 6.30e-08 [0.08040946]
0.910 6.30e-08 [0.06337122]
0.930 6.30e-08 [0.04755006]
0.950 6.30e-08 [0.04039388]
0.970 6.30e-08 [0.03410738]
0.990 6.30e-08 [0.03071744]
1.010 6.30e-08 [0.03711308]
1.030 6.30e-08 [0.03870397]
1.050 6.30e-08 [0.02654801]
1.070 6.30e-08 [0.02399917]
1.090 6.30e-08 [0.02328083]
1.110 6.30e-08 [0.02253836]
1.130 6.30e-08 [0.02221523]
1.150 6.30e-08 [0.02198822]
1.170 6.30e-08 [0.02156964]
1.190 6.30e-08 [0.02119568]
1.210 6.30e-08 [0.02087317]
1.230 6.30e-08 [0.01996041]
1.250 6.30e-08 [0.01817503]
1.270 6.30e-08 [0.01671281]
1.290 6.30e-08 [0.0146534]
1.310 6.30e-08 [0.01257521]
1.330 6.30e-08 [0.01026529]
1.350 6.30e-08 [0.00847677]
1.370 6.30e-08 [0.00711222]
1.390 6.30e-08 [0.00554527]
1.410 6.30e-08 [0.00435541]
1.430 6.30e-08 [0.00362442]
1.450 6.30e-08 [0.002867]
1.470 6.30e-08 [0.00215292]
1.490 6.30e-08 [0.00181936]
0.001 1.26e-07 [0.]
0.002 1.26e-07 [0.]
0.003 1.26e-07 [0.]
0.004 1.26e-07 [1.26608413e-06]
0.005 1.26e-07 [1.26608906e-06]
0.007 1.26e-07 [2.5322044e-06]
0.010 1.26e-07 [5.06452102e-06]
0.020 1.26e-07 [2.27933642e-05]
0.040 1.26e-07 [8.9958462e-05]
0.060 1.26e-07 [0.00020067]
0.080 1.26e-07 [0.00035696]
0.100 1.26e-07 [0.00056184]
0.120 1.26e-07 [0.00080921]
0.140 1.26e-07 [0.00109614]
0.160 1.26e-07 [0.0014487]
0.180 1.26e-07 [0.00182911]
0.200 1.26e-07 [0.00228041]
0.220 1.26e-07 [0.00389788]
0.250 1.26e-07 [0.00623732]
0.270 1.26e-07 [0.00779417]
0.290 1.26e-07 [0.01025124]
0.310 1.26e-07 [0.0114345]
0.330 1.26e-07 [0.01359092]
0.350 1.26e-07 [0.01625662]
0.370 1.26e-07 [0.01933566]
0.390 1.26e-07 [0.02262361]
0.410 1.26e-07 [0.02733454]
0.430 1.26e-07 [0.0325278]
0.450 1.26e-07 [0.03890915]
0.470 1.26e-07 [0.04653415]
0.490 1.26e-07 [0.05639188]
0.510 1.26e-07 [0.06899905]
0.530 1.26e-07 [0.08556411]
0.550 1.26e-07 [0.10831445]
0.570 1.26e-07 [0.13618019]
0.590 1.26e-07 [0.17814749]
0.610 1.26e-07 [0.23896522]
0.630 1.26e-07 [0.33103751]
0.650 1.26e-07 [0.47147081]
0.670 1.26e-07 [0.67531622]
0.690 1.26e-07 [1.08151914]
0.710 1.26e-07 [1.82835687]
0.730 1.26e-07 [3.68312673]
0.750 1.26e-07 [39.45685839]
0.770 1.26e-07 [94.78861051]
0.790 1.26e-07 [60.29925985]
0.810 1.26e-07 [3.29270835]
0.830 1.26e-07 [2.25674916]
0.850 1.26e-07 [1.212266]
0.870 1.26e-07 [0.91316671]
0.890 1.26e-07 [0.63503511]
0.910 1.26e-07 [0.51302316]
0.930 1.26e-07 [0.39685711]
0.950 1.26e-07 [0.34052168]
0.970 1.26e-07 [0.28604179]
0.990 1.26e-07 [0.25512267]
1.010 1.26e-07 [0.23038983]
1.030 1.26e-07 [0.2003664]
1.050 1.26e-07 [0.19572676]
1.070 1.26e-07 [0.18193365]
1.090 1.26e-07 [0.17415693]
1.110 1.26e-07 [0.16617663]
1.130 1.26e-07 [0.16059356]
1.150 1.26e-07 [0.15619178]
1.170 1.26e-07 [0.15079498]
1.190 1.26e-07 [0.14345864]
1.210 1.26e-07 [0.13565462]
1.230 1.26e-07 [0.12536365]
1.250 1.26e-07 [0.11208557]
1.270 1.26e-07 [0.09742088]
1.290 1.26e-07 [0.08337436]
1.310 1.26e-07 [0.06868113]
1.330 1.26e-07 [0.05417345]
1.350 1.26e-07 [0.04310787]
1.370 1.26e-07 [0.03395144]
1.390 1.26e-07 [0.02556244]
1.410 1.26e-07 [0.01897827]
1.430 1.26e-07 [0.01517141]
1.450 1.26e-07 [0.01142448]
1.470 1.26e-07 [0.00802787]
1.490 1.26e-07 [0.00659912]
0.001 2.51e-07 [0.]
0.002 2.51e-07 [5.02419709e-06]
0.003 2.51e-07 [1.00484159e-05]
0.004 2.51e-07 [1.50726694e-05]
0.005 2.51e-07 [2.00969707e-05]
0.007 2.51e-07 [4.52186535e-05]
0.010 2.51e-07 [9.04393109e-05]
0.020 2.51e-07 [0.00035678]
0.040 2.51e-07 [0.00142793]
0.060 2.51e-07 [0.00316017]
0.080 2.51e-07 [0.00560088]
0.100 2.51e-07 [0.0087669]
0.120 2.51e-07 [0.01257589]
0.140 2.51e-07 [0.01695464]
0.160 2.51e-07 [0.02225045]
0.180 2.51e-07 [0.02787929]
0.200 2.51e-07 [0.03447709]
0.220 2.51e-07 [0.05719155]
0.250 2.51e-07 [0.08769716]
0.270 2.51e-07 [0.10680834]
0.290 2.51e-07 [0.13493756]
0.310 2.51e-07 [0.14834969]
0.330 2.51e-07 [0.17117407]
0.350 2.51e-07 [0.19789291]
0.370 2.51e-07 [0.22710907]
0.390 2.51e-07 [0.2566174]
0.410 2.51e-07 [0.2965165]
0.430 2.51e-07 [0.33734887]
0.450 2.51e-07 [0.38567999]
0.470 2.51e-07 [0.43926228]
0.490 2.51e-07 [0.50218776]
0.510 2.51e-07 [0.58066515]
0.530 2.51e-07 [0.6698749]
0.550 2.51e-07 [0.77909284]
0.570 2.51e-07 [0.90993993]
0.590 2.51e-07 [1.05753037]
0.610 2.51e-07 [1.24986688]
0.630 2.51e-07 [1.48079242]
0.650 2.51e-07 [1.70700531]
0.670 2.51e-07 [1.97941975]
0.690 2.51e-07 [2.42682982]
0.710 2.51e-07 [3.01808161]
0.730 2.51e-07 [4.60141699]
0.750 2.51e-07 [38.86142282]
0.770 2.51e-07 [71.84641874]
0.790 2.51e-07 [48.3687692]
0.810 2.51e-07 [3.99756788]
0.830 2.51e-07 [3.3035305]
0.850 2.51e-07 [2.13187153]
0.870 2.51e-07 [1.82303814]
0.890 2.51e-07 [1.42065346]
0.910 2.51e-07 [1.20981563]
0.930 2.51e-07 [0.98887237]
0.950 2.51e-07 [0.86964259]
0.970 2.51e-07 [0.72287684]
0.990 2.51e-07 [0.63745559]
1.010 2.51e-07 [0.3558893]
1.030 2.51e-07 [0.2367327]
1.050 2.51e-07 [0.40109022]
1.070 2.51e-07 [0.38883193]
1.090 2.51e-07 [0.36473131]
1.110 2.51e-07 [0.34144651]
1.130 2.51e-07 [0.32069607]
1.150 2.51e-07 [0.30005577]
1.170 2.51e-07 [0.28412883]
1.190 2.51e-07 [0.25688101]
1.210 2.51e-07 [0.22999855]
1.230 2.51e-07 [0.20257469]
1.250 2.51e-07 [0.17363986]
1.270 2.51e-07 [0.14093395]
1.290 2.51e-07 [0.11596286]
1.310 2.51e-07 [0.08969951]
1.330 2.51e-07 [0.06840883]
1.350 2.51e-07 [0.05007874]
1.370 2.51e-07 [0.03661842]
1.390 2.51e-07 [0.02596834]
1.410 2.51e-07 [0.01769741]
1.430 2.51e-07 [0.01321012]
1.450 2.51e-07 [0.00915799]
1.470 2.51e-07 [0.00601125]
1.490 2.51e-07 [0.00449141]
0.001 5.01e-07 [2.00167813e-05]
0.002 5.01e-07 [6.00504036e-05]
0.003 5.01e-07 [0.0001201]
0.004 5.01e-07 [0.00022019]
0.005 5.01e-07 [0.00036031]
0.007 5.01e-07 [0.0007006]
0.010 5.01e-07 [0.00140123]
0.020 5.01e-07 [0.0056257]
0.040 5.01e-07 [0.02245555]
0.060 5.01e-07 [0.04932397]
0.080 5.01e-07 [0.0863755]
0.100 5.01e-07 [0.13301991]
0.120 5.01e-07 [0.18715486]
0.140 5.01e-07 [0.24669398]
0.160 5.01e-07 [0.31552346]
0.180 5.01e-07 [0.38434466]
0.200 5.01e-07 [0.46037598]
0.220 5.01e-07 [0.68058522]
0.250 5.01e-07 [0.89104583]
0.270 5.01e-07 [0.98852592]
0.290 5.01e-07 [1.08372408]
0.310 5.01e-07 [1.13434154]
0.330 5.01e-07 [1.18698597]
0.350 5.01e-07 [1.22953442]
0.370 5.01e-07 [1.26341471]
0.390 5.01e-07 [1.28993272]
0.410 5.01e-07 [1.30735594]
0.430 5.01e-07 [1.32204722]
0.450 5.01e-07 [1.3405867]
0.470 5.01e-07 [1.36811669]
0.490 5.01e-07 [1.3779971]
0.510 5.01e-07 [1.39308735]
0.530 5.01e-07 [1.40844356]
0.550 5.01e-07 [1.41240444]
0.570 5.01e-07 [1.45990621]
0.590 5.01e-07 [1.41826172]
0.610 5.01e-07 [1.37527771]
0.630 5.01e-07 [1.33245393]
0.650 5.01e-07 [1.13372566]
0.670 5.01e-07 [1.00132972]
0.690 5.01e-07 [0.78878015]
0.710 5.01e-07 [0.51283853]
0.730 5.01e-07 [0.39087164]
0.750 5.01e-07 [1.4927808]
0.770 5.01e-07 [1.27484193]
0.790 5.01e-07 [0.89897382]
0.810 5.01e-07 [0.29106209]
0.830 5.01e-07 [0.40482299]
0.850 5.01e-07 [0.3943174]
0.870 5.01e-07 [0.4495473]
0.890 5.01e-07 [0.43036475]
0.910 5.01e-07 [0.41833839]
0.930 5.01e-07 [0.37097017]
0.950 5.01e-07 [0.3280484]
0.970 5.01e-07 [0.27993502]
0.990 5.01e-07 [0.23560172]
1.010 5.01e-07 [0.04257043]
1.030 5.01e-07 [0.01280514]
1.050 5.01e-07 [0.09690804]
1.070 5.01e-07 [0.1002113]
1.090 5.01e-07 [0.09071556]
1.110 5.01e-07 [0.0832217]
1.130 5.01e-07 [0.07181813]
1.150 5.01e-07 [0.06033588]
1.170 5.01e-07 [0.05356108]
1.190 5.01e-07 [0.04338052]
1.210 5.01e-07 [0.03299705]
1.230 5.01e-07 [0.02651955]
1.250 5.01e-07 [0.01897142]
1.270 5.01e-07 [0.01290096]
1.290 5.01e-07 [0.00896891]
1.310 5.01e-07 [0.00572075]
1.330 5.01e-07 [0.00380194]
1.350 5.01e-07 [0.00207831]
1.370 5.01e-07 [0.00115557]
1.390 5.01e-07 [0.00067175]
1.410 5.01e-07 [0.00033619]
1.430 5.01e-07 [0.00019299]
1.450 5.01e-07 [9.62060747e-05]
1.470 5.01e-07 [4.574506e-05]
1.490 5.01e-07 [2.63925356e-05]
0.001 1.00e-06 [0.00031899]
0.002 1.00e-06 [0.00087723]
0.003 1.00e-06 [0.0019937]
0.004 1.00e-06 [0.00358867]
0.005 1.00e-06 [0.00566215]
0.007 1.00e-06 [0.01100542]
0.010 1.00e-06 [0.02217084]
0.020 1.00e-06 [0.0886951]
0.040 1.00e-06 [0.34604442]
0.060 1.00e-06 [0.73412664]
0.080 1.00e-06 [1.22452701]
0.100 1.00e-06 [1.77138293]
0.120 1.00e-06 [2.31452494]
0.140 1.00e-06 [2.80313226]
0.160 1.00e-06 [3.25398408]
0.180 1.00e-06 [3.58124148]
0.200 1.00e-06 [3.82996608]
0.220 1.00e-06 [3.85756109]
0.250 1.00e-06 [3.21927545]
0.270 1.00e-06 [2.81931256]
0.290 1.00e-06 [2.27078374]
0.310 1.00e-06 [2.16051789]
0.330 1.00e-06 [1.90941091]
0.350 1.00e-06 [1.65482521]
0.370 1.00e-06 [1.43764054]
0.390 1.00e-06 [1.31933289]
0.410 1.00e-06 [1.08862007]
0.430 1.00e-06 [0.96552568]
0.450 1.00e-06 [0.81299569]
0.470 1.00e-06 [0.72172736]
0.490 1.00e-06 [0.61986026]
0.510 1.00e-06 [0.48975357]
0.530 1.00e-06 [0.42357027]
0.550 1.00e-06 [0.31187768]
0.570 1.00e-06 [0.24624785]
0.590 1.00e-06 [0.15669523]
0.610 1.00e-06 [0.08964163]
0.630 1.00e-06 [0.0465408]
0.650 1.00e-06 [0.01427708]
0.670 1.00e-06 [0.00402355]
0.690 1.00e-06 [0.]
0.710 1.00e-06 [0.]
0.730 1.00e-06 [0.]
0.750 1.00e-06 [0.]
0.770 1.00e-06 [0.]
0.790 1.00e-06 [0.]
0.810 1.00e-06 [0.]
0.830 1.00e-06 [0.]
0.850 1.00e-06 [0.]
0.870 1.00e-06 [0.]
0.890 1.00e-06 [0.]
0.910 1.00e-06 [0.]
0.930 1.00e-06 [0.00057175]
0.950 1.00e-06 [0.00049263]
0.970 1.00e-06 [0.00041352]
0.990 1.00e-06 [0.]
1.010 1.00e-06 [0.]
1.030 1.00e-06 [0.]
1.050 1.00e-06 [0.]
1.070 1.00e-06 [0.]
1.090 1.00e-06 [0.]
1.110 1.00e-06 [0.]
1.130 1.00e-06 [0.]
1.150 1.00e-06 [0.]
1.170 1.00e-06 [0.]
1.190 1.00e-06 [0.]
1.210 1.00e-06 [0.]
1.230 1.00e-06 [0.]
1.250 1.00e-06 [0.]
1.270 1.00e-06 [0.]
1.290 1.00e-06 [0.]
1.310 1.00e-06 [0.]
1.330 1.00e-06 [0.]
1.350 1.00e-06 [0.]
1.370 1.00e-06 [0.]
1.390 1.00e-06 [0.]
1.410 1.00e-06 [0.]
1.430 1.00e-06 [0.]
1.450 1.00e-06 [0.]
1.470 1.00e-06 [0.]
1.490 1.00e-06 [0.]
0.001 1.99e-06 [0.00476097]
0.002 1.99e-06 [0.01396554]
0.003 1.99e-06 [0.03205733]
0.004 1.99e-06 [0.05681465]
0.005 1.99e-06 [0.08950722]
0.007 1.99e-06 [0.17362042]
0.010 1.99e-06 [0.349153]
0.020 1.99e-06 [1.36632148]
0.040 1.99e-06 [4.89761443]
0.060 1.99e-06 [9.07432174]
0.080 1.99e-06 [12.6128414]
0.100 1.99e-06 [14.55853718]
0.120 1.99e-06 [14.78180349]
0.140 1.99e-06 [13.73561773]
0.160 1.99e-06 [12.02059398]
0.180 1.99e-06 [10.29460485]
0.200 1.99e-06 [8.51235134]
0.220 1.99e-06 [4.28114492]
0.250 1.99e-06 [2.05261458]
0.270 1.99e-06 [1.34906442]
0.290 1.99e-06 [0.70644774]
0.310 1.99e-06 [0.5724518]
0.330 1.99e-06 [0.36867379]
0.350 1.99e-06 [0.22817679]
0.370 1.99e-06 [0.12900292]
0.390 1.99e-06 [0.08701154]
0.410 1.99e-06 [0.04270986]
0.430 1.99e-06 [0.02219677]
0.450 1.99e-06 [0.0102607]
0.470 1.99e-06 [0.0046459]
0.490 1.99e-06 [0.00220273]
0.510 1.99e-06 [0.0008235]
0.530 1.99e-06 [0.]
0.550 1.99e-06 [0.]
0.570 1.99e-06 [0.]
0.590 1.99e-06 [0.]
0.610 1.99e-06 [0.]
0.630 1.99e-06 [0.]
0.650 1.99e-06 [0.]
0.670 1.99e-06 [0.]
0.690 1.99e-06 [0.]
0.710 1.99e-06 [0.]
0.730 1.99e-06 [0.]
0.750 1.99e-06 [0.]
0.770 1.99e-06 [0.]
0.790 1.99e-06 [0.]
0.810 1.99e-06 [0.]
0.830 1.99e-06 [0.]
0.850 1.99e-06 [0.]
0.870 1.99e-06 [0.]
0.890 1.99e-06 [0.]
0.910 1.99e-06 [0.]
0.930 1.99e-06 [0.]
0.950 1.99e-06 [0.]
0.970 1.99e-06 [0.]
0.990 1.99e-06 [0.]
1.010 1.99e-06 [0.]
1.030 1.99e-06 [0.]
1.050 1.99e-06 [0.]
1.070 1.99e-06 [0.]
1.090 1.99e-06 [0.]
1.110 1.99e-06 [0.]
1.130 1.99e-06 [0.]
1.150 1.99e-06 [0.]
1.170 1.99e-06 [0.]
1.190 1.99e-06 [0.]
1.210 1.99e-06 [0.]
1.230 1.99e-06 [0.]
1.250 1.99e-06 [0.]
1.270 1.99e-06 [0.]
1.290 1.99e-06 [0.]
1.310 1.99e-06 [0.]
1.330 1.99e-06 [0.]
1.350 1.99e-06 [0.]
1.370 1.99e-06 [0.]
1.390 1.99e-06 [0.]
1.410 1.99e-06 [0.]
1.430 1.99e-06 [0.]
1.450 1.99e-06 [0.]
1.470 1.99e-06 [0.]
1.490 1.99e-06 [0.]
0.001 3.98e-06 [0.0770962]
0.002 3.98e-06 [0.21991397]
0.003 3.98e-06 [0.50428658]
0.004 3.98e-06 [0.89735478]
0.005 3.98e-06 [1.40796776]
0.007 3.98e-06 [2.71485292]
0.010 3.98e-06 [5.38306088]
0.020 3.98e-06 [19.36844024]
0.040 3.98e-06 [50.31306787]
0.060 3.98e-06 [58.1168268]
0.080 3.98e-06 [46.48116619]
0.100 3.98e-06 [31.01359639]
0.120 3.98e-06 [19.57857119]
0.140 3.98e-06 [12.49559062]
0.160 3.98e-06 [7.67215491]
0.180 3.98e-06 [4.78463495]
0.200 3.98e-06 [2.81774171]
0.220 3.98e-06 [0.41885201]
0.250 3.98e-06 [0.03529738]
0.270 3.98e-06 [0.00871126]
0.290 3.98e-06 [0.0015027]
0.310 3.98e-06 [0.]
0.330 3.98e-06 [0.]
0.350 3.98e-06 [0.]
0.370 3.98e-06 [0.]
0.390 3.98e-06 [0.]
0.410 3.98e-06 [0.]
0.430 3.98e-06 [0.]
0.450 3.98e-06 [0.]
0.470 3.98e-06 [0.]
0.490 3.98e-06 [0.]
0.510 3.98e-06 [0.]
0.530 3.98e-06 [0.]
0.550 3.98e-06 [0.]
0.570 3.98e-06 [0.]
0.590 3.98e-06 [0.]
0.610 3.98e-06 [0.]
0.630 3.98e-06 [0.]
0.650 3.98e-06 [0.]
0.670 3.98e-06 [0.]
0.690 3.98e-06 [0.]
0.710 3.98e-06 [0.]
0.730 3.98e-06 [0.]
0.750 3.98e-06 [0.]
0.770 3.98e-06 [0.]
0.790 3.98e-06 [0.]
0.810 3.98e-06 [0.]
0.830 3.98e-06 [0.]
0.850 3.98e-06 [0.]
0.870 3.98e-06 [0.]
0.890 3.98e-06 [0.]
0.910 3.98e-06 [0.]
0.930 3.98e-06 [0.]
0.950 3.98e-06 [0.]
0.970 3.98e-06 [0.]
0.990 3.98e-06 [0.]
1.010 3.98e-06 [0.]
1.030 3.98e-06 [0.]
1.050 3.98e-06 [0.]
1.070 3.98e-06 [0.]
1.090 3.98e-06 [0.]
1.110 3.98e-06 [0.]
1.130 3.98e-06 [0.]
1.150 3.98e-06 [0.]
1.170 3.98e-06 [0.]
1.190 3.98e-06 [0.]
1.210 3.98e-06 [0.]
1.230 3.98e-06 [0.]
1.250 3.98e-06 [0.]
1.270 3.98e-06 [0.]
1.290 3.98e-06 [0.]
1.310 3.98e-06 [0.]
1.330 3.98e-06 [0.]
1.350 3.98e-06 [0.]
1.370 3.98e-06 [0.]
1.390 3.98e-06 [0.]
1.410 3.98e-06 [0.]
1.430 3.98e-06 [0.]
1.450 3.98e-06 [0.]
1.470 3.98e-06 [0.]
1.490 3.98e-06 [0.]
0.001 7.94e-06 [1.22765897]
0.002 7.94e-06 [3.47166204]
0.003 7.94e-06 [7.91943165]
0.004 7.94e-06 [13.96722282]
0.005 7.94e-06 [21.68047453]
0.007 7.94e-06 [40.71986587]
0.010 7.94e-06 [76.36967987]
0.020 7.94e-06 [199.79119519]
0.040 7.94e-06 [184.00925813]
0.060 7.94e-06 [77.50255385]
0.080 7.94e-06 [28.57269251]
0.100 7.94e-06 [9.84026699]
0.120 7.94e-06 [2.97193736]
0.140 7.94e-06 [0.80876389]
0.160 7.94e-06 [0.18136774]
0.180 7.94e-06 [0.03153528]
0.200 7.94e-06 [0.00533392]
0.220 7.94e-06 [0.]
0.250 7.94e-06 [0.]
0.270 7.94e-06 [0.]
0.290 7.94e-06 [0.]
0.310 7.94e-06 [0.]
0.330 7.94e-06 [0.]
0.350 7.94e-06 [0.]
0.370 7.94e-06 [0.]
0.390 7.94e-06 [0.]
0.410 7.94e-06 [0.]
0.430 7.94e-06 [0.]
0.450 7.94e-06 [0.]
0.470 7.94e-06 [0.]
0.490 7.94e-06 [0.]
0.510 7.94e-06 [0.]
0.530 7.94e-06 [0.]
0.550 7.94e-06 [0.]
0.570 7.94e-06 [0.]
0.590 7.94e-06 [0.]
0.610 7.94e-06 [0.]
0.630 7.94e-06 [0.]
0.650 7.94e-06 [0.]
0.670 7.94e-06 [0.]
0.690 7.94e-06 [0.]
0.710 7.94e-06 [0.]
0.730 7.94e-06 [0.]
0.750 7.94e-06 [0.]
0.770 7.94e-06 [0.]
0.790 7.94e-06 [0.]
0.810 7.94e-06 [0.]
0.830 7.94e-06 [0.]
0.850 7.94e-06 [0.]
0.870 7.94e-06 [0.]
0.890 7.94e-06 [0.]
0.910 7.94e-06 [0.]
0.930 7.94e-06 [0.]
0.950 7.94e-06 [0.]
0.970 7.94e-06 [0.]
0.990 7.94e-06 [0.]
1.010 7.94e-06 [0.]
1.030 7.94e-06 [0.]
1.050 7.94e-06 [0.]
1.070 7.94e-06 [0.]
1.090 7.94e-06 [0.]
1.110 7.94e-06 [0.]
1.130 7.94e-06 [0.]
1.150 7.94e-06 [0.]
1.170 7.94e-06 [0.]
1.190 7.94e-06 [0.]
1.210 7.94e-06 [0.]
1.230 7.94e-06 [0.]
1.250 7.94e-06 [0.]
1.270 7.94e-06 [0.]
1.290 7.94e-06 [0.]
1.310 7.94e-06 [0.]
1.330 7.94e-06 [0.]
1.350 7.94e-06 [0.]
1.370 7.94e-06 [0.]
1.390 7.94e-06 [0.]
1.410 7.94e-06 [0.]
1.430 7.94e-06 [0.]
1.450 7.94e-06 [0.]
1.470 7.94e-06 [0.]
1.490 7.94e-06 [0.]
0.001 1.58e-05 [19.31076845]
0.002 1.58e-05 [54.0862311]
0.003 1.58e-05 [120.57249174]
0.004 1.58e-05 [206.16976832]
0.005 1.58e-05 [307.29270811]
0.007 1.58e-05 [520.1393744]
0.010 1.58e-05 [791.07409551]
0.020 1.58e-05 [737.4639341]
0.040 1.58e-05 [115.75055803]
0.060 1.58e-05 [11.44174954]
0.080 1.58e-05 [0.62086779]
0.100 1.58e-05 [0.02011187]
0.120 1.58e-05 [0.]
0.140 1.58e-05 [0.]
0.160 1.58e-05 [0.]
0.180 1.58e-05 [0.]
0.200 1.58e-05 [0.]
0.220 1.58e-05 [0.]
0.250 1.58e-05 [0.]
0.270 1.58e-05 [0.]
0.290 1.58e-05 [0.]
0.310 1.58e-05 [0.]
0.330 1.58e-05 [0.]
0.350 1.58e-05 [0.]
0.370 1.58e-05 [0.]
0.390 1.58e-05 [0.]
0.410 1.58e-05 [0.]
0.430 1.58e-05 [0.]
0.450 1.58e-05 [0.]
0.470 1.58e-05 [0.]
0.490 1.58e-05 [0.]
0.510 1.58e-05 [0.]
0.530 1.58e-05 [0.]
0.550 1.58e-05 [0.]
0.570 1.58e-05 [0.]
0.590 1.58e-05 [0.]
0.610 1.58e-05 [0.]
0.630 1.58e-05 [0.]
0.650 1.58e-05 [0.]
0.670 1.58e-05 [0.]
0.690 1.58e-05 [0.]
0.710 1.58e-05 [0.]
0.730 1.58e-05 [0.]
0.750 1.58e-05 [0.]
0.770 1.58e-05 [0.]
0.790 1.58e-05 [0.]
0.810 1.58e-05 [0.]
0.830 1.58e-05 [0.]
0.850 1.58e-05 [0.]
0.870 1.58e-05 [0.]
0.890 1.58e-05 [0.]
0.910 1.58e-05 [0.]
0.930 1.58e-05 [0.]
0.950 1.58e-05 [0.]
0.970 1.58e-05 [0.]
0.990 1.58e-05 [0.]
1.010 1.58e-05 [0.]
1.030 1.58e-05 [0.]
1.050 1.58e-05 [0.]
1.070 1.58e-05 [0.]
1.090 1.58e-05 [0.]
1.110 1.58e-05 [0.]
1.130 1.58e-05 [0.]
1.150 1.58e-05 [0.]
1.170 1.58e-05 [0.]
1.190 1.58e-05 [0.]
1.210 1.58e-05 [0.]
1.230 1.58e-05 [0.]
1.250 1.58e-05 [0.]
1.270 1.58e-05 [0.]
1.290 1.58e-05 [0.]
1.310 1.58e-05 [0.]
1.330 1.58e-05 [0.]
1.350 1.58e-05 [0.]
1.370 1.58e-05 [0.]
1.390 1.58e-05 [0.]
1.410 1.58e-05 [0.]
1.430 1.58e-05 [0.]
1.450 1.58e-05 [0.]
1.470 1.58e-05 [0.]
1.490 1.58e-05 [0.]
0.001 3.16e-05 [298.58003715]
0.002 3.16e-05 [799.88268115]
0.003 3.16e-05 [1632.14698788]
0.004 3.16e-05 [2474.54519444]
0.005 3.16e-05 [3167.97885147]
0.007 3.16e-05 [3707.68386579]
0.010 3.16e-05 [2960.00808646]
0.020 3.16e-05 [458.71647522]
0.040 3.16e-05 [2.79329474]
0.060 3.16e-05 [0.]
0.080 3.16e-05 [0.]
0.100 3.16e-05 [0.]
0.120 3.16e-05 [0.]
0.140 3.16e-05 [0.]
0.160 3.16e-05 [0.]
0.180 3.16e-05 [0.]
0.200 3.16e-05 [0.]
0.220 3.16e-05 [0.]
0.250 3.16e-05 [0.]
0.270 3.16e-05 [0.]
0.290 3.16e-05 [0.]
0.310 3.16e-05 [0.]
0.330 3.16e-05 [0.]
0.350 3.16e-05 [0.]
0.370 3.16e-05 [0.]
0.390 3.16e-05 [0.]
0.410 3.16e-05 [0.]
0.430 3.16e-05 [0.]
0.450 3.16e-05 [0.]
0.470 3.16e-05 [0.]
0.490 3.16e-05 [0.]
0.510 3.16e-05 [0.]
0.530 3.16e-05 [0.]
0.550 3.16e-05 [0.]
0.570 3.16e-05 [0.]
0.590 3.16e-05 [0.]
0.610 3.16e-05 [0.]
0.630 3.16e-05 [0.]
0.650 3.16e-05 [0.]
0.670 3.16e-05 [0.]
0.690 3.16e-05 [0.]
0.710 3.16e-05 [0.]
0.730 3.16e-05 [0.]
0.750 3.16e-05 [0.]
0.770 3.16e-05 [0.]
0.790 3.16e-05 [0.]
0.810 3.16e-05 [0.]
0.830 3.16e-05 [0.]
0.850 3.16e-05 [0.]
0.870 3.16e-05 [0.]
0.890 3.16e-05 [0.]
0.910 3.16e-05 [0.]
0.930 3.16e-05 [0.]
0.950 3.16e-05 [0.]
0.970 3.16e-05 [0.]
0.990 3.16e-05 [0.]
1.010 3.16e-05 [0.]
1.030 3.16e-05 [0.]
1.050 3.16e-05 [0.]
1.070 3.16e-05 [0.]
1.090 3.16e-05 [0.]
1.110 3.16e-05 [0.]
1.130 3.16e-05 [0.]
1.150 3.16e-05 [0.]
1.170 3.16e-05 [0.]
1.190 3.16e-05 [0.]
1.210 3.16e-05 [0.]
1.230 3.16e-05 [0.]
1.250 3.16e-05 [0.]
1.270 3.16e-05 [0.]
1.290 3.16e-05 [0.]
1.310 3.16e-05 [0.]
1.330 3.16e-05 [0.]
1.350 3.16e-05 [0.]
1.370 3.16e-05 [0.]
1.390 3.16e-05 [0.]
1.410 3.16e-05 [0.]
1.430 3.16e-05 [0.]
1.450 3.16e-05 [0.]
1.470 3.16e-05 [0.]
1.490 3.16e-05 [0.]
0.001 6.31e-05 [4296.83443026]
0.002 6.31e-05 [9672.49063538]
0.003 6.31e-05 [14247.79423625]
0.004 6.31e-05 [14358.95753872]
0.005 6.31e-05 [11651.47883121]
0.007 6.31e-05 [5957.08240033]
0.010 6.31e-05 [1862.44308896]
0.020 6.31e-05 [11.11390128]
0.040 6.31e-05 [0.]
0.060 6.31e-05 [0.]
0.080 6.31e-05 [0.]
0.100 6.31e-05 [0.]
0.120 6.31e-05 [0.]
0.140 6.31e-05 [0.]
0.160 6.31e-05 [0.]
0.180 6.31e-05 [0.]
0.200 6.31e-05 [0.]
0.220 6.31e-05 [0.]
0.250 6.31e-05 [0.]
0.270 6.31e-05 [0.]
0.290 6.31e-05 [0.]
0.310 6.31e-05 [0.]
0.330 6.31e-05 [0.]
0.350 6.31e-05 [0.]
0.370 6.31e-05 [0.]
0.390 6.31e-05 [0.]
0.410 6.31e-05 [0.]
0.430 6.31e-05 [0.]
0.450 6.31e-05 [0.]
0.470 6.31e-05 [0.]
0.490 6.31e-05 [0.]
0.510 6.31e-05 [0.]
0.530 6.31e-05 [0.]
0.550 6.31e-05 [0.]
0.570 6.31e-05 [0.]
0.590 6.31e-05 [0.]
0.610 6.31e-05 [0.]
0.630 6.31e-05 [0.]
0.650 6.31e-05 [0.]
0.670 6.31e-05 [0.]
0.690 6.31e-05 [0.]
0.710 6.31e-05 [0.]
0.730 6.31e-05 [0.]
0.750 6.31e-05 [0.]
0.770 6.31e-05 [0.]
0.790 6.31e-05 [0.]
0.810 6.31e-05 [0.]
0.830 6.31e-05 [0.]
0.850 6.31e-05 [0.]
0.870 6.31e-05 [0.]
0.890 6.31e-05 [0.]
0.910 6.31e-05 [0.]
0.930 6.31e-05 [0.]
0.950 6.31e-05 [0.]
0.970 6.31e-05 [0.]
0.990 6.31e-05 [0.]
1.010 6.31e-05 [0.]
1.030 6.31e-05 [0.]
1.050 6.31e-05 [0.]
1.070 6.31e-05 [0.]
1.090 6.31e-05 [0.]
1.110 6.31e-05 [0.]
1.130 6.31e-05 [0.]
1.150 6.31e-05 [0.]
1.170 6.31e-05 [0.]
1.190 6.31e-05 [0.]
1.210 6.31e-05 [0.]
1.230 6.31e-05 [0.]
1.250 6.31e-05 [0.]
1.270 6.31e-05 [0.]
1.290 6.31e-05 [0.]
1.310 6.31e-05 [0.]
1.330 6.31e-05 [0.]
1.350 6.31e-05 [0.]
1.370 6.31e-05 [0.]
1.390 6.31e-05 [0.]
1.410 6.31e-05 [0.]
1.430 6.31e-05 [0.]
1.450 6.31e-05 [0.]
1.470 6.31e-05 [0.]
1.490 6.31e-05 [0.]
0.001 1.26e-04 [46879.04874196]
0.002 1.26e-04 [57475.86917626]
0.003 1.26e-04 [34342.26618097]
0.004 1.26e-04 [16232.71346592]
0.005 1.26e-04 [7347.2810506]
0.007 1.26e-04 [1329.6782921]
0.010 1.26e-04 [45.50330724]
0.020 1.26e-04 [0.]
0.040 1.26e-04 [0.]
0.060 1.26e-04 [0.]
0.080 1.26e-04 [0.]
0.100 1.26e-04 [0.]
0.120 1.26e-04 [0.]
0.140 1.26e-04 [0.]
0.160 1.26e-04 [0.]
0.180 1.26e-04 [0.]
0.200 1.26e-04 [0.]
0.220 1.26e-04 [0.]
0.250 1.26e-04 [0.]
0.270 1.26e-04 [0.]
0.290 1.26e-04 [0.]
0.310 1.26e-04 [0.]
0.330 1.26e-04 [0.]
0.350 1.26e-04 [0.]
0.370 1.26e-04 [0.]
0.390 1.26e-04 [0.]
0.410 1.26e-04 [0.]
0.430 1.26e-04 [0.]
0.450 1.26e-04 [0.]
0.470 1.26e-04 [0.]
0.490 1.26e-04 [0.]
0.510 1.26e-04 [0.]
0.530 1.26e-04 [0.]
0.550 1.26e-04 [0.]
0.570 1.26e-04 [0.]
0.590 1.26e-04 [0.]
0.610 1.26e-04 [0.]
0.630 1.26e-04 [0.]
0.650 1.26e-04 [0.]
0.670 1.26e-04 [0.]
0.690 1.26e-04 [0.]
0.710 1.26e-04 [0.]
0.730 1.26e-04 [0.]
0.750 1.26e-04 [0.]
0.770 1.26e-04 [0.]
0.790 1.26e-04 [0.]
0.810 1.26e-04 [0.]
0.830 1.26e-04 [0.]
0.850 1.26e-04 [0.]
0.870 1.26e-04 [0.]
0.890 1.26e-04 [0.]
0.910 1.26e-04 [0.]
0.930 1.26e-04 [0.]
0.950 1.26e-04 [0.]
0.970 1.26e-04 [0.]
0.990 1.26e-04 [0.]
1.010 1.26e-04 [0.]
1.030 1.26e-04 [0.]
1.050 1.26e-04 [0.]
1.070 1.26e-04 [0.]
1.090 1.26e-04 [0.]
1.110 1.26e-04 [0.]
1.130 1.26e-04 [0.]
1.150 1.26e-04 [0.]
1.170 1.26e-04 [0.]
1.190 1.26e-04 [0.]
1.210 1.26e-04 [0.]
1.230 1.26e-04 [0.]
1.250 1.26e-04 [0.]
1.270 1.26e-04 [0.]
1.290 1.26e-04 [0.]
1.310 1.26e-04 [0.]
1.330 1.26e-04 [0.]
1.350 1.26e-04 [0.]
1.370 1.26e-04 [0.]
1.390 1.26e-04 [0.]
1.410 1.26e-04 [0.]
1.430 1.26e-04 [0.]
1.450 1.26e-04 [0.]
1.470 1.26e-04 [0.]
1.490 1.26e-04 [0.]
0.001 2.51e-04 [202488.13587824]
0.002 2.51e-04 [67596.74790744]
0.003 2.51e-04 [12614.6652374]
0.004 2.51e-04 [1821.50882227]
0.005 2.51e-04 [191.2088524]
0.007 2.51e-04 [0.]
0.010 2.51e-04 [0.]
0.020 2.51e-04 [0.]
0.040 2.51e-04 [0.]
0.060 2.51e-04 [0.]
0.080 2.51e-04 [0.]
0.100 2.51e-04 [0.]
0.120 2.51e-04 [0.]
0.140 2.51e-04 [0.]
0.160 2.51e-04 [0.]
0.180 2.51e-04 [0.]
0.200 2.51e-04 [0.]
0.220 2.51e-04 [0.]
0.250 2.51e-04 [0.]
0.270 2.51e-04 [0.]
0.290 2.51e-04 [0.]
0.310 2.51e-04 [0.]
0.330 2.51e-04 [0.]
0.350 2.51e-04 [0.]
0.370 2.51e-04 [0.]
0.390 2.51e-04 [0.]
0.410 2.51e-04 [0.]
0.430 2.51e-04 [0.]
0.450 2.51e-04 [0.]
0.470 2.51e-04 [0.]
0.490 2.51e-04 [0.]
0.510 2.51e-04 [0.]
0.530 2.51e-04 [0.]
0.550 2.51e-04 [0.]
0.570 2.51e-04 [0.]
0.590 2.51e-04 [0.]
0.610 2.51e-04 [0.]
0.630 2.51e-04 [0.]
0.650 2.51e-04 [0.]
0.670 2.51e-04 [0.]
0.690 2.51e-04 [0.]
0.710 2.51e-04 [0.]
0.730 2.51e-04 [0.]
0.750 2.51e-04 [0.]
0.770 2.51e-04 [0.]
0.790 2.51e-04 [0.]
0.810 2.51e-04 [0.]
0.830 2.51e-04 [0.]
0.850 2.51e-04 [0.]
0.870 2.51e-04 [0.]
0.890 2.51e-04 [0.]
0.910 2.51e-04 [0.]
0.930 2.51e-04 [0.]
0.950 2.51e-04 [0.]
0.970 2.51e-04 [0.]
0.990 2.51e-04 [0.]
1.010 2.51e-04 [0.]
1.030 2.51e-04 [0.]
1.050 2.51e-04 [0.]
1.070 2.51e-04 [0.]
1.090 2.51e-04 [0.]
1.110 2.51e-04 [0.]
1.130 2.51e-04 [0.]
1.150 2.51e-04 [0.]
1.170 2.51e-04 [0.]
1.190 2.51e-04 [0.]
1.210 2.51e-04 [0.]
1.230 2.51e-04 [0.]
1.250 2.51e-04 [0.]
1.270 2.51e-04 [0.]
1.290 2.51e-04 [0.]
1.310 2.51e-04 [0.]
1.330 2.51e-04 [0.]
1.350 2.51e-04 [0.]
1.370 2.51e-04 [0.]
1.390 2.51e-04 [0.]
1.410 2.51e-04 [0.]
1.430 2.51e-04 [0.]
1.450 2.51e-04 [0.]
1.470 2.51e-04 [0.]
1.490 2.51e-04 [0.]
0.001 5.01e-04 [150959.09253119]
0.002 5.01e-04 [8593.61932845]
0.003 5.01e-04 [40.06357985]
0.004 5.01e-04 [0.]
0.005 5.01e-04 [0.]
0.007 5.01e-04 [0.]
0.010 5.01e-04 [0.]
0.020 5.01e-04 [0.]
0.040 5.01e-04 [0.]
0.060 5.01e-04 [0.]
0.080 5.01e-04 [0.]
0.100 5.01e-04 [0.]
0.120 5.01e-04 [0.]
0.140 5.01e-04 [0.]
0.160 5.01e-04 [0.]
0.180 5.01e-04 [0.]
0.200 5.01e-04 [0.]
0.220 5.01e-04 [0.]
0.250 5.01e-04 [0.]
0.270 5.01e-04 [0.]
0.290 5.01e-04 [0.]
0.310 5.01e-04 [0.]
0.330 5.01e-04 [0.]
0.350 5.01e-04 [0.]
0.370 5.01e-04 [0.]
0.390 5.01e-04 [0.]
0.410 5.01e-04 [0.]
0.430 5.01e-04 [0.]
0.450 5.01e-04 [0.]
0.470 5.01e-04 [0.]
0.490 5.01e-04 [0.]
0.510 5.01e-04 [0.]
0.530 5.01e-04 [0.]
0.550 5.01e-04 [0.]
0.570 5.01e-04 [0.]
0.590 5.01e-04 [0.]
0.610 5.01e-04 [0.]
0.630 5.01e-04 [0.]
0.650 5.01e-04 [0.]
0.670 5.01e-04 [0.]
0.690 5.01e-04 [0.]
0.710 5.01e-04 [0.]
0.730 5.01e-04 [0.]
0.750 5.01e-04 [0.]
0.770 5.01e-04 [0.]
0.790 5.01e-04 [0.]
0.810 5.01e-04 [0.]
0.830 5.01e-04 [0.]
0.850 5.01e-04 [0.]
0.870 5.01e-04 [0.]
0.890 5.01e-04 [0.]
0.910 5.01e-04 [0.]
0.930 5.01e-04 [0.]
0.950 5.01e-04 [0.]
0.970 5.01e-04 [0.]
0.990 5.01e-04 [0.]
1.010 5.01e-04 [0.]
1.030 5.01e-04 [0.]
1.050 5.01e-04 [0.]
1.070 5.01e-04 [0.]
1.090 5.01e-04 [0.]
1.110 5.01e-04 [0.]
1.130 5.01e-04 [0.]
1.150 5.01e-04 [0.]
1.170 5.01e-04 [0.]
1.190 5.01e-04 [0.]
1.210 5.01e-04 [0.]
1.230 5.01e-04 [0.]
1.250 5.01e-04 [0.]
1.270 5.01e-04 [0.]
1.290 5.01e-04 [0.]
1.310 5.01e-04 [0.]
1.330 5.01e-04 [0.]
1.350 5.01e-04 [0.]
1.370 5.01e-04 [0.]
1.390 5.01e-04 [0.]
1.410 5.01e-04 [0.]
1.430 5.01e-04 [0.]
1.450 5.01e-04 [0.]
1.470 5.01e-04 [0.]
1.490 5.01e-04 [0.]
0.001 1.00e-03 [6300.07736843]
0.002 1.00e-03 [0.]
0.003 1.00e-03 [0.]
0.004 1.00e-03 [0.]
0.005 1.00e-03 [0.]
0.007 1.00e-03 [0.]
0.010 1.00e-03 [0.]
0.020 1.00e-03 [0.]
0.040 1.00e-03 [0.]
0.060 1.00e-03 [0.]
0.080 1.00e-03 [0.]
0.100 1.00e-03 [0.]
0.120 1.00e-03 [0.]
0.140 1.00e-03 [0.]
0.160 1.00e-03 [0.]
0.180 1.00e-03 [0.]
0.200 1.00e-03 [0.]
0.220 1.00e-03 [0.]
0.250 1.00e-03 [0.]
0.270 1.00e-03 [0.]
0.290 1.00e-03 [0.]
0.310 1.00e-03 [0.]
0.330 1.00e-03 [0.]
0.350 1.00e-03 [0.]
0.370 1.00e-03 [0.]
0.390 1.00e-03 [0.]
0.410 1.00e-03 [0.]
0.430 1.00e-03 [0.]
0.450 1.00e-03 [0.]
0.470 1.00e-03 [0.]
0.490 1.00e-03 [0.]
0.510 1.00e-03 [0.]
0.530 1.00e-03 [0.]
0.550 1.00e-03 [0.]
0.570 1.00e-03 [0.]
0.590 1.00e-03 [0.]
0.610 1.00e-03 [0.]
0.630 1.00e-03 [0.]
0.650 1.00e-03 [0.]
0.670 1.00e-03 [0.]
0.690 1.00e-03 [0.]
0.710 1.00e-03 [0.]
0.730 1.00e-03 [0.]
0.750 1.00e-03 [0.]
0.770 1.00e-03 [0.]
0.790 1.00e-03 [0.]
0.810 1.00e-03 [0.]
0.830 1.00e-03 [0.]
0.850 1.00e-03 [0.]
0.870 1.00e-03 [0.]
0.890 1.00e-03 [0.]
0.910 1.00e-03 [0.]
0.930 1.00e-03 [0.]
0.950 1.00e-03 [0.]
0.970 1.00e-03 [0.]
0.990 1.00e-03 [0.]
1.010 1.00e-03 [0.]
1.030 1.00e-03 [0.]
1.050 1.00e-03 [0.]
1.070 1.00e-03 [0.]
1.090 1.00e-03 [0.]
1.110 1.00e-03 [0.]
1.130 1.00e-03 [0.]
1.150 1.00e-03 [0.]
1.170 1.00e-03 [0.]
1.190 1.00e-03 [0.]
1.210 1.00e-03 [0.]
1.230 1.00e-03 [0.]
1.250 1.00e-03 [0.]
1.270 1.00e-03 [0.]
1.290 1.00e-03 [0.]
1.310 1.00e-03 [0.]
1.330 1.00e-03 [0.]
1.350 1.00e-03 [0.]
1.370 1.00e-03 [0.]
1.390 1.00e-03 [0.]
1.410 1.00e-03 [0.]
1.430 1.00e-03 [0.]
1.450 1.00e-03 [0.]
1.470 1.00e-03 [0.]
1.490 1.00e-03 [0.]
0.001 1.00e-09 [0.]
0.002 1.00e-09 [0.]
0.003 1.00e-09 [0.]
0.004 1.00e-09 [0.]
0.005 1.00e-09 [0.]
0.007 1.00e-09 [0.]
0.010 1.00e-09 [0.]
0.020 1.00e-09 [0.]
0.040 1.00e-09 [0.]
0.060 1.00e-09 [0.]
0.080 1.00e-09 [0.]
0.100 1.00e-09 [0.]
0.120 1.00e-09 [0.]
0.140 1.00e-09 [0.]
0.160 1.00e-09 [0.]
0.180 1.00e-09 [0.]
0.200 1.00e-09 [0.]
0.220 1.00e-09 [0.]
0.250 1.00e-09 [0.]
0.270 1.00e-09 [0.]
0.290 1.00e-09 [0.]
0.310 1.00e-09 [0.]
0.330 1.00e-09 [1.02695149e-10]
0.350 1.00e-09 [1.0776408e-10]
0.370 1.00e-09 [1.13728387e-10]
0.390 1.00e-09 [1.20784848e-10]
0.410 1.00e-09 [1.29289794e-10]
0.430 1.00e-09 [1.39426091e-10]
0.450 1.00e-09 [1.51650007e-10]
0.470 1.00e-09 [1.66757707e-10]
0.490 1.00e-09 [1.84482221e-10]
0.510 1.00e-09 [4.13817975e-10]
0.530 1.00e-09 [4.70372317e-10]
0.550 1.00e-09 [5.42395961e-10]
0.570 1.00e-09 [6.34659418e-10]
0.590 1.00e-09 [1.12730383e-09]
0.610 1.00e-09 [1.379102e-09]
0.630 1.00e-09 [2.3270401e-09]
0.650 1.00e-09 [3.75712634e-09]
0.670 1.00e-09 [6.03531852e-09]
0.690 1.00e-09 [1.06785267e-08]
0.710 1.00e-09 [2.28713422e-08]
0.730 1.00e-09 [6.35612783e-08]
0.750 1.00e-09 [8.41033762e-07]
0.770 1.00e-09 [2.69823537e-06]
0.790 1.00e-09 [1.69128974e-06]
0.810 1.00e-09 [5.75010885e-08]
0.830 1.00e-09 [3.17487041e-08]
0.850 1.00e-09 [1.52357918e-08]
0.870 1.00e-09 [1.02417039e-08]
0.890 1.00e-09 [6.29703909e-09]
0.910 1.00e-09 [5.132759e-09]
0.930 1.00e-09 [4.00222065e-09]
0.950 1.00e-09 [3.44844471e-09]
0.970 1.00e-09 [2.89466876e-09]
0.990 1.00e-09 [2.57769314e-09]
1.010 1.00e-09 [3.27418239e-09]
1.030 1.00e-09 [3.87843035e-09]
1.050 1.00e-09 [2.21411481e-09]
1.070 1.00e-09 [2.06062766e-09]
1.090 1.00e-09 [1.97090735e-09]
1.110 1.00e-09 [1.88118705e-09]
1.130 1.00e-09 [1.81667845e-09]
1.150 1.00e-09 [1.98116241e-09]
1.170 1.00e-09 [1.91476498e-09]
1.190 1.00e-09 [1.82352934e-09]
1.210 1.00e-09 [1.92477079e-09]
1.230 1.00e-09 [1.78773505e-09]
1.250 1.00e-09 [1.59795017e-09]
1.270 1.00e-09 [1.54898182e-09]
1.290 1.00e-09 [1.45352813e-09]
1.310 1.00e-09 [1.21018197e-09]
1.330 1.00e-09 [1.04740547e-09]
1.350 1.00e-09 [8.40945994e-10]
1.370 1.00e-09 [7.32429993e-10]
1.390 1.00e-09 [5.99170543e-10]
1.410 1.00e-09 [4.87051155e-10]
1.430 1.00e-09 [3.9684142e-10]
1.450 1.00e-09 [3.25796166e-10]
1.470 1.00e-09 [2.66366128e-10]
1.490 1.00e-09 [2.21981487e-10]
0.001 2.00e-09 [0.]
0.002 2.00e-09 [0.]
0.003 2.00e-09 [0.]
0.004 2.00e-09 [0.]
0.005 2.00e-09 [0.]
0.007 2.00e-09 [0.]
0.010 2.00e-09 [0.]
0.020 2.00e-09 [0.]
0.040 2.00e-09 [0.]
0.060 2.00e-09 [0.]
0.080 2.00e-09 [0.]
0.100 2.00e-09 [0.]
0.120 2.00e-09 [0.]
0.140 2.00e-09 [0.]
0.160 2.00e-09 [0.]
0.180 2.00e-09 [0.]
0.200 2.00e-09 [0.]
0.220 2.00e-09 [3.44348234e-10]
0.250 2.00e-09 [3.56351057e-10]
0.270 2.00e-09 [3.66441925e-10]
0.290 2.00e-09 [7.58539812e-10]
0.310 2.00e-09 [7.87038073e-10]
0.330 2.00e-09 [8.21561196e-10]
0.350 2.00e-09 [1.29316896e-09]
0.370 2.00e-09 [1.36474065e-09]
0.390 2.00e-09 [1.44941817e-09]
0.410 2.00e-09 [2.06863671e-09]
0.430 2.00e-09 [2.23081745e-09]
0.450 2.00e-09 [3.03300015e-09]
0.470 2.00e-09 [3.33515414e-09]
0.490 2.00e-09 [4.4275733e-09]
0.510 2.00e-09 [5.79345165e-09]
0.530 2.00e-09 [6.58521244e-09]
0.550 2.00e-09 [8.67833538e-09]
0.570 2.00e-09 [1.14238695e-08]
0.590 2.00e-09 [1.65337895e-08]
0.610 2.00e-09 [2.39044347e-08]
0.630 2.00e-09 [3.49056015e-08]
0.650 2.00e-09 [5.41026193e-08]
0.670 2.00e-09 [8.8518005e-08]
0.690 2.00e-09 [1.70856427e-07]
0.710 2.00e-09 [3.76106516e-07]
0.730 2.00e-09 [9.9579336e-07]
0.750 2.00e-09 [1.34565402e-05]
0.770 2.00e-09 [4.31717659e-05]
0.790 2.00e-09 [2.66626853e-05]
0.810 2.00e-09 [9.20017417e-07]
0.830 2.00e-09 [5.20678747e-07]
0.850 2.00e-09 [2.43772668e-07]
0.870 2.00e-09 [1.63867262e-07]
0.890 2.00e-09 [1.04350933e-07]
0.910 2.00e-09 [8.21241439e-08]
0.930 2.00e-09 [6.17485472e-08]
0.950 2.00e-09 [5.12340356e-08]
0.970 2.00e-09 [4.30065073e-08]
0.990 2.00e-09 [3.97701228e-08]
1.010 2.00e-09 [5.36965911e-08]
1.030 2.00e-09 [6.08615224e-08]
1.050 2.00e-09 [3.54258369e-08]
1.070 2.00e-09 [3.19397288e-08]
1.090 2.00e-09 [3.15345177e-08]
1.110 2.00e-09 [3.00989928e-08]
1.130 2.00e-09 [2.99751943e-08]
1.150 2.00e-09 [2.99375652e-08]
1.170 2.00e-09 [2.9785233e-08]
1.190 2.00e-09 [2.9986927e-08]
1.210 2.00e-09 [3.00264242e-08]
1.230 2.00e-09 [2.86037607e-08]
1.250 2.00e-09 [2.68455629e-08]
1.270 2.00e-09 [2.47837092e-08]
1.290 2.00e-09 [2.22874313e-08]
1.310 2.00e-09 [1.93629116e-08]
1.330 2.00e-09 [1.61139303e-08]
1.350 2.00e-09 [1.37138885e-08]
1.370 2.00e-09 [1.19281456e-08]
1.390 2.00e-09 [9.42694987e-09]
1.410 2.00e-09 [7.67105569e-09]
1.430 2.00e-09 [6.44867308e-09]
1.450 2.00e-09 [5.28939658e-09]
1.470 2.00e-09 [4.14970389e-09]
1.490 2.00e-09 [3.55170379e-09]
0.001 4.00e-09 [0.]
0.002 4.00e-09 [0.]
0.003 4.00e-09 [0.]
0.004 4.00e-09 [0.]
0.005 4.00e-09 [0.]
0.007 4.00e-09 [0.]
0.010 4.00e-09 [0.]
0.020 4.00e-09 [0.]
0.040 4.00e-09 [0.]
0.060 4.00e-09 [0.]
0.080 4.00e-09 [0.]
0.100 4.00e-09 [0.]
0.120 4.00e-09 [1.28835232e-09]
0.140 4.00e-09 [1.29812203e-09]
0.160 4.00e-09 [1.31414371e-09]
0.180 4.00e-09 [1.33289594e-09]
0.200 4.00e-09 [2.70537536e-09]
0.220 4.00e-09 [4.1321788e-09]
0.250 4.00e-09 [7.12702113e-09]
0.270 4.00e-09 [8.79460621e-09]
0.290 4.00e-09 [1.06195574e-08]
0.310 4.00e-09 [1.25926092e-08]
0.330 4.00e-09 [1.47881015e-08]
0.350 4.00e-09 [1.72422528e-08]
0.370 4.00e-09 [2.18358504e-08]
0.390 4.00e-09 [2.51232484e-08]
0.410 4.00e-09 [3.10295506e-08]
0.430 4.00e-09 [3.79238966e-08]
0.450 4.00e-09 [4.61016022e-08]
0.470 4.00e-09 [5.60305895e-08]
0.490 4.00e-09 [7.08411729e-08]
0.510 4.00e-09 [8.60741387e-08]
0.530 4.00e-09 [1.12889356e-07]
0.550 4.00e-09 [1.47531701e-07]
0.570 4.00e-09 [1.87859188e-07]
0.590 4.00e-09 [2.58528346e-07]
0.610 4.00e-09 [3.67760533e-07]
0.630 4.00e-09 [5.58489625e-07]
0.650 4.00e-09 [8.77664713e-07]
0.670 4.00e-09 [1.43238226e-06]
0.690 4.00e-09 [2.7581109e-06]
0.710 4.00e-09 [5.97704409e-06]
0.730 4.00e-09 [1.5763197e-05]
0.750 4.00e-09 [0.00021434]
0.770 4.00e-09 [0.00069075]
0.790 4.00e-09 [0.00042024]
0.810 4.00e-09 [1.47969468e-05]
0.830 4.00e-09 [8.33085996e-06]
0.850 4.00e-09 [3.84619099e-06]
0.870 4.00e-09 [2.62187619e-06]
0.890 4.00e-09 [1.66961494e-06]
0.910 4.00e-09 [1.30225428e-06]
0.930 4.00e-09 [9.69680889e-07]
0.950 4.00e-09 [8.1974457e-07]
0.970 4.00e-09 [6.94720502e-07]
0.990 4.00e-09 [6.24538225e-07]
1.010 4.00e-09 [8.59145458e-07]
1.030 4.00e-09 [9.73784358e-07]
1.050 4.00e-09 [5.66813391e-07]
1.070 4.00e-09 [5.06914405e-07]
1.090 4.00e-09 [4.96668653e-07]
1.110 4.00e-09 [4.81583884e-07]
1.130 4.00e-09 [4.7960311e-07]
1.150 4.00e-09 [4.79001044e-07]
1.170 4.00e-09 [4.73159702e-07]
1.190 4.00e-09 [4.70065342e-07]
1.210 4.00e-09 [4.74263521e-07]
1.230 4.00e-09 [4.60520548e-07]
1.250 4.00e-09 [4.21858845e-07]
1.270 4.00e-09 [3.98792411e-07]
1.290 4.00e-09 [3.54660864e-07]
1.310 4.00e-09 [3.09806586e-07]
1.330 4.00e-09 [2.57822885e-07]
1.350 4.00e-09 [2.16317185e-07]
1.370 4.00e-09 [1.88339141e-07]
1.390 4.00e-09 [1.49552967e-07]
1.410 4.00e-09 [1.21275738e-07]
1.430 4.00e-09 [1.03178769e-07]
1.450 4.00e-09 [8.43237136e-08]
1.470 4.00e-09 [6.59466457e-08]
1.490 4.00e-09 [5.68272606e-08]
0.001 8.00e-09 [0.]
0.002 8.00e-09 [0.]
0.003 8.00e-09 [0.]
0.004 8.00e-09 [0.]
0.005 8.00e-09 [0.]
0.007 8.00e-09 [0.]
0.010 8.00e-09 [0.]
0.020 8.00e-09 [0.]
0.040 8.00e-09 [0.]
0.060 8.00e-09 [5.08761288e-09]
0.080 8.00e-09 [5.10286032e-09]
0.100 8.00e-09 [1.02484639e-08]
0.120 8.00e-09 [1.54602278e-08]
0.140 8.00e-09 [1.55774644e-08]
0.160 8.00e-09 [2.10262993e-08]
0.180 8.00e-09 [3.19895027e-08]
0.200 8.00e-09 [3.78752551e-08]
0.220 8.00e-09 [6.61148609e-08]
0.250 8.00e-09 [1.02629104e-07]
0.270 8.00e-09 [1.28987558e-07]
0.290 8.00e-09 [1.75981236e-07]
0.310 8.00e-09 [1.95185442e-07]
0.330 8.00e-09 [2.36609624e-07]
0.350 8.00e-09 [2.82772945e-07]
0.370 8.00e-09 [3.42094989e-07]
0.390 8.00e-09 [4.09702204e-07]
0.410 8.00e-09 [4.96472809e-07]
0.430 8.00e-09 [6.06782346e-07]
0.450 8.00e-09 [7.37625636e-07]
0.470 8.00e-09 [8.96489432e-07]
0.490 8.00e-09 [1.10984504e-06]
0.510 8.00e-09 [1.39042839e-06]
0.530 8.00e-09 [1.77612587e-06]
0.550 8.00e-09 [2.32579388e-06]
0.570 8.00e-09 [3.005747e-06]
0.590 8.00e-09 [4.13645353e-06]
0.610 8.00e-09 [5.88416853e-06]
0.630 8.00e-09 [8.82413607e-06]
0.650 8.00e-09 [1.40426354e-05]
0.670 8.00e-09 [2.28537395e-05]
0.690 8.00e-09 [4.38368777e-05]
0.710 8.00e-09 [9.48195022e-05]
0.730 8.00e-09 [0.00024916]
0.750 8.00e-09 [0.00339874]
0.770 8.00e-09 [0.01090976]
0.790 8.00e-09 [0.00665373]
0.810 8.00e-09 [0.00023399]
0.830 8.00e-09 [0.00013207]
0.850 8.00e-09 [6.09973387e-05]
0.870 8.00e-09 [4.15403509e-05]
0.890 8.00e-09 [2.65411202e-05]
0.910 8.00e-09 [2.06952843e-05]
0.930 8.00e-09 [1.53319356e-05]
0.950 8.00e-09 [1.29897986e-05]
0.970 8.00e-09 [1.09832003e-05]
0.990 8.00e-09 [9.92190915e-06]
1.010 8.00e-09 [1.35786892e-05]
1.030 8.00e-09 [1.54468931e-05]
1.050 8.00e-09 [9.0158755e-06]
1.070 8.00e-09 [8.06117541e-06]
1.090 8.00e-09 [7.86786216e-06]
1.110 8.00e-09 [7.66019366e-06]
1.130 8.00e-09 [7.61551604e-06]
1.150 8.00e-09 [7.59357537e-06]
1.170 8.00e-09 [7.50247469e-06]
1.190 8.00e-09 [7.48214351e-06]
1.210 8.00e-09 [7.50198661e-06]
1.230 8.00e-09 [7.27679673e-06]
1.250 8.00e-09 [6.68838023e-06]
1.270 8.00e-09 [6.31759278e-06]
1.290 8.00e-09 [5.60480447e-06]
1.310 8.00e-09 [4.90527094e-06]
1.330 8.00e-09 [4.07360158e-06]
1.350 8.00e-09 [3.43209467e-06]
1.370 8.00e-09 [2.97659549e-06]
1.390 8.00e-09 [2.36472641e-06]
1.410 8.00e-09 [1.91898155e-06]
1.430 8.00e-09 [1.63181192e-06]
1.450 8.00e-09 [1.32955499e-06]
1.470 8.00e-09 [1.0407906e-06]
1.490 8.00e-09 [8.96524808e-07]
0.001 1.60e-08 [0.]
0.002 1.60e-08 [0.]
0.003 1.60e-08 [0.]
0.004 1.60e-08 [0.]
0.005 1.60e-08 [0.]
0.007 1.60e-08 [0.]
0.010 1.60e-08 [0.]
0.020 1.60e-08 [0.]
0.040 1.60e-08 [2.04306671e-08]
0.060 1.60e-08 [6.10513545e-08]
0.080 1.60e-08 [8.16457651e-08]
0.100 1.60e-08 [1.43478494e-07]
0.120 1.60e-08 [2.06136371e-07]
0.140 1.60e-08 [2.90779335e-07]
0.160 1.60e-08 [3.78473387e-07]
0.180 1.60e-08 [4.69179372e-07]
0.200 1.60e-08 [5.84361078e-07]
0.220 1.60e-08 [1.0137612e-06]
0.250 1.60e-08 [1.66487214e-06]
0.270 1.60e-08 [2.08725321e-06]
0.290 1.60e-08 [2.79142651e-06]
0.310 1.60e-08 [3.12296707e-06]
0.330 1.60e-08 [3.75946403e-06]
0.350 1.60e-08 [4.52436712e-06]
0.370 1.60e-08 [5.47351983e-06]
0.390 1.60e-08 [6.4624725e-06]
0.410 1.60e-08 [7.94356495e-06]
0.430 1.60e-08 [9.6014383e-06]
0.450 1.60e-08 [1.1685543e-05]
0.470 1.60e-08 [1.4258451e-05]
0.490 1.60e-08 [1.76158383e-05]
0.510 1.60e-08 [2.20349795e-05]
0.530 1.60e-08 [2.81169756e-05]
0.550 1.60e-08 [3.68655687e-05]
0.570 1.60e-08 [4.77670064e-05]
0.590 1.60e-08 [6.57022735e-05]
0.610 1.60e-08 [9.33229129e-05]
0.630 1.60e-08 [0.0001394]
0.650 1.60e-08 [0.0002218]
0.670 1.60e-08 [0.00036077]
0.690 1.60e-08 [0.00068967]
0.710 1.60e-08 [0.00148589]
0.730 1.60e-08 [0.003893]
0.750 1.60e-08 [0.05285729]
0.770 1.60e-08 [0.168827]
0.790 1.60e-08 [0.10297049]
0.810 1.60e-08 [0.00365063]
0.830 1.60e-08 [0.00206605]
0.850 1.60e-08 [0.00095732]
0.870 1.60e-08 [0.00065219]
0.890 1.60e-08 [0.00041706]
0.910 1.60e-08 [0.00032549]
0.930 1.60e-08 [0.00024151]
0.950 1.60e-08 [0.00020443]
0.970 1.60e-08 [0.00017287]
0.990 1.60e-08 [0.00015639]
1.010 1.60e-08 [0.00021257]
1.030 1.60e-08 [0.00024051]
1.050 1.60e-08 [0.00014163]
1.070 1.60e-08 [0.00012667]
1.090 1.60e-08 [0.00012349]
1.110 1.60e-08 [0.00012022]
1.130 1.60e-08 [0.00011946]
1.150 1.60e-08 [0.00011913]
1.170 1.60e-08 [0.00011764]
1.190 1.60e-08 [0.00011717]
1.210 1.60e-08 [0.00011747]
1.230 1.60e-08 [0.00011391]
1.250 1.60e-08 [0.0001046]
1.270 1.60e-08 [9.86301503e-05]
1.290 1.60e-08 [8.7475261e-05]
1.310 1.60e-08 [7.64964094e-05]
1.330 1.60e-08 [6.34863072e-05]
1.350 1.60e-08 [5.33899793e-05]
1.370 1.60e-08 [4.62326553e-05]
1.390 1.60e-08 [3.6690328e-05]
1.410 1.60e-08 [2.97296025e-05]
1.430 1.60e-08 [2.52518133e-05]
1.450 1.60e-08 [2.0546776e-05]
1.470 1.60e-08 [1.6038942e-05]
1.490 1.60e-08 [1.38000516e-05]
0.001 3.20e-08 [0.]
0.002 3.20e-08 [0.]
0.003 3.20e-08 [0.]
0.004 3.20e-08 [0.]
0.005 3.20e-08 [0.]
0.007 3.20e-08 [0.]
0.010 3.20e-08 [0.]
0.020 3.20e-08 [8.16760622e-08]
0.040 3.20e-08 [4.08613343e-07]
0.060 3.20e-08 [8.1401806e-07]
0.080 3.20e-08 [1.46962377e-06]
0.100 3.20e-08 [2.29565591e-06]
0.120 3.20e-08 [3.29818194e-06]
0.140 3.20e-08 [4.48630974e-06]
0.160 3.20e-08 [5.971469e-06]
0.180 3.20e-08 [7.50686996e-06]
0.200 3.20e-08 [9.43634926e-06]
0.220 3.20e-08 [1.62201792e-05]
0.250 3.20e-08 [2.63642766e-05]
0.270 3.20e-08 [3.3208433e-05]
0.290 3.20e-08 [4.41773586e-05]
0.310 3.20e-08 [4.95645097e-05]
0.330 3.20e-08 [5.95204655e-05]
0.350 3.20e-08 [7.19484723e-05]
0.370 3.20e-08 [8.66446543e-05]
0.390 3.20e-08 [0.00010253]
0.410 3.20e-08 [0.00012577]
0.430 3.20e-08 [0.00015205]
0.450 3.20e-08 [0.00018464]
0.470 3.20e-08 [0.00022472]
0.490 3.20e-08 [0.00027808]
0.510 3.20e-08 [0.00034726]
0.530 3.20e-08 [0.00044241]
0.550 3.20e-08 [0.00057846]
0.570 3.20e-08 [0.000749]
0.590 3.20e-08 [0.00102776]
0.610 3.20e-08 [0.00145551]
0.630 3.20e-08 [0.00216485]
0.650 3.20e-08 [0.00342486]
0.670 3.20e-08 [0.00553331]
0.690 3.20e-08 [0.01047243]
0.710 3.20e-08 [0.02224924]
0.730 3.20e-08 [0.05734685]
0.750 3.20e-08 [0.7663615]
0.770 3.20e-08 [2.39892806]
0.790 3.20e-08 [1.46700482]
0.810 3.20e-08 [0.05359163]
0.830 3.20e-08 [0.03070958]
0.850 3.20e-08 [0.01435507]
0.870 3.20e-08 [0.00983728]
0.890 3.20e-08 [0.0063192]
0.910 3.20e-08 [0.00494284]
0.930 3.20e-08 [0.00367557]
0.950 3.20e-08 [0.00311402]
0.970 3.20e-08 [0.00263258]
0.990 3.20e-08 [0.00237862]
1.010 3.20e-08 [0.00315495]
1.030 3.20e-08 [0.00350837]
1.050 3.20e-08 [0.00213405]
1.070 3.20e-08 [0.00191226]
1.090 3.20e-08 [0.00186255]
1.110 3.20e-08 [0.00181124]
1.130 3.20e-08 [0.00179703]
1.150 3.20e-08 [0.0017891]
1.170 3.20e-08 [0.00176421]
1.190 3.20e-08 [0.00175235]
1.210 3.20e-08 [0.00174963]
1.230 3.20e-08 [0.00169188]
1.250 3.20e-08 [0.00155089]
1.270 3.20e-08 [0.00145436]
1.290 3.20e-08 [0.00128686]
1.310 3.20e-08 [0.00112078]
1.330 3.20e-08 [0.00092684]
1.350 3.20e-08 [0.00077627]
1.370 3.20e-08 [0.00066761]
1.390 3.20e-08 [0.00052786]
1.410 3.20e-08 [0.00042477]
1.430 3.20e-08 [0.00035915]
1.450 3.20e-08 [0.00029042]
1.470 3.20e-08 [0.00022475]
1.490 3.20e-08 [0.00019257]
0.001 6.30e-08 [0.]
0.002 6.30e-08 [0.]
0.003 6.30e-08 [0.]
0.004 6.30e-08 [0.]
0.005 6.30e-08 [0.]
0.007 6.30e-08 [3.1652555e-07]
0.010 6.30e-08 [3.16532564e-07]
0.020 6.30e-08 [1.26629801e-06]
0.040 6.30e-08 [5.70159267e-06]
0.060 6.30e-08 [1.26204597e-05]
0.080 6.30e-08 [2.24684521e-05]
0.100 6.30e-08 [3.52738515e-05]
0.120 6.30e-08 [5.11347036e-05]
0.140 6.30e-08 [6.92333103e-05]
0.160 6.30e-08 [9.16031262e-05]
0.180 6.30e-08 [0.00011572]
0.200 6.30e-08 [0.00014462]
0.220 6.30e-08 [0.00024943]
0.250 6.30e-08 [0.00040345]
0.270 6.30e-08 [0.00050759]
0.290 6.30e-08 [0.00067438]
0.310 6.30e-08 [0.00075517]
0.330 6.30e-08 [0.00090446]
0.350 6.30e-08 [0.00109153]
0.370 6.30e-08 [0.00131083]
0.390 6.30e-08 [0.00154797]
0.410 6.30e-08 [0.00189301]
0.430 6.30e-08 [0.00228049]
0.450 6.30e-08 [0.00276211]
0.470 6.30e-08 [0.00334968]
0.490 6.30e-08 [0.00412674]
0.510 6.30e-08 [0.00513099]
0.530 6.30e-08 [0.00650057]
0.550 6.30e-08 [0.00844316]
0.570 6.30e-08 [0.01086555]
0.590 6.30e-08 [0.01476061]
0.610 6.30e-08 [0.02066852]
0.630 6.30e-08 [0.03027799]
0.650 6.30e-08 [0.04682081]
0.670 6.30e-08 [0.0736591]
0.690 6.30e-08 [0.1342393]
0.710 6.30e-08 [0.27027147]
0.730 6.30e-08 [0.65545175]
0.750 6.30e-08 [8.25956003]
0.770 6.30e-08 [24.03607035]
0.790 6.30e-08 [14.84105405]
0.810 6.30e-08 [0.60499703]
0.830 6.30e-08 [0.36277194]
0.850 6.30e-08 [0.17537221]
0.870 6.30e-08 [0.12289815]
0.890 6.30e-08 [0.08040946]
0.910 6.30e-08 [0.06337122]
0.930 6.30e-08 [0.04755006]
0.950 6.30e-08 [0.04039388]
0.970 6.30e-08 [0.03410738]
0.990 6.30e-08 [0.03071744]
1.010 6.30e-08 [0.03711308]
1.030 6.30e-08 [0.03870397]
1.050 6.30e-08 [0.02654801]
1.070 6.30e-08 [0.02399917]
1.090 6.30e-08 [0.02328083]
1.110 6.30e-08 [0.02253836]
1.130 6.30e-08 [0.02221523]
1.150 6.30e-08 [0.02198822]
1.170 6.30e-08 [0.02156964]
1.190 6.30e-08 [0.02119568]
1.210 6.30e-08 [0.02087317]
1.230 6.30e-08 [0.01996041]
1.250 6.30e-08 [0.01817503]
1.270 6.30e-08 [0.01671281]
1.290 6.30e-08 [0.0146534]
1.310 6.30e-08 [0.01257521]
1.330 6.30e-08 [0.01026529]
1.350 6.30e-08 [0.00847677]
1.370 6.30e-08 [0.00711222]
1.390 6.30e-08 [0.00554527]
1.410 6.30e-08 [0.00435541]
1.430 6.30e-08 [0.00362442]
1.450 6.30e-08 [0.002867]
1.470 6.30e-08 [0.00215292]
1.490 6.30e-08 [0.00181936]
0.001 1.26e-07 [0.]
0.002 1.26e-07 [0.]
0.003 1.26e-07 [0.]
0.004 1.26e-07 [1.26608413e-06]
0.005 1.26e-07 [1.26608906e-06]
0.007 1.26e-07 [2.5322044e-06]
0.010 1.26e-07 [5.06452102e-06]
0.020 1.26e-07 [2.27933642e-05]
0.040 1.26e-07 [8.9958462e-05]
0.060 1.26e-07 [0.00020067]
0.080 1.26e-07 [0.00035696]
0.100 1.26e-07 [0.00056184]
0.120 1.26e-07 [0.00080921]
0.140 1.26e-07 [0.00109614]
0.160 1.26e-07 [0.0014487]
0.180 1.26e-07 [0.00182911]
0.200 1.26e-07 [0.00228041]
0.220 1.26e-07 [0.00389788]
0.250 1.26e-07 [0.00623732]
0.270 1.26e-07 [0.00779417]
0.290 1.26e-07 [0.01025124]
0.310 1.26e-07 [0.0114345]
0.330 1.26e-07 [0.01359092]
0.350 1.26e-07 [0.01625662]
0.370 1.26e-07 [0.01933566]
0.390 1.26e-07 [0.02262361]
0.410 1.26e-07 [0.02733454]
0.430 1.26e-07 [0.0325278]
0.450 1.26e-07 [0.03890915]
0.470 1.26e-07 [0.04653415]
0.490 1.26e-07 [0.05639188]
0.510 1.26e-07 [0.06899905]
0.530 1.26e-07 [0.08556411]
0.550 1.26e-07 [0.10831445]
0.570 1.26e-07 [0.13618019]
0.590 1.26e-07 [0.17814749]
0.610 1.26e-07 [0.23896522]
0.630 1.26e-07 [0.33103751]
0.650 1.26e-07 [0.47147081]
0.670 1.26e-07 [0.67531622]
0.690 1.26e-07 [1.08151914]
0.710 1.26e-07 [1.82835687]
0.730 1.26e-07 [3.68312673]
0.750 1.26e-07 [39.45685839]
0.770 1.26e-07 [94.78861051]
0.790 1.26e-07 [60.29925985]
0.810 1.26e-07 [3.29270835]
0.830 1.26e-07 [2.25674916]
0.850 1.26e-07 [1.212266]
0.870 1.26e-07 [0.91316671]
0.890 1.26e-07 [0.63503511]
0.910 1.26e-07 [0.51302316]
0.930 1.26e-07 [0.39685711]
0.950 1.26e-07 [0.34052168]
0.970 1.26e-07 [0.28604179]
0.990 1.26e-07 [0.25512267]
1.010 1.26e-07 [0.23038983]
1.030 1.26e-07 [0.2003664]
1.050 1.26e-07 [0.19572676]
1.070 1.26e-07 [0.18193365]
1.090 1.26e-07 [0.17415693]
1.110 1.26e-07 [0.16617663]
1.130 1.26e-07 [0.16059356]
1.150 1.26e-07 [0.15619178]
1.170 1.26e-07 [0.15079498]
1.190 1.26e-07 [0.14345864]
1.210 1.26e-07 [0.13565462]
1.230 1.26e-07 [0.12536365]
1.250 1.26e-07 [0.11208557]
1.270 1.26e-07 [0.09742088]
1.290 1.26e-07 [0.08337436]
1.310 1.26e-07 [0.06868113]
1.330 1.26e-07 [0.05417345]
1.350 1.26e-07 [0.04310787]
1.370 1.26e-07 [0.03395144]
1.390 1.26e-07 [0.02556244]
1.410 1.26e-07 [0.01897827]
1.430 1.26e-07 [0.01517141]
1.450 1.26e-07 [0.01142448]
1.470 1.26e-07 [0.00802787]
1.490 1.26e-07 [0.00659912]
0.001 2.51e-07 [0.]
0.002 2.51e-07 [5.02419709e-06]
0.003 2.51e-07 [1.00484159e-05]
0.004 2.51e-07 [1.50726694e-05]
0.005 2.51e-07 [2.00969707e-05]
0.007 2.51e-07 [4.52186535e-05]
0.010 2.51e-07 [9.04393109e-05]
0.020 2.51e-07 [0.00035678]
0.040 2.51e-07 [0.00142793]
0.060 2.51e-07 [0.00316017]
0.080 2.51e-07 [0.00560088]
0.100 2.51e-07 [0.0087669]
0.120 2.51e-07 [0.01257589]
0.140 2.51e-07 [0.01695464]
0.160 2.51e-07 [0.02225045]
0.180 2.51e-07 [0.02787929]
0.200 2.51e-07 [0.03447709]
0.220 2.51e-07 [0.05719155]
0.250 2.51e-07 [0.08769716]
0.270 2.51e-07 [0.10680834]
0.290 2.51e-07 [0.13493756]
0.310 2.51e-07 [0.14834969]
0.330 2.51e-07 [0.17117407]
0.350 2.51e-07 [0.19789291]
0.370 2.51e-07 [0.22710907]
0.390 2.51e-07 [0.2566174]
0.410 2.51e-07 [0.2965165]
0.430 2.51e-07 [0.33734887]
0.450 2.51e-07 [0.38567999]
0.470 2.51e-07 [0.43926228]
0.490 2.51e-07 [0.50218776]
0.510 2.51e-07 [0.58066515]
0.530 2.51e-07 [0.6698749]
0.550 2.51e-07 [0.77909284]
0.570 2.51e-07 [0.90993993]
0.590 2.51e-07 [1.05753037]
0.610 2.51e-07 [1.24986688]
0.630 2.51e-07 [1.48079242]
0.650 2.51e-07 [1.70700531]
0.670 2.51e-07 [1.97941975]
0.690 2.51e-07 [2.42682982]
0.710 2.51e-07 [3.01808161]
0.730 2.51e-07 [4.60141699]
0.750 2.51e-07 [38.86142282]
0.770 2.51e-07 [71.84641874]
0.790 2.51e-07 [48.3687692]
0.810 2.51e-07 [3.99756788]
0.830 2.51e-07 [3.3035305]
0.850 2.51e-07 [2.13187153]
0.870 2.51e-07 [1.82303814]
0.890 2.51e-07 [1.42065346]
0.910 2.51e-07 [1.20981563]
0.930 2.51e-07 [0.98887237]
0.950 2.51e-07 [0.86964259]
0.970 2.51e-07 [0.72287684]
0.990 2.51e-07 [0.63745559]
1.010 2.51e-07 [0.3558893]
1.030 2.51e-07 [0.2367327]
1.050 2.51e-07 [0.40109022]
1.070 2.51e-07 [0.38883193]
1.090 2.51e-07 [0.36473131]
1.110 2.51e-07 [0.34144651]
1.130 2.51e-07 [0.32069607]
1.150 2.51e-07 [0.30005577]
1.170 2.51e-07 [0.28412883]
1.190 2.51e-07 [0.25688101]
1.210 2.51e-07 [0.22999855]
1.230 2.51e-07 [0.20257469]
1.250 2.51e-07 [0.17363986]
1.270 2.51e-07 [0.14093395]
1.290 2.51e-07 [0.11596286]
1.310 2.51e-07 [0.08969951]
1.330 2.51e-07 [0.06840883]
1.350 2.51e-07 [0.05007874]
1.370 2.51e-07 [0.03661842]
1.390 2.51e-07 [0.02596834]
1.410 2.51e-07 [0.01769741]
1.430 2.51e-07 [0.01321012]
1.450 2.51e-07 [0.00915799]
1.470 2.51e-07 [0.00601125]
1.490 2.51e-07 [0.00449141]
0.001 5.01e-07 [2.00167813e-05]
0.002 5.01e-07 [6.00504036e-05]
0.003 5.01e-07 [0.0001201]
0.004 5.01e-07 [0.00022019]
0.005 5.01e-07 [0.00036031]
0.007 5.01e-07 [0.0007006]
0.010 5.01e-07 [0.00140123]
0.020 5.01e-07 [0.0056257]
0.040 5.01e-07 [0.02245555]
0.060 5.01e-07 [0.04932397]
0.080 5.01e-07 [0.0863755]
0.100 5.01e-07 [0.13301991]
0.120 5.01e-07 [0.18715486]
0.140 5.01e-07 [0.24669398]
0.160 5.01e-07 [0.31552346]
0.180 5.01e-07 [0.38434466]
0.200 5.01e-07 [0.46037598]
0.220 5.01e-07 [0.68058522]
0.250 5.01e-07 [0.89104583]
0.270 5.01e-07 [0.98852592]
0.290 5.01e-07 [1.08372408]
0.310 5.01e-07 [1.13434154]
0.330 5.01e-07 [1.18698597]
0.350 5.01e-07 [1.22953442]
0.370 5.01e-07 [1.26341471]
0.390 5.01e-07 [1.28993272]
0.410 5.01e-07 [1.30735594]
0.430 5.01e-07 [1.32204722]
0.450 5.01e-07 [1.3405867]
0.470 5.01e-07 [1.36811669]
0.490 5.01e-07 [1.3779971]
0.510 5.01e-07 [1.39308735]
0.530 5.01e-07 [1.40844356]
0.550 5.01e-07 [1.41240444]
0.570 5.01e-07 [1.45990621]
0.590 5.01e-07 [1.41826172]
0.610 5.01e-07 [1.37527771]
0.630 5.01e-07 [1.33245393]
0.650 5.01e-07 [1.13372566]
0.670 5.01e-07 [1.00132972]
0.690 5.01e-07 [0.78878015]
0.710 5.01e-07 [0.51283853]
0.730 5.01e-07 [0.39087164]
0.750 5.01e-07 [1.4927808]
0.770 5.01e-07 [1.27484193]
0.790 5.01e-07 [0.89897382]
0.810 5.01e-07 [0.29106209]
0.830 5.01e-07 [0.40482299]
0.850 5.01e-07 [0.3943174]
0.870 5.01e-07 [0.4495473]
0.890 5.01e-07 [0.43036475]
0.910 5.01e-07 [0.41833839]
0.930 5.01e-07 [0.37097017]
0.950 5.01e-07 [0.3280484]
0.970 5.01e-07 [0.27993502]
0.990 5.01e-07 [0.23560172]
1.010 5.01e-07 [0.04257043]
1.030 5.01e-07 [0.01280514]
1.050 5.01e-07 [0.09690804]
1.070 5.01e-07 [0.1002113]
1.090 5.01e-07 [0.09071556]
1.110 5.01e-07 [0.0832217]
1.130 5.01e-07 [0.07181813]
1.150 5.01e-07 [0.06033588]
1.170 5.01e-07 [0.05356108]
1.190 5.01e-07 [0.04338052]
1.210 5.01e-07 [0.03299705]
1.230 5.01e-07 [0.02651955]
1.250 5.01e-07 [0.01897142]
1.270 5.01e-07 [0.01290096]
1.290 5.01e-07 [0.00896891]
1.310 5.01e-07 [0.00572075]
1.330 5.01e-07 [0.00380194]
1.350 5.01e-07 [0.00207831]
1.370 5.01e-07 [0.00115557]
1.390 5.01e-07 [0.00067175]
1.410 5.01e-07 [0.00033619]
1.430 5.01e-07 [0.00019299]
1.450 5.01e-07 [9.62060747e-05]
1.470 5.01e-07 [4.574506e-05]
1.490 5.01e-07 [2.63925356e-05]
0.001 1.00e-06 [0.00031899]
0.002 1.00e-06 [0.00087723]
0.003 1.00e-06 [0.0019937]
0.004 1.00e-06 [0.00358867]
0.005 1.00e-06 [0.00566215]
0.007 1.00e-06 [0.01100542]
0.010 1.00e-06 [0.02217084]
0.020 1.00e-06 [0.0886951]
0.040 1.00e-06 [0.34604442]
0.060 1.00e-06 [0.73412664]
0.080 1.00e-06 [1.22452701]
0.100 1.00e-06 [1.77138293]
0.120 1.00e-06 [2.31452494]
0.140 1.00e-06 [2.80313226]
0.160 1.00e-06 [3.25398408]
0.180 1.00e-06 [3.58124148]
0.200 1.00e-06 [3.82996608]
0.220 1.00e-06 [3.85756109]
0.250 1.00e-06 [3.21927545]
0.270 1.00e-06 [2.81931256]
0.290 1.00e-06 [2.27078374]
0.310 1.00e-06 [2.16051789]
0.330 1.00e-06 [1.90941091]
0.350 1.00e-06 [1.65482521]
0.370 1.00e-06 [1.43764054]
0.390 1.00e-06 [1.31933289]
0.410 1.00e-06 [1.08862007]
0.430 1.00e-06 [0.96552568]
0.450 1.00e-06 [0.81299569]
0.470 1.00e-06 [0.72172736]
0.490 1.00e-06 [0.61986026]
0.510 1.00e-06 [0.48975357]
0.530 1.00e-06 [0.42357027]
0.550 1.00e-06 [0.31187768]
0.570 1.00e-06 [0.24624785]
0.590 1.00e-06 [0.15669523]
0.610 1.00e-06 [0.08964163]
0.630 1.00e-06 [0.0465408]
0.650 1.00e-06 [0.01427708]
0.670 1.00e-06 [0.00402355]
0.690 1.00e-06 [0.]
0.710 1.00e-06 [0.]
0.730 1.00e-06 [0.]
0.750 1.00e-06 [0.]
0.770 1.00e-06 [0.]
0.790 1.00e-06 [0.]
0.810 1.00e-06 [0.]
0.830 1.00e-06 [0.]
0.850 1.00e-06 [0.]
0.870 1.00e-06 [0.]
0.890 1.00e-06 [0.]
0.910 1.00e-06 [0.]
0.930 1.00e-06 [0.00057175]
0.950 1.00e-06 [0.00049263]
0.970 1.00e-06 [0.00041352]
0.990 1.00e-06 [0.]
1.010 1.00e-06 [0.]
1.030 1.00e-06 [0.]
1.050 1.00e-06 [0.]
1.070 1.00e-06 [0.]
1.090 1.00e-06 [0.]
1.110 1.00e-06 [0.]
1.130 1.00e-06 [0.]
1.150 1.00e-06 [0.]
1.170 1.00e-06 [0.]
1.190 1.00e-06 [0.]
1.210 1.00e-06 [0.]
1.230 1.00e-06 [0.]
1.250 1.00e-06 [0.]
1.270 1.00e-06 [0.]
1.290 1.00e-06 [0.]
1.310 1.00e-06 [0.]
1.330 1.00e-06 [0.]
1.350 1.00e-06 [0.]
1.370 1.00e-06 [0.]
1.390 1.00e-06 [0.]
1.410 1.00e-06 [0.]
1.430 1.00e-06 [0.]
1.450 1.00e-06 [0.]
1.470 1.00e-06 [0.]
1.490 1.00e-06 [0.]
0.001 1.99e-06 [0.00476097]
0.002 1.99e-06 [0.01396554]
0.003 1.99e-06 [0.03205733]
0.004 1.99e-06 [0.05681465]
0.005 1.99e-06 [0.08950722]
0.007 1.99e-06 [0.17362042]
0.010 1.99e-06 [0.349153]
0.020 1.99e-06 [1.36632148]
0.040 1.99e-06 [4.89761443]
0.060 1.99e-06 [9.07432174]
0.080 1.99e-06 [12.6128414]
0.100 1.99e-06 [14.55853718]
0.120 1.99e-06 [14.78180349]
0.140 1.99e-06 [13.73561773]
0.160 1.99e-06 [12.02059398]
0.180 1.99e-06 [10.29460485]
0.200 1.99e-06 [8.51235134]
0.220 1.99e-06 [4.28114492]
0.250 1.99e-06 [2.05261458]
0.270 1.99e-06 [1.34906442]
0.290 1.99e-06 [0.70644774]
0.310 1.99e-06 [0.5724518]
0.330 1.99e-06 [0.36867379]
0.350 1.99e-06 [0.22817679]
0.370 1.99e-06 [0.12900292]
0.390 1.99e-06 [0.08701154]
0.410 1.99e-06 [0.04270986]
0.430 1.99e-06 [0.02219677]
0.450 1.99e-06 [0.0102607]
0.470 1.99e-06 [0.0046459]
0.490 1.99e-06 [0.00220273]
0.510 1.99e-06 [0.0008235]
0.530 1.99e-06 [0.]
0.550 1.99e-06 [0.]
0.570 1.99e-06 [0.]
0.590 1.99e-06 [0.]
0.610 1.99e-06 [0.]
0.630 1.99e-06 [0.]
0.650 1.99e-06 [0.]
0.670 1.99e-06 [0.]
0.690 1.99e-06 [0.]
0.710 1.99e-06 [0.]
0.730 1.99e-06 [0.]
0.750 1.99e-06 [0.]
0.770 1.99e-06 [0.]
0.790 1.99e-06 [0.]
0.810 1.99e-06 [0.]
0.830 1.99e-06 [0.]
0.850 1.99e-06 [0.]
0.870 1.99e-06 [0.]
0.890 1.99e-06 [0.]
0.910 1.99e-06 [0.]
0.930 1.99e-06 [0.]
0.950 1.99e-06 [0.]
0.970 1.99e-06 [0.]
0.990 1.99e-06 [0.]
1.010 1.99e-06 [0.]
1.030 1.99e-06 [0.]
1.050 1.99e-06 [0.]
1.070 1.99e-06 [0.]
1.090 1.99e-06 [0.]
1.110 1.99e-06 [0.]
1.130 1.99e-06 [0.]
1.150 1.99e-06 [0.]
1.170 1.99e-06 [0.]
1.190 1.99e-06 [0.]
1.210 1.99e-06 [0.]
1.230 1.99e-06 [0.]
1.250 1.99e-06 [0.]
1.270 1.99e-06 [0.]
1.290 1.99e-06 [0.]
1.310 1.99e-06 [0.]
1.330 1.99e-06 [0.]
1.350 1.99e-06 [0.]
1.370 1.99e-06 [0.]
1.390 1.99e-06 [0.]
1.410 1.99e-06 [0.]
1.430 1.99e-06 [0.]
1.450 1.99e-06 [0.]
1.470 1.99e-06 [0.]
1.490 1.99e-06 [0.]
0.001 3.98e-06 [0.0770962]
0.002 3.98e-06 [0.21991397]
0.003 3.98e-06 [0.50428658]
0.004 3.98e-06 [0.89735478]
0.005 3.98e-06 [1.40796776]
0.007 3.98e-06 [2.71485292]
0.010 3.98e-06 [5.38306088]
0.020 3.98e-06 [19.36844024]
0.040 3.98e-06 [50.31306787]
0.060 3.98e-06 [58.1168268]
0.080 3.98e-06 [46.48116619]
0.100 3.98e-06 [31.01359639]
0.120 3.98e-06 [19.57857119]
0.140 3.98e-06 [12.49559062]
0.160 3.98e-06 [7.67215491]
0.180 3.98e-06 [4.78463495]
0.200 3.98e-06 [2.81774171]
0.220 3.98e-06 [0.41885201]
0.250 3.98e-06 [0.03529738]
0.270 3.98e-06 [0.00871126]
0.290 3.98e-06 [0.0015027]
0.310 3.98e-06 [0.]
0.330 3.98e-06 [0.]
0.350 3.98e-06 [0.]
0.370 3.98e-06 [0.]
0.390 3.98e-06 [0.]
0.410 3.98e-06 [0.]
0.430 3.98e-06 [0.]
0.450 3.98e-06 [0.]
0.470 3.98e-06 [0.]
0.490 3.98e-06 [0.]
0.510 3.98e-06 [0.]
0.530 3.98e-06 [0.]
0.550 3.98e-06 [0.]
0.570 3.98e-06 [0.]
0.590 3.98e-06 [0.]
0.610 3.98e-06 [0.]
0.630 3.98e-06 [0.]
0.650 3.98e-06 [0.]
0.670 3.98e-06 [0.]
0.690 3.98e-06 [0.]
0.710 3.98e-06 [0.]
0.730 3.98e-06 [0.]
0.750 3.98e-06 [0.]
0.770 3.98e-06 [0.]
0.790 3.98e-06 [0.]
0.810 3.98e-06 [0.]
0.830 3.98e-06 [0.]
0.850 3.98e-06 [0.]
0.870 3.98e-06 [0.]
0.890 3.98e-06 [0.]
0.910 3.98e-06 [0.]
0.930 3.98e-06 [0.]
0.950 3.98e-06 [0.]
0.970 3.98e-06 [0.]
0.990 3.98e-06 [0.]
1.010 3.98e-06 [0.]
1.030 3.98e-06 [0.]
1.050 3.98e-06 [0.]
1.070 3.98e-06 [0.]
1.090 3.98e-06 [0.]
1.110 3.98e-06 [0.]
1.130 3.98e-06 [0.]
1.150 3.98e-06 [0.]
1.170 3.98e-06 [0.]
1.190 3.98e-06 [0.]
1.210 3.98e-06 [0.]
1.230 3.98e-06 [0.]
1.250 3.98e-06 [0.]
1.270 3.98e-06 [0.]
1.290 3.98e-06 [0.]
1.310 3.98e-06 [0.]
1.330 3.98e-06 [0.]
1.350 3.98e-06 [0.]
1.370 3.98e-06 [0.]
1.390 3.98e-06 [0.]
1.410 3.98e-06 [0.]
1.430 3.98e-06 [0.]
1.450 3.98e-06 [0.]
1.470 3.98e-06 [0.]
1.490 3.98e-06 [0.]
0.001 7.94e-06 [1.22765897]
0.002 7.94e-06 [3.47166204]
0.003 7.94e-06 [7.91943165]
0.004 7.94e-06 [13.96722282]
0.005 7.94e-06 [21.68047453]
0.007 7.94e-06 [40.71986587]
0.010 7.94e-06 [76.36967987]
0.020 7.94e-06 [199.79119519]
0.040 7.94e-06 [184.00925813]
0.060 7.94e-06 [77.50255385]
0.080 7.94e-06 [28.57269251]
0.100 7.94e-06 [9.84026699]
0.120 7.94e-06 [2.97193736]
0.140 7.94e-06 [0.80876389]
0.160 7.94e-06 [0.18136774]
0.180 7.94e-06 [0.03153528]
0.200 7.94e-06 [0.00533392]
0.220 7.94e-06 [0.]
0.250 7.94e-06 [0.]
0.270 7.94e-06 [0.]
0.290 7.94e-06 [0.]
0.310 7.94e-06 [0.]
0.330 7.94e-06 [0.]
0.350 7.94e-06 [0.]
0.370 7.94e-06 [0.]
0.390 7.94e-06 [0.]
0.410 7.94e-06 [0.]
0.430 7.94e-06 [0.]
0.450 7.94e-06 [0.]
0.470 7.94e-06 [0.]
0.490 7.94e-06 [0.]
0.510 7.94e-06 [0.]
0.530 7.94e-06 [0.]
0.550 7.94e-06 [0.]
0.570 7.94e-06 [0.]
0.590 7.94e-06 [0.]
0.610 7.94e-06 [0.]
0.630 7.94e-06 [0.]
0.650 7.94e-06 [0.]
0.670 7.94e-06 [0.]
0.690 7.94e-06 [0.]
0.710 7.94e-06 [0.]
0.730 7.94e-06 [0.]
0.750 7.94e-06 [0.]
0.770 7.94e-06 [0.]
0.790 7.94e-06 [0.]
0.810 7.94e-06 [0.]
0.830 7.94e-06 [0.]
0.850 7.94e-06 [0.]
0.870 7.94e-06 [0.]
0.890 7.94e-06 [0.]
0.910 7.94e-06 [0.]
0.930 7.94e-06 [0.]
0.950 7.94e-06 [0.]
0.970 7.94e-06 [0.]
0.990 7.94e-06 [0.]
1.010 7.94e-06 [0.]
1.030 7.94e-06 [0.]
1.050 7.94e-06 [0.]
1.070 7.94e-06 [0.]
1.090 7.94e-06 [0.]
1.110 7.94e-06 [0.]
1.130 7.94e-06 [0.]
1.150 7.94e-06 [0.]
1.170 7.94e-06 [0.]
1.190 7.94e-06 [0.]
1.210 7.94e-06 [0.]
1.230 7.94e-06 [0.]
1.250 7.94e-06 [0.]
1.270 7.94e-06 [0.]
1.290 7.94e-06 [0.]
1.310 7.94e-06 [0.]
1.330 7.94e-06 [0.]
1.350 7.94e-06 [0.]
1.370 7.94e-06 [0.]
1.390 7.94e-06 [0.]
1.410 7.94e-06 [0.]
1.430 7.94e-06 [0.]
1.450 7.94e-06 [0.]
1.470 7.94e-06 [0.]
1.490 7.94e-06 [0.]
0.001 1.58e-05 [19.31076845]
0.002 1.58e-05 [54.0862311]
0.003 1.58e-05 [120.57249174]
0.004 1.58e-05 [206.16976832]
0.005 1.58e-05 [307.29270811]
0.007 1.58e-05 [520.1393744]
0.010 1.58e-05 [791.07409551]
0.020 1.58e-05 [737.4639341]
0.040 1.58e-05 [115.75055803]
0.060 1.58e-05 [11.44174954]
0.080 1.58e-05 [0.62086779]
0.100 1.58e-05 [0.02011187]
0.120 1.58e-05 [0.]
0.140 1.58e-05 [0.]
0.160 1.58e-05 [0.]
0.180 1.58e-05 [0.]
0.200 1.58e-05 [0.]
0.220 1.58e-05 [0.]
0.250 1.58e-05 [0.]
0.270 1.58e-05 [0.]
0.290 1.58e-05 [0.]
0.310 1.58e-05 [0.]
0.330 1.58e-05 [0.]
0.350 1.58e-05 [0.]
0.370 1.58e-05 [0.]
0.390 1.58e-05 [0.]
0.410 1.58e-05 [0.]
0.430 1.58e-05 [0.]
0.450 1.58e-05 [0.]
0.470 1.58e-05 [0.]
0.490 1.58e-05 [0.]
0.510 1.58e-05 [0.]
0.530 1.58e-05 [0.]
0.550 1.58e-05 [0.]
0.570 1.58e-05 [0.]
0.590 1.58e-05 [0.]
0.610 1.58e-05 [0.]
0.630 1.58e-05 [0.]
0.650 1.58e-05 [0.]
0.670 1.58e-05 [0.]
0.690 1.58e-05 [0.]
0.710 1.58e-05 [0.]
0.730 1.58e-05 [0.]
0.750 1.58e-05 [0.]
0.770 1.58e-05 [0.]
0.790 1.58e-05 [0.]
0.810 1.58e-05 [0.]
0.830 1.58e-05 [0.]
0.850 1.58e-05 [0.]
0.870 1.58e-05 [0.]
0.890 1.58e-05 [0.]
0.910 1.58e-05 [0.]
0.930 1.58e-05 [0.]
0.950 1.58e-05 [0.]
0.970 1.58e-05 [0.]
0.990 1.58e-05 [0.]
1.010 1.58e-05 [0.]
1.030 1.58e-05 [0.]
1.050 1.58e-05 [0.]
1.070 1.58e-05 [0.]
1.090 1.58e-05 [0.]
1.110 1.58e-05 [0.]
1.130 1.58e-05 [0.]
1.150 1.58e-05 [0.]
1.170 1.58e-05 [0.]
1.190 1.58e-05 [0.]
1.210 1.58e-05 [0.]
1.230 1.58e-05 [0.]
1.250 1.58e-05 [0.]
1.270 1.58e-05 [0.]
1.290 1.58e-05 [0.]
1.310 1.58e-05 [0.]
1.330 1.58e-05 [0.]
1.350 1.58e-05 [0.]
1.370 1.58e-05 [0.]
1.390 1.58e-05 [0.]
1.410 1.58e-05 [0.]
1.430 1.58e-05 [0.]
1.450 1.58e-05 [0.]
1.470 1.58e-05 [0.]
1.490 1.58e-05 [0.]
0.001 3.16e-05 [298.58003715]
0.002 3.16e-05 [799.88268115]
0.003 3.16e-05 [1632.14698788]
0.004 3.16e-05 [2474.54519444]
0.005 3.16e-05 [3167.97885147]
0.007 3.16e-05 [3707.68386579]
0.010 3.16e-05 [2960.00808646]
0.020 3.16e-05 [458.71647522]
0.040 3.16e-05 [2.79329474]
0.060 3.16e-05 [0.]
0.080 3.16e-05 [0.]
0.100 3.16e-05 [0.]
0.120 3.16e-05 [0.]
0.140 3.16e-05 [0.]
0.160 3.16e-05 [0.]
0.180 3.16e-05 [0.]
0.200 3.16e-05 [0.]
0.220 3.16e-05 [0.]
0.250 3.16e-05 [0.]
0.270 3.16e-05 [0.]
0.290 3.16e-05 [0.]
0.310 3.16e-05 [0.]
0.330 3.16e-05 [0.]
0.350 3.16e-05 [0.]
0.370 3.16e-05 [0.]
0.390 3.16e-05 [0.]
0.410 3.16e-05 [0.]
0.430 3.16e-05 [0.]
0.450 3.16e-05 [0.]
0.470 3.16e-05 [0.]
0.490 3.16e-05 [0.]
0.510 3.16e-05 [0.]
0.530 3.16e-05 [0.]
0.550 3.16e-05 [0.]
0.570 3.16e-05 [0.]
0.590 3.16e-05 [0.]
0.610 3.16e-05 [0.]
0.630 3.16e-05 [0.]
0.650 3.16e-05 [0.]
0.670 3.16e-05 [0.]
0.690 3.16e-05 [0.]
0.710 3.16e-05 [0.]
0.730 3.16e-05 [0.]
0.750 3.16e-05 [0.]
0.770 3.16e-05 [0.]
0.790 3.16e-05 [0.]
0.810 3.16e-05 [0.]
0.830 3.16e-05 [0.]
0.850 3.16e-05 [0.]
0.870 3.16e-05 [0.]
0.890 3.16e-05 [0.]
0.910 3.16e-05 [0.]
0.930 3.16e-05 [0.]
0.950 3.16e-05 [0.]
0.970 3.16e-05 [0.]
0.990 3.16e-05 [0.]
1.010 3.16e-05 [0.]
1.030 3.16e-05 [0.]
1.050 3.16e-05 [0.]
1.070 3.16e-05 [0.]
1.090 3.16e-05 [0.]
1.110 3.16e-05 [0.]
1.130 3.16e-05 [0.]
1.150 3.16e-05 [0.]
1.170 3.16e-05 [0.]
1.190 3.16e-05 [0.]
1.210 3.16e-05 [0.]
1.230 3.16e-05 [0.]
1.250 3.16e-05 [0.]
1.270 3.16e-05 [0.]
1.290 3.16e-05 [0.]
1.310 3.16e-05 [0.]
1.330 3.16e-05 [0.]
1.350 3.16e-05 [0.]
1.370 3.16e-05 [0.]
1.390 3.16e-05 [0.]
1.410 3.16e-05 [0.]
1.430 3.16e-05 [0.]
1.450 3.16e-05 [0.]
1.470 3.16e-05 [0.]
1.490 3.16e-05 [0.]
0.001 6.31e-05 [4296.83443026]
0.002 6.31e-05 [9672.49063538]
0.003 6.31e-05 [14247.79423625]
0.004 6.31e-05 [14358.95753872]
0.005 6.31e-05 [11651.47883121]
0.007 6.31e-05 [5957.08240033]
0.010 6.31e-05 [1862.44308896]
0.020 6.31e-05 [11.11390128]
0.040 6.31e-05 [0.]
0.060 6.31e-05 [0.]
0.080 6.31e-05 [0.]
0.100 6.31e-05 [0.]
0.120 6.31e-05 [0.]
0.140 6.31e-05 [0.]
0.160 6.31e-05 [0.]
0.180 6.31e-05 [0.]
0.200 6.31e-05 [0.]
0.220 6.31e-05 [0.]
0.250 6.31e-05 [0.]
0.270 6.31e-05 [0.]
0.290 6.31e-05 [0.]
0.310 6.31e-05 [0.]
0.330 6.31e-05 [0.]
0.350 6.31e-05 [0.]
0.370 6.31e-05 [0.]
0.390 6.31e-05 [0.]
0.410 6.31e-05 [0.]
0.430 6.31e-05 [0.]
0.450 6.31e-05 [0.]
0.470 6.31e-05 [0.]
0.490 6.31e-05 [0.]
0.510 6.31e-05 [0.]
0.530 6.31e-05 [0.]
0.550 6.31e-05 [0.]
0.570 6.31e-05 [0.]
0.590 6.31e-05 [0.]
0.610 6.31e-05 [0.]
0.630 6.31e-05 [0.]
0.650 6.31e-05 [0.]
0.670 6.31e-05 [0.]
0.690 6.31e-05 [0.]
0.710 6.31e-05 [0.]
0.730 6.31e-05 [0.]
0.750 6.31e-05 [0.]
0.770 6.31e-05 [0.]
0.790 6.31e-05 [0.]
0.810 6.31e-05 [0.]
0.830 6.31e-05 [0.]
0.850 6.31e-05 [0.]
0.870 6.31e-05 [0.]
0.890 6.31e-05 [0.]
0.910 6.31e-05 [0.]
0.930 6.31e-05 [0.]
0.950 6.31e-05 [0.]
0.970 6.31e-05 [0.]
0.990 6.31e-05 [0.]
1.010 6.31e-05 [0.]
1.030 6.31e-05 [0.]
1.050 6.31e-05 [0.]
1.070 6.31e-05 [0.]
1.090 6.31e-05 [0.]
1.110 6.31e-05 [0.]
1.130 6.31e-05 [0.]
1.150 6.31e-05 [0.]
1.170 6.31e-05 [0.]
1.190 6.31e-05 [0.]
1.210 6.31e-05 [0.]
1.230 6.31e-05 [0.]
1.250 6.31e-05 [0.]
1.270 6.31e-05 [0.]
1.290 6.31e-05 [0.]
1.310 6.31e-05 [0.]
1.330 6.31e-05 [0.]
1.350 6.31e-05 [0.]
1.370 6.31e-05 [0.]
1.390 6.31e-05 [0.]
1.410 6.31e-05 [0.]
1.430 6.31e-05 [0.]
1.450 6.31e-05 [0.]
1.470 6.31e-05 [0.]
1.490 6.31e-05 [0.]
0.001 1.26e-04 [46879.04874196]
0.002 1.26e-04 [57475.86917626]
0.003 1.26e-04 [34342.26618097]
0.004 1.26e-04 [16232.71346592]
0.005 1.26e-04 [7347.2810506]
0.007 1.26e-04 [1329.6782921]
0.010 1.26e-04 [45.50330724]
0.020 1.26e-04 [0.]
0.040 1.26e-04 [0.]
0.060 1.26e-04 [0.]
0.080 1.26e-04 [0.]
0.100 1.26e-04 [0.]
0.120 1.26e-04 [0.]
0.140 1.26e-04 [0.]
0.160 1.26e-04 [0.]
0.180 1.26e-04 [0.]
0.200 1.26e-04 [0.]
0.220 1.26e-04 [0.]
0.250 1.26e-04 [0.]
0.270 1.26e-04 [0.]
0.290 1.26e-04 [0.]
0.310 1.26e-04 [0.]
0.330 1.26e-04 [0.]
0.350 1.26e-04 [0.]
0.370 1.26e-04 [0.]
0.390 1.26e-04 [0.]
0.410 1.26e-04 [0.]
0.430 1.26e-04 [0.]
0.450 1.26e-04 [0.]
0.470 1.26e-04 [0.]
0.490 1.26e-04 [0.]
0.510 1.26e-04 [0.]
0.530 1.26e-04 [0.]
0.550 1.26e-04 [0.]
0.570 1.26e-04 [0.]
0.590 1.26e-04 [0.]
0.610 1.26e-04 [0.]
0.630 1.26e-04 [0.]
0.650 1.26e-04 [0.]
0.670 1.26e-04 [0.]
0.690 1.26e-04 [0.]
0.710 1.26e-04 [0.]
0.730 1.26e-04 [0.]
0.750 1.26e-04 [0.]
0.770 1.26e-04 [0.]
0.790 1.26e-04 [0.]
0.810 1.26e-04 [0.]
0.830 1.26e-04 [0.]
0.850 1.26e-04 [0.]
0.870 1.26e-04 [0.]
0.890 1.26e-04 [0.]
0.910 1.26e-04 [0.]
0.930 1.26e-04 [0.]
0.950 1.26e-04 [0.]
0.970 1.26e-04 [0.]
0.990 1.26e-04 [0.]
1.010 1.26e-04 [0.]
1.030 1.26e-04 [0.]
1.050 1.26e-04 [0.]
1.070 1.26e-04 [0.]
1.090 1.26e-04 [0.]
1.110 1.26e-04 [0.]
1.130 1.26e-04 [0.]
1.150 1.26e-04 [0.]
1.170 1.26e-04 [0.]
1.190 1.26e-04 [0.]
1.210 1.26e-04 [0.]
1.230 1.26e-04 [0.]
1.250 1.26e-04 [0.]
1.270 1.26e-04 [0.]
1.290 1.26e-04 [0.]
1.310 1.26e-04 [0.]
1.330 1.26e-04 [0.]
1.350 1.26e-04 [0.]
1.370 1.26e-04 [0.]
1.390 1.26e-04 [0.]
1.410 1.26e-04 [0.]
1.430 1.26e-04 [0.]
1.450 1.26e-04 [0.]
1.470 1.26e-04 [0.]
1.490 1.26e-04 [0.]
0.001 2.51e-04 [202488.13587824]
0.002 2.51e-04 [67596.74790744]
0.003 2.51e-04 [12614.6652374]
0.004 2.51e-04 [1821.50882227]
0.005 2.51e-04 [191.2088524]
0.007 2.51e-04 [0.]
0.010 2.51e-04 [0.]
0.020 2.51e-04 [0.]
0.040 2.51e-04 [0.]
0.060 2.51e-04 [0.]
0.080 2.51e-04 [0.]
0.100 2.51e-04 [0.]
0.120 2.51e-04 [0.]
0.140 2.51e-04 [0.]
0.160 2.51e-04 [0.]
0.180 2.51e-04 [0.]
0.200 2.51e-04 [0.]
0.220 2.51e-04 [0.]
0.250 2.51e-04 [0.]
0.270 2.51e-04 [0.]
0.290 2.51e-04 [0.]
0.310 2.51e-04 [0.]
0.330 2.51e-04 [0.]
0.350 2.51e-04 [0.]
0.370 2.51e-04 [0.]
0.390 2.51e-04 [0.]
0.410 2.51e-04 [0.]
0.430 2.51e-04 [0.]
0.450 2.51e-04 [0.]
0.470 2.51e-04 [0.]
0.490 2.51e-04 [0.]
0.510 2.51e-04 [0.]
0.530 2.51e-04 [0.]
0.550 2.51e-04 [0.]
0.570 2.51e-04 [0.]
0.590 2.51e-04 [0.]
0.610 2.51e-04 [0.]
0.630 2.51e-04 [0.]
0.650 2.51e-04 [0.]
0.670 2.51e-04 [0.]
0.690 2.51e-04 [0.]
0.710 2.51e-04 [0.]
0.730 2.51e-04 [0.]
0.750 2.51e-04 [0.]
0.770 2.51e-04 [0.]
0.790 2.51e-04 [0.]
0.810 2.51e-04 [0.]
0.830 2.51e-04 [0.]
0.850 2.51e-04 [0.]
0.870 2.51e-04 [0.]
0.890 2.51e-04 [0.]
0.910 2.51e-04 [0.]
0.930 2.51e-04 [0.]
0.950 2.51e-04 [0.]
0.970 2.51e-04 [0.]
0.990 2.51e-04 [0.]
1.010 2.51e-04 [0.]
1.030 2.51e-04 [0.]
1.050 2.51e-04 [0.]
1.070 2.51e-04 [0.]
1.090 2.51e-04 [0.]
1.110 2.51e-04 [0.]
1.130 2.51e-04 [0.]
1.150 2.51e-04 [0.]
1.170 2.51e-04 [0.]
1.190 2.51e-04 [0.]
1.210 2.51e-04 [0.]
1.230 2.51e-04 [0.]
1.250 2.51e-04 [0.]
1.270 2.51e-04 [0.]
1.290 2.51e-04 [0.]
1.310 2.51e-04 [0.]
1.330 2.51e-04 [0.]
1.350 2.51e-04 [0.]
1.370 2.51e-04 [0.]
1.390 2.51e-04 [0.]
1.410 2.51e-04 [0.]
1.430 2.51e-04 [0.]
1.450 2.51e-04 [0.]
1.470 2.51e-04 [0.]
1.490 2.51e-04 [0.]
0.001 5.01e-04 [150959.09253119]
0.002 5.01e-04 [8593.61932845]
0.003 5.01e-04 [40.06357985]
0.004 5.01e-04 [0.]
0.005 5.01e-04 [0.]
0.007 5.01e-04 [0.]
0.010 5.01e-04 [0.]
0.020 5.01e-04 [0.]
0.040 5.01e-04 [0.]
0.060 5.01e-04 [0.]
0.080 5.01e-04 [0.]
0.100 5.01e-04 [0.]
0.120 5.01e-04 [0.]
0.140 5.01e-04 [0.]
0.160 5.01e-04 [0.]
0.180 5.01e-04 [0.]
0.200 5.01e-04 [0.]
0.220 5.01e-04 [0.]
0.250 5.01e-04 [0.]
0.270 5.01e-04 [0.]
0.290 5.01e-04 [0.]
0.310 5.01e-04 [0.]
0.330 5.01e-04 [0.]
0.350 5.01e-04 [0.]
0.370 5.01e-04 [0.]
0.390 5.01e-04 [0.]
0.410 5.01e-04 [0.]
0.430 5.01e-04 [0.]
0.450 5.01e-04 [0.]
0.470 5.01e-04 [0.]
0.490 5.01e-04 [0.]
0.510 5.01e-04 [0.]
0.530 5.01e-04 [0.]
0.550 5.01e-04 [0.]
0.570 5.01e-04 [0.]
0.590 5.01e-04 [0.]
0.610 5.01e-04 [0.]
0.630 5.01e-04 [0.]
0.650 5.01e-04 [0.]
0.670 5.01e-04 [0.]
0.690 5.01e-04 [0.]
0.710 5.01e-04 [0.]
0.730 5.01e-04 [0.]
0.750 5.01e-04 [0.]
0.770 5.01e-04 [0.]
0.790 5.01e-04 [0.]
0.810 5.01e-04 [0.]
0.830 5.01e-04 [0.]
0.850 5.01e-04 [0.]
0.870 5.01e-04 [0.]
0.890 5.01e-04 [0.]
0.910 5.01e-04 [0.]
0.930 5.01e-04 [0.]
0.950 5.01e-04 [0.]
0.970 5.01e-04 [0.]
0.990 5.01e-04 [0.]
1.010 5.01e-04 [0.]
1.030 5.01e-04 [0.]
1.050 5.01e-04 [0.]
1.070 5.01e-04 [0.]
1.090 5.01e-04 [0.]
1.110 5.01e-04 [0.]
1.130 5.01e-04 [0.]
1.150 5.01e-04 [0.]
1.170 5.01e-04 [0.]
1.190 5.01e-04 [0.]
1.210 5.01e-04 [0.]
1.230 5.01e-04 [0.]
1.250 5.01e-04 [0.]
1.270 5.01e-04 [0.]
1.290 5.01e-04 [0.]
1.310 5.01e-04 [0.]
1.330 5.01e-04 [0.]
1.350 5.01e-04 [0.]
1.370 5.01e-04 [0.]
1.390 5.01e-04 [0.]
1.410 5.01e-04 [0.]
1.430 5.01e-04 [0.]
1.450 5.01e-04 [0.]
1.470 5.01e-04 [0.]
1.490 5.01e-04 [0.]
0.001 1.00e-03 [6300.07736843]
0.002 1.00e-03 [0.]
0.003 1.00e-03 [0.]
0.004 1.00e-03 [0.]
0.005 1.00e-03 [0.]
0.007 1.00e-03 [0.]
0.010 1.00e-03 [0.]
0.020 1.00e-03 [0.]
0.040 1.00e-03 [0.]
0.060 1.00e-03 [0.]
0.080 1.00e-03 [0.]
0.100 1.00e-03 [0.]
0.120 1.00e-03 [0.]
0.140 1.00e-03 [0.]
0.160 1.00e-03 [0.]
0.180 1.00e-03 [0.]
0.200 1.00e-03 [0.]
0.220 1.00e-03 [0.]
0.250 1.00e-03 [0.]
0.270 1.00e-03 [0.]
0.290 1.00e-03 [0.]
0.310 1.00e-03 [0.]
0.330 1.00e-03 [0.]
0.350 1.00e-03 [0.]
0.370 1.00e-03 [0.]
0.390 1.00e-03 [0.]
0.410 1.00e-03 [0.]
0.430 1.00e-03 [0.]
0.450 1.00e-03 [0.]
0.470 1.00e-03 [0.]
0.490 1.00e-03 [0.]
0.510 1.00e-03 [0.]
0.530 1.00e-03 [0.]
0.550 1.00e-03 [0.]
0.570 1.00e-03 [0.]
0.590 1.00e-03 [0.]
0.610 1.00e-03 [0.]
0.630 1.00e-03 [0.]
0.650 1.00e-03 [0.]
0.670 1.00e-03 [0.]
0.690 1.00e-03 [0.]
0.710 1.00e-03 [0.]
0.730 1.00e-03 [0.]
0.750 1.00e-03 [0.]
0.770 1.00e-03 [0.]
0.790 1.00e-03 [0.]
0.810 1.00e-03 [0.]
0.830 1.00e-03 [0.]
0.850 1.00e-03 [0.]
0.870 1.00e-03 [0.]
0.890 1.00e-03 [0.]
0.910 1.00e-03 [0.]
0.930 1.00e-03 [0.]
0.950 1.00e-03 [0.]
0.970 1.00e-03 [0.]
0.990 1.00e-03 [0.]
1.010 1.00e-03 [0.]
1.030 1.00e-03 [0.]
1.050 1.00e-03 [0.]
1.070 1.00e-03 [0.]
1.090 1.00e-03 [0.]
1.110 1.00e-03 [0.]
1.130 1.00e-03 [0.]
1.150 1.00e-03 [0.]
1.170 1.00e-03 [0.]
1.190 1.00e-03 [0.]
1.210 1.00e-03 [0.]
1.230 1.00e-03 [0.]
1.250 1.00e-03 [0.]
1.270 1.00e-03 [0.]
1.290 1.00e-03 [0.]
1.310 1.00e-03 [0.]
1.330 1.00e-03 [0.]
1.350 1.00e-03 [0.]
1.370 1.00e-03 [0.]
1.390 1.00e-03 [0.]
1.410 1.00e-03 [0.]
1.430 1.00e-03 [0.]
1.450 1.00e-03 [0.]
1.470 1.00e-03 [0.]
1.490 1.00e-03 [0.]
