0.220 1.00e-09 [4.2020968e-08]
0.250 1.00e-09 [4.71408246e-08]
0.270 1.00e-09 [4.12222127e-08]
0.290 1.00e-09 [4.42972446e-08]
0.310 1.00e-09 [3.73118555e-08]
0.330 1.00e-09 [3.69092456e-08]
0.350 1.00e-09 [3.45410532e-08]
0.370 1.00e-09 [2.68031695e-08]
0.390 1.00e-09 [2.28256799e-08]
0.410 1.00e-09 [1.82805621e-08]
0.430 1.00e-09 [1.22050066e-08]
0.450 1.00e-09 [8.29218673e-09]
0.470 1.00e-09 [4.89585531e-09]
0.490 1.00e-09 [2.29809827e-09]
0.510 1.00e-09 [8.26377569e-10]
0.530 1.00e-09 [1.96521763e-10]
0.220 2.00e-09 [5.60279574e-07]
0.250 2.00e-09 [7.07112369e-07]
0.270 2.00e-09 [7.00777616e-07]
0.290 2.00e-09 [7.4419371e-07]
0.310 2.00e-09 [6.56688658e-07]
0.330 2.00e-09 [5.9054793e-07]
0.350 2.00e-09 [5.13181362e-07]
0.370 2.00e-09 [4.44166809e-07]
0.390 2.00e-09 [3.65210878e-07]
0.410 2.00e-09 [2.76239605e-07]
0.430 2.00e-09 [2.00704553e-07]
0.450 2.00e-09 [1.32674988e-07]
0.470 2.00e-09 [7.65533739e-08]
0.490 2.00e-09 [3.60035395e-08]
0.510 2.00e-09 [1.27135011e-08]
0.530 2.00e-09 [3.03205005e-09]
0.220 4.00e-09 [8.96447318e-06]
0.250 4.00e-09 [1.09366713e-05]
0.270 4.00e-09 [1.12124418e-05]
0.290 4.00e-09 [1.17653482e-05]
0.310 4.00e-09 [1.02682226e-05]
0.330 4.00e-09 [9.54719153e-06]
0.350 4.00e-09 [8.28985277e-06]
0.370 4.00e-09 [7.04540456e-06]
0.390 4.00e-09 [5.75207133e-06]
0.410 4.00e-09 [4.45233246e-06]
0.430 4.00e-09 [3.21127285e-06]
0.450 4.00e-09 [2.1095323e-06]
0.470 4.00e-09 [1.21773274e-06]
0.490 4.00e-09 [5.66864239e-07]
0.510 4.00e-09 [2.01381857e-07]
0.530 4.00e-09 [4.82882046e-08]
0.220 8.00e-09 [0.00014254]
0.250 8.00e-09 [0.00017499]
0.270 8.00e-09 [0.00017676]
0.290 8.00e-09 [0.00018598]
0.310 8.00e-09 [0.00016286]
0.330 8.00e-09 [0.00015039]
0.350 8.00e-09 [0.00013169]
0.370 8.00e-09 [0.00011199]
0.390 8.00e-09 [9.09375087e-05]
0.410 8.00e-09 [7.03273536e-05]
0.430 8.00e-09 [5.06860364e-05]
0.450 8.00e-09 [3.33279569e-05]
0.470 8.00e-09 [1.9255844e-05]
0.490 8.00e-09 [8.94726258e-06]
0.510 8.00e-09 [3.17735818e-06]
0.530 8.00e-09 [7.61830651e-07]
0.220 1.60e-08 [0.00225546]
0.250 1.60e-08 [0.0027485]
0.270 1.60e-08 [0.00278332]
0.290 1.60e-08 [0.0029144]
0.310 1.60e-08 [0.00254843]
0.330 1.60e-08 [0.00235274]
0.350 1.60e-08 [0.00205652]
0.370 1.60e-08 [0.00174579]
0.390 1.60e-08 [0.00141337]
0.410 1.60e-08 [0.00109092]
0.430 1.60e-08 [0.00078529]
0.450 1.60e-08 [0.00051542]
0.470 1.60e-08 [0.00029704]
0.490 1.60e-08 [0.00013762]
0.510 1.60e-08 [4.87872975e-05]
0.530 1.60e-08 [1.16574464e-05]
0.220 3.20e-08 [0.03478216]
0.250 3.20e-08 [0.04182787]
0.270 3.20e-08 [0.04205325]
0.290 3.20e-08 [0.04359132]
0.310 3.20e-08 [0.03802394]
0.330 3.20e-08 [0.03487225]
0.350 3.20e-08 [0.03030202]
0.370 3.20e-08 [0.0255448]
0.390 3.20e-08 [0.02053069]
0.410 3.20e-08 [0.01573669]
0.430 3.20e-08 [0.01124397]
0.450 3.20e-08 [0.00732451]
0.470 3.20e-08 [0.00418661]
0.490 3.20e-08 [0.00192261]
0.510 3.20e-08 [0.0006756]
0.530 3.20e-08 [0.00015967]
0.220 6.30e-08 [0.47415901]
0.250 6.30e-08 [0.54362467]
0.270 6.30e-08 [0.53472153]
0.290 6.30e-08 [0.53437443]
0.310 6.30e-08 [0.46269475]
0.330 6.30e-08 [0.41425721]
0.350 6.30e-08 [0.3534073]
0.370 6.30e-08 [0.2913493]
0.390 6.30e-08 [0.22878666]
0.410 6.30e-08 [0.17159388]
0.430 6.30e-08 [0.11986084]
0.450 6.30e-08 [0.07635512]
0.470 6.30e-08 [0.04259241]
0.490 6.30e-08 [0.01906777]
0.510 6.30e-08 [0.0065396]
0.530 6.30e-08 [0.00149882]
0.220 1.26e-07 [4.97786354]
0.250 1.26e-07 [5.01751253]
0.270 1.26e-07 [4.66847519]
0.290 1.26e-07 [4.29510879]
0.310 1.26e-07 [3.66376527]
0.330 1.26e-07 [3.11629241]
0.350 1.26e-07 [2.5595737]
0.370 1.26e-07 [2.02411093]
0.390 1.26e-07 [1.52267754]
0.410 1.26e-07 [1.09952294]
0.430 1.26e-07 [0.73982273]
0.450 1.26e-07 [0.45432612]
0.470 1.26e-07 [0.24439363]
0.490 1.26e-07 [0.10535235]
0.510 1.26e-07 [0.03493136]
0.530 1.26e-07 [0.00767961]
0.220 2.51e-07 [29.1748228]
0.250 2.51e-07 [24.72457644]
0.270 2.51e-07 [21.35546503]
0.290 2.51e-07 [17.92065503]
0.310 2.51e-07 [14.95364254]
0.330 2.51e-07 [12.01453769]
0.350 2.51e-07 [9.38094629]
0.370 2.51e-07 [7.07510373]
0.390 2.51e-07 [5.12266034]
0.410 2.51e-07 [3.52610219]
0.430 2.51e-07 [2.27457334]
0.450 2.51e-07 [1.34610945]
0.470 2.51e-07 [0.69565289]
0.490 2.51e-07 [0.28644009]
0.510 2.51e-07 [0.09132183]
0.530 2.51e-07 [0.0191429]
0.220 5.01e-07 [91.07246291]
0.250 5.01e-07 [63.28851805]
0.270 5.01e-07 [49.70610697]
0.290 5.01e-07 [36.19343828]
0.310 5.01e-07 [29.50822837]
0.330 5.01e-07 [21.63358543]
0.350 5.01e-07 [15.75557437]
0.370 5.01e-07 [11.01696215]
0.390 5.01e-07 [7.48170848]
0.410 5.01e-07 [4.73323012]
0.430 5.01e-07 [2.85753568]
0.450 5.01e-07 [1.56933576]
0.470 5.01e-07 [0.7601086]
0.490 5.01e-07 [0.28956613]
0.510 5.01e-07 [0.0861757]
0.530 5.01e-07 [0.01664087]
0.220 1.00e-06 [130.20897298]
0.250 1.00e-06 [62.02553999]
0.270 1.00e-06 [42.19093468]
0.290 1.00e-06 [23.53069635]
0.310 1.00e-06 [18.21564788]
0.330 1.00e-06 [11.5710485]
0.350 1.00e-06 [7.48060524]
0.370 1.00e-06 [4.43018102]
0.390 1.00e-06 [2.65063208]
0.410 1.00e-06 [1.44822675]
0.430 1.00e-06 [0.71195872]
0.450 1.00e-06 [0.33997966]
0.470 1.00e-06 [0.1419798]
0.490 1.00e-06 [0.04711101]
0.510 1.00e-06 [0.01182356]
0.530 1.00e-06 [0.00190907]
0.220 1.99e-06 [49.39287665]
0.250 1.99e-06 [12.38302959]
0.270 1.99e-06 [5.78330666]
0.290 1.99e-06 [1.72778058]
0.310 1.99e-06 [1.03951483]
0.330 1.99e-06 [0.58759888]
0.350 1.99e-06 [0.25530933]
0.370 1.99e-06 [0.09143767]
0.390 1.99e-06 [0.03406754]
0.410 1.99e-06 [0.01616824]
0.430 1.99e-06 [0.]
0.450 1.99e-06 [0.]
0.470 1.99e-06 [0.]
0.490 1.99e-06 [0.]
0.510 1.99e-06 [0.]
0.530 1.99e-06 [0.]
0.220 3.98e-06 [0.88795129]
0.250 3.98e-06 [0.]
0.270 3.98e-06 [0.]
0.290 3.98e-06 [0.]
0.310 3.98e-06 [0.]
0.330 3.98e-06 [0.]
0.350 3.98e-06 [0.]
0.370 3.98e-06 [0.]
0.390 3.98e-06 [0.]
0.410 3.98e-06 [0.]
0.430 3.98e-06 [0.]
0.450 3.98e-06 [0.]
0.470 3.98e-06 [0.]
0.490 3.98e-06 [0.]
0.510 3.98e-06 [0.]
0.530 3.98e-06 [0.]
0.220 7.94e-06 [0.]
0.250 7.94e-06 [0.]
0.270 7.94e-06 [0.]
0.290 7.94e-06 [0.]
0.310 7.94e-06 [0.]
0.330 7.94e-06 [0.]
0.350 7.94e-06 [0.]
0.370 7.94e-06 [0.]
0.390 7.94e-06 [0.]
0.410 7.94e-06 [0.]
0.430 7.94e-06 [0.]
0.450 7.94e-06 [0.]
0.470 7.94e-06 [0.]
0.490 7.94e-06 [0.]
0.510 7.94e-06 [0.]
0.530 7.94e-06 [0.]
0.220 1.58e-05 [0.]
0.250 1.58e-05 [0.]
0.270 1.58e-05 [0.]
0.290 1.58e-05 [0.]
0.310 1.58e-05 [0.]
0.330 1.58e-05 [0.]
0.350 1.58e-05 [0.]
0.370 1.58e-05 [0.]
0.390 1.58e-05 [0.]
0.410 1.58e-05 [0.]
0.430 1.58e-05 [0.]
0.450 1.58e-05 [0.]
0.470 1.58e-05 [0.]
0.490 1.58e-05 [0.]
0.510 1.58e-05 [0.]
0.530 1.58e-05 [0.]
0.220 3.16e-05 [0.]
0.250 3.16e-05 [0.]
0.270 3.16e-05 [0.]
0.290 3.16e-05 [0.]
0.310 3.16e-05 [0.]
0.330 3.16e-05 [0.]
0.350 3.16e-05 [0.]
0.370 3.16e-05 [0.]
0.390 3.16e-05 [0.]
0.410 3.16e-05 [0.]
0.430 3.16e-05 [0.]
0.450 3.16e-05 [0.]
0.470 3.16e-05 [0.]
0.490 3.16e-05 [0.]
0.510 3.16e-05 [0.]
0.530 3.16e-05 [0.]
0.220 6.31e-05 [0.]
0.250 6.31e-05 [0.]
0.270 6.31e-05 [0.]
0.290 6.31e-05 [0.]
0.310 6.31e-05 [0.]
0.330 6.31e-05 [0.]
0.350 6.31e-05 [0.]
0.370 6.31e-05 [0.]
0.390 6.31e-05 [0.]
0.410 6.31e-05 [0.]
0.430 6.31e-05 [0.]
0.450 6.31e-05 [0.]
0.470 6.31e-05 [0.]
0.490 6.31e-05 [0.]
0.510 6.31e-05 [0.]
0.530 6.31e-05 [0.]
0.220 1.26e-04 [0.]
0.250 1.26e-04 [0.]
0.270 1.26e-04 [0.]
0.290 1.26e-04 [0.]
0.310 1.26e-04 [0.]
0.330 1.26e-04 [0.]
0.350 1.26e-04 [0.]
0.370 1.26e-04 [0.]
0.390 1.26e-04 [0.]
0.410 1.26e-04 [0.]
0.430 1.26e-04 [0.]
0.450 1.26e-04 [0.]
0.470 1.26e-04 [0.]
0.490 1.26e-04 [0.]
0.510 1.26e-04 [0.]
0.530 1.26e-04 [0.]
0.220 2.51e-04 [0.]
0.250 2.51e-04 [0.]
0.270 2.51e-04 [0.]
0.290 2.51e-04 [0.]
0.310 2.51e-04 [0.]
0.330 2.51e-04 [0.]
0.350 2.51e-04 [0.]
0.370 2.51e-04 [0.]
0.390 2.51e-04 [0.]
0.410 2.51e-04 [0.]
0.430 2.51e-04 [0.]
0.450 2.51e-04 [0.]
0.470 2.51e-04 [0.]
0.490 2.51e-04 [0.]
0.510 2.51e-04 [0.]
0.530 2.51e-04 [0.]
0.220 5.01e-04 [0.]
0.250 5.01e-04 [0.]
0.270 5.01e-04 [0.]
0.290 5.01e-04 [0.]
0.310 5.01e-04 [0.]
0.330 5.01e-04 [0.]
0.350 5.01e-04 [0.]
0.370 5.01e-04 [0.]
0.390 5.01e-04 [0.]
0.410 5.01e-04 [0.]
0.430 5.01e-04 [0.]
0.450 5.01e-04 [0.]
0.470 5.01e-04 [0.]
0.490 5.01e-04 [0.]
0.510 5.01e-04 [0.]
0.530 5.01e-04 [0.]
0.220 1.00e-03 [0.]
0.250 1.00e-03 [0.]
0.270 1.00e-03 [0.]
0.290 1.00e-03 [0.]
0.310 1.00e-03 [0.]
0.330 1.00e-03 [0.]
0.350 1.00e-03 [0.]
0.370 1.00e-03 [0.]
0.390 1.00e-03 [0.]
0.410 1.00e-03 [0.]
0.430 1.00e-03 [0.]
0.450 1.00e-03 [0.]
0.470 1.00e-03 [0.]
0.490 1.00e-03 [0.]
0.510 1.00e-03 [0.]
0.530 1.00e-03 [0.]
