0.001 1.00e-09 [0.]
0.002 1.00e-09 [0.]
0.003 1.00e-09 [0.]
0.004 1.00e-09 [0.]
0.005 1.00e-09 [0.]
0.007 1.00e-09 [0.]
0.010 1.00e-09 [0.]
0.020 1.00e-09 [0.]
0.040 1.00e-09 [0.]
0.060 1.00e-09 [0.]
0.080 1.00e-09 [0.]
0.100 1.00e-09 [0.]
0.120 1.00e-09 [0.]
0.140 1.00e-09 [0.]
0.160 1.00e-09 [0.]
0.180 1.00e-09 [0.]
0.200 1.00e-09 [0.]
0.220 1.00e-09 [0.]
0.250 1.00e-09 [0.]
0.270 1.00e-09 [0.]
0.290 1.00e-09 [0.]
0.310 1.00e-09 [0.]
0.330 1.00e-09 [1.02695149e-08]
0.350 1.00e-09 [1.0776408e-08]
0.370 1.00e-09 [1.13728387e-08]
0.390 1.00e-09 [1.20784848e-08]
0.410 1.00e-09 [1.29289794e-08]
0.430 1.00e-09 [1.39426091e-08]
0.450 1.00e-09 [1.51650007e-08]
0.470 1.00e-09 [1.66757707e-08]
0.490 1.00e-09 [1.84482221e-08]
0.510 1.00e-09 [4.13817975e-08]
0.530 1.00e-09 [4.70372317e-08]
0.550 1.00e-09 [5.42395961e-08]
0.570 1.00e-09 [6.34659418e-08]
0.590 1.00e-09 [1.12730383e-07]
0.610 1.00e-09 [1.379102e-07]
0.630 1.00e-09 [2.3270401e-07]
0.650 1.00e-09 [3.75712634e-07]
0.670 1.00e-09 [6.03531852e-07]
0.690 1.00e-09 [1.06785267e-06]
0.710 1.00e-09 [2.28713422e-06]
0.730 1.00e-09 [6.35612783e-06]
0.750 1.00e-09 [8.41033762e-05]
0.770 1.00e-09 [0.00026982]
0.790 1.00e-09 [0.00016913]
0.810 1.00e-09 [5.75010885e-06]
0.830 1.00e-09 [3.17487041e-06]
0.850 1.00e-09 [1.52357918e-06]
0.870 1.00e-09 [1.02417039e-06]
0.890 1.00e-09 [6.29703909e-07]
0.910 1.00e-09 [5.132759e-07]
0.930 1.00e-09 [4.00222065e-07]
0.950 1.00e-09 [3.44844471e-07]
0.970 1.00e-09 [2.89466876e-07]
0.990 1.00e-09 [2.57769314e-07]
1.010 1.00e-09 [3.27418239e-07]
1.030 1.00e-09 [3.87843035e-07]
1.050 1.00e-09 [2.21411481e-07]
1.070 1.00e-09 [2.06062766e-07]
1.090 1.00e-09 [1.97090735e-07]
1.110 1.00e-09 [1.88118705e-07]
1.130 1.00e-09 [1.81667845e-07]
1.150 1.00e-09 [1.98116241e-07]
1.170 1.00e-09 [1.91476498e-07]
1.190 1.00e-09 [1.82352934e-07]
1.210 1.00e-09 [1.92477079e-07]
1.230 1.00e-09 [1.78773505e-07]
1.250 1.00e-09 [1.59795017e-07]
1.270 1.00e-09 [1.54898182e-07]
1.290 1.00e-09 [1.45352813e-07]
1.310 1.00e-09 [1.21018197e-07]
1.330 1.00e-09 [1.04740547e-07]
1.350 1.00e-09 [8.40945994e-08]
1.370 1.00e-09 [7.32429993e-08]
1.390 1.00e-09 [5.99170543e-08]
1.410 1.00e-09 [4.87051155e-08]
1.430 1.00e-09 [3.9684142e-08]
1.450 1.00e-09 [3.25796166e-08]
1.470 1.00e-09 [2.66366128e-08]
1.490 1.00e-09 [2.21981487e-08]
0.001 2.00e-09 [0.]
0.002 2.00e-09 [0.]
0.003 2.00e-09 [0.]
0.004 2.00e-09 [0.]
0.005 2.00e-09 [0.]
0.007 2.00e-09 [0.]
0.010 2.00e-09 [0.]
0.020 2.00e-09 [0.]
0.040 2.00e-09 [0.]
0.060 2.00e-09 [0.]
0.080 2.00e-09 [0.]
0.100 2.00e-09 [0.]
0.120 2.00e-09 [0.]
0.140 2.00e-09 [0.]
0.160 2.00e-09 [0.]
0.180 2.00e-09 [0.]
0.200 2.00e-09 [0.]
0.220 2.00e-09 [3.44348234e-08]
0.250 2.00e-09 [3.56351057e-08]
0.270 2.00e-09 [3.66441925e-08]
0.290 2.00e-09 [7.58539812e-08]
0.310 2.00e-09 [7.87038073e-08]
0.330 2.00e-09 [8.21561196e-08]
0.350 2.00e-09 [1.29316896e-07]
0.370 2.00e-09 [1.36474065e-07]
0.390 2.00e-09 [1.44941817e-07]
0.410 2.00e-09 [2.06863671e-07]
0.430 2.00e-09 [2.23081745e-07]
0.450 2.00e-09 [3.03300015e-07]
0.470 2.00e-09 [3.33515414e-07]
0.490 2.00e-09 [4.4275733e-07]
0.510 2.00e-09 [5.79345165e-07]
0.530 2.00e-09 [6.58521244e-07]
0.550 2.00e-09 [8.67833538e-07]
0.570 2.00e-09 [1.14238695e-06]
0.590 2.00e-09 [1.65337895e-06]
0.610 2.00e-09 [2.39044347e-06]
0.630 2.00e-09 [3.49056015e-06]
0.650 2.00e-09 [5.41026193e-06]
0.670 2.00e-09 [8.8518005e-06]
0.690 2.00e-09 [1.70856427e-05]
0.710 2.00e-09 [3.76106516e-05]
0.730 2.00e-09 [9.9579336e-05]
0.750 2.00e-09 [0.00134565]
0.770 2.00e-09 [0.00431718]
0.790 2.00e-09 [0.00266627]
0.810 2.00e-09 [9.20017417e-05]
0.830 2.00e-09 [5.20678747e-05]
0.850 2.00e-09 [2.43772668e-05]
0.870 2.00e-09 [1.63867262e-05]
0.890 2.00e-09 [1.04350933e-05]
0.910 2.00e-09 [8.21241439e-06]
0.930 2.00e-09 [6.17485472e-06]
0.950 2.00e-09 [5.12340356e-06]
0.970 2.00e-09 [4.30065073e-06]
0.990 2.00e-09 [3.97701228e-06]
1.010 2.00e-09 [5.36965911e-06]
1.030 2.00e-09 [6.08615224e-06]
1.050 2.00e-09 [3.54258369e-06]
1.070 2.00e-09 [3.19397288e-06]
1.090 2.00e-09 [3.15345177e-06]
1.110 2.00e-09 [3.00989928e-06]
1.130 2.00e-09 [2.99751943e-06]
1.150 2.00e-09 [2.99375652e-06]
1.170 2.00e-09 [2.9785233e-06]
1.190 2.00e-09 [2.9986927e-06]
1.210 2.00e-09 [3.00264242e-06]
1.230 2.00e-09 [2.86037607e-06]
1.250 2.00e-09 [2.68455629e-06]
1.270 2.00e-09 [2.47837092e-06]
1.290 2.00e-09 [2.22874313e-06]
1.310 2.00e-09 [1.93629116e-06]
1.330 2.00e-09 [1.61139303e-06]
1.350 2.00e-09 [1.37138885e-06]
1.370 2.00e-09 [1.19281456e-06]
1.390 2.00e-09 [9.42694987e-07]
1.410 2.00e-09 [7.67105569e-07]
1.430 2.00e-09 [6.44867308e-07]
1.450 2.00e-09 [5.28939658e-07]
1.470 2.00e-09 [4.14970389e-07]
1.490 2.00e-09 [3.55170379e-07]
0.001 4.00e-09 [0.]
0.002 4.00e-09 [0.]
0.003 4.00e-09 [0.]
0.004 4.00e-09 [0.]
0.005 4.00e-09 [0.]
0.007 4.00e-09 [0.]
0.010 4.00e-09 [0.]
0.020 4.00e-09 [0.]
0.040 4.00e-09 [0.]
0.060 4.00e-09 [0.]
0.080 4.00e-09 [0.]
0.100 4.00e-09 [0.]
0.120 4.00e-09 [1.28835232e-07]
0.140 4.00e-09 [1.29812203e-07]
0.160 4.00e-09 [1.31414371e-07]
0.180 4.00e-09 [1.33289594e-07]
0.200 4.00e-09 [2.70537536e-07]
0.220 4.00e-09 [4.1321788e-07]
0.250 4.00e-09 [7.12702113e-07]
0.270 4.00e-09 [8.79460621e-07]
0.290 4.00e-09 [1.06195574e-06]
0.310 4.00e-09 [1.25926092e-06]
0.330 4.00e-09 [1.47881015e-06]
0.350 4.00e-09 [1.72422528e-06]
0.370 4.00e-09 [2.18358504e-06]
0.390 4.00e-09 [2.51232484e-06]
0.410 4.00e-09 [3.10295506e-06]
0.430 4.00e-09 [3.79238966e-06]
0.450 4.00e-09 [4.61016022e-06]
0.470 4.00e-09 [5.60305895e-06]
0.490 4.00e-09 [7.08411729e-06]
0.510 4.00e-09 [8.60741387e-06]
0.530 4.00e-09 [1.12889356e-05]
0.550 4.00e-09 [1.47531701e-05]
0.570 4.00e-09 [1.87859188e-05]
0.590 4.00e-09 [2.58528346e-05]
0.610 4.00e-09 [3.67760533e-05]
0.630 4.00e-09 [5.58489625e-05]
0.650 4.00e-09 [8.77664713e-05]
0.670 4.00e-09 [0.00014324]
0.690 4.00e-09 [0.00027581]
0.710 4.00e-09 [0.0005977]
0.730 4.00e-09 [0.00157632]
0.750 4.00e-09 [0.02143435]
0.770 4.00e-09 [0.06907483]
0.790 4.00e-09 [0.04202358]
0.810 4.00e-09 [0.00147969]
0.830 4.00e-09 [0.00083309]
0.850 4.00e-09 [0.00038462]
0.870 4.00e-09 [0.00026219]
0.890 4.00e-09 [0.00016696]
0.910 4.00e-09 [0.00013023]
0.930 4.00e-09 [9.69680889e-05]
0.950 4.00e-09 [8.1974457e-05]
0.970 4.00e-09 [6.94720502e-05]
0.990 4.00e-09 [6.24538225e-05]
1.010 4.00e-09 [8.59145458e-05]
1.030 4.00e-09 [9.73784358e-05]
1.050 4.00e-09 [5.66813391e-05]
1.070 4.00e-09 [5.06914405e-05]
1.090 4.00e-09 [4.96668653e-05]
1.110 4.00e-09 [4.81583884e-05]
1.130 4.00e-09 [4.7960311e-05]
1.150 4.00e-09 [4.79001044e-05]
1.170 4.00e-09 [4.73159702e-05]
1.190 4.00e-09 [4.70065342e-05]
1.210 4.00e-09 [4.74263521e-05]
1.230 4.00e-09 [4.60520548e-05]
1.250 4.00e-09 [4.21858845e-05]
1.270 4.00e-09 [3.98792411e-05]
1.290 4.00e-09 [3.54660864e-05]
1.310 4.00e-09 [3.09806586e-05]
1.330 4.00e-09 [2.57822885e-05]
1.350 4.00e-09 [2.16317185e-05]
1.370 4.00e-09 [1.88339141e-05]
1.390 4.00e-09 [1.49552967e-05]
1.410 4.00e-09 [1.21275738e-05]
1.430 4.00e-09 [1.03178769e-05]
1.450 4.00e-09 [8.43237136e-06]
1.470 4.00e-09 [6.59466457e-06]
1.490 4.00e-09 [5.68272606e-06]
0.001 8.00e-09 [0.]
0.002 8.00e-09 [0.]
0.003 8.00e-09 [0.]
0.004 8.00e-09 [0.]
0.005 8.00e-09 [0.]
0.007 8.00e-09 [0.]
0.010 8.00e-09 [0.]
0.020 8.00e-09 [0.]
0.040 8.00e-09 [0.]
0.060 8.00e-09 [5.08761288e-07]
0.080 8.00e-09 [5.10286032e-07]
0.100 8.00e-09 [1.02484639e-06]
0.120 8.00e-09 [1.54602278e-06]
0.140 8.00e-09 [1.55774644e-06]
0.160 8.00e-09 [2.10262993e-06]
0.180 8.00e-09 [3.19895027e-06]
0.200 8.00e-09 [3.78752551e-06]
0.220 8.00e-09 [6.61148609e-06]
0.250 8.00e-09 [1.02629104e-05]
0.270 8.00e-09 [1.28987558e-05]
0.290 8.00e-09 [1.75981236e-05]
0.310 8.00e-09 [1.95185442e-05]
0.330 8.00e-09 [2.36609624e-05]
0.350 8.00e-09 [2.82772945e-05]
0.370 8.00e-09 [3.42094989e-05]
0.390 8.00e-09 [4.09702204e-05]
0.410 8.00e-09 [4.96472809e-05]
0.430 8.00e-09 [6.06782346e-05]
0.450 8.00e-09 [7.37625636e-05]
0.470 8.00e-09 [8.96489432e-05]
0.490 8.00e-09 [0.00011098]
0.510 8.00e-09 [0.00013904]
0.530 8.00e-09 [0.00017761]
0.550 8.00e-09 [0.00023258]
0.570 8.00e-09 [0.00030057]
0.590 8.00e-09 [0.00041365]
0.610 8.00e-09 [0.00058842]
0.630 8.00e-09 [0.00088241]
0.650 8.00e-09 [0.00140426]
0.670 8.00e-09 [0.00228537]
0.690 8.00e-09 [0.00438369]
0.710 8.00e-09 [0.00948195]
0.730 8.00e-09 [0.02491602]
0.750 8.00e-09 [0.33987376]
0.770 8.00e-09 [1.09097592]
0.790 8.00e-09 [0.66537328]
0.810 8.00e-09 [0.02339911]
0.830 8.00e-09 [0.01320746]
0.850 8.00e-09 [0.00609973]
0.870 8.00e-09 [0.00415404]
0.890 8.00e-09 [0.00265411]
0.910 8.00e-09 [0.00206953]
0.930 8.00e-09 [0.00153319]
0.950 8.00e-09 [0.00129898]
0.970 8.00e-09 [0.00109832]
0.990 8.00e-09 [0.00099219]
1.010 8.00e-09 [0.00135787]
1.030 8.00e-09 [0.00154469]
1.050 8.00e-09 [0.00090159]
1.070 8.00e-09 [0.00080612]
1.090 8.00e-09 [0.00078679]
1.110 8.00e-09 [0.00076602]
1.130 8.00e-09 [0.00076155]
1.150 8.00e-09 [0.00075936]
1.170 8.00e-09 [0.00075025]
1.190 8.00e-09 [0.00074821]
1.210 8.00e-09 [0.0007502]
1.230 8.00e-09 [0.00072768]
1.250 8.00e-09 [0.00066884]
1.270 8.00e-09 [0.00063176]
1.290 8.00e-09 [0.00056048]
1.310 8.00e-09 [0.00049053]
1.330 8.00e-09 [0.00040736]
1.350 8.00e-09 [0.00034321]
1.370 8.00e-09 [0.00029766]
1.390 8.00e-09 [0.00023647]
1.410 8.00e-09 [0.0001919]
1.430 8.00e-09 [0.00016318]
1.450 8.00e-09 [0.00013296]
1.470 8.00e-09 [0.00010408]
1.490 8.00e-09 [8.96524808e-05]
0.001 1.60e-08 [0.]
0.002 1.60e-08 [0.]
0.003 1.60e-08 [0.]
0.004 1.60e-08 [0.]
0.005 1.60e-08 [0.]
0.007 1.60e-08 [0.]
0.010 1.60e-08 [0.]
0.020 1.60e-08 [0.]
0.040 1.60e-08 [2.04306671e-06]
0.060 1.60e-08 [6.10513545e-06]
0.080 1.60e-08 [8.16457651e-06]
0.100 1.60e-08 [1.43478494e-05]
0.120 1.60e-08 [2.06136371e-05]
0.140 1.60e-08 [2.90779335e-05]
0.160 1.60e-08 [3.78473387e-05]
0.180 1.60e-08 [4.69179372e-05]
0.200 1.60e-08 [5.84361078e-05]
0.220 1.60e-08 [0.00010138]
0.250 1.60e-08 [0.00016649]
0.270 1.60e-08 [0.00020873]
0.290 1.60e-08 [0.00027914]
0.310 1.60e-08 [0.0003123]
0.330 1.60e-08 [0.00037595]
0.350 1.60e-08 [0.00045244]
0.370 1.60e-08 [0.00054735]
0.390 1.60e-08 [0.00064625]
0.410 1.60e-08 [0.00079436]
0.430 1.60e-08 [0.00096014]
0.450 1.60e-08 [0.00116855]
0.470 1.60e-08 [0.00142585]
0.490 1.60e-08 [0.00176158]
0.510 1.60e-08 [0.0022035]
0.530 1.60e-08 [0.0028117]
0.550 1.60e-08 [0.00368656]
0.570 1.60e-08 [0.0047767]
0.590 1.60e-08 [0.00657023]
0.610 1.60e-08 [0.00933229]
0.630 1.60e-08 [0.0139399]
0.650 1.60e-08 [0.02217967]
0.670 1.60e-08 [0.03607672]
0.690 1.60e-08 [0.06896742]
0.710 1.60e-08 [0.1485885]
0.730 1.60e-08 [0.38930012]
0.750 1.60e-08 [5.28572898]
0.770 1.60e-08 [16.8827]
0.790 1.60e-08 [10.29704948]
0.810 1.60e-08 [0.36506291]
0.830 1.60e-08 [0.20660533]
0.850 1.60e-08 [0.09573224]
0.870 1.60e-08 [0.06521917]
0.890 1.60e-08 [0.04170583]
0.910 1.60e-08 [0.03254932]
0.930 1.60e-08 [0.02415054]
0.950 1.60e-08 [0.02044317]
0.970 1.60e-08 [0.01728729]
0.990 1.60e-08 [0.01563938]
1.010 1.60e-08 [0.02125652]
1.030 1.60e-08 [0.02405056]
1.050 1.60e-08 [0.01416325]
1.070 1.60e-08 [0.01266709]
1.090 1.60e-08 [0.01234892]
1.110 1.60e-08 [0.01202154]
1.130 1.60e-08 [0.01194648]
1.150 1.60e-08 [0.01191304]
1.170 1.60e-08 [0.01176432]
1.190 1.60e-08 [0.01171727]
1.210 1.60e-08 [0.01174695]
1.230 1.60e-08 [0.01139116]
1.250 1.60e-08 [0.01046005]
1.270 1.60e-08 [0.00986302]
1.290 1.60e-08 [0.00874753]
1.310 1.60e-08 [0.00764964]
1.330 1.60e-08 [0.00634863]
1.350 1.60e-08 [0.005339]
1.370 1.60e-08 [0.00462327]
1.390 1.60e-08 [0.00366903]
1.410 1.60e-08 [0.00297296]
1.430 1.60e-08 [0.00252518]
1.450 1.60e-08 [0.00205468]
1.470 1.60e-08 [0.00160389]
1.490 1.60e-08 [0.00138001]
0.001 3.20e-08 [0.]
0.002 3.20e-08 [0.]
0.003 3.20e-08 [0.]
0.004 3.20e-08 [0.]
0.005 3.20e-08 [0.]
0.007 3.20e-08 [0.]
0.010 3.20e-08 [0.]
0.020 3.20e-08 [8.16760622e-06]
0.040 3.20e-08 [4.08613343e-05]
0.060 3.20e-08 [8.1401806e-05]
0.080 3.20e-08 [0.00014696]
0.100 3.20e-08 [0.00022957]
0.120 3.20e-08 [0.00032982]
0.140 3.20e-08 [0.00044863]
0.160 3.20e-08 [0.00059715]
0.180 3.20e-08 [0.00075069]
0.200 3.20e-08 [0.00094363]
0.220 3.20e-08 [0.00162202]
0.250 3.20e-08 [0.00263643]
0.270 3.20e-08 [0.00332084]
0.290 3.20e-08 [0.00441774]
0.310 3.20e-08 [0.00495645]
0.330 3.20e-08 [0.00595205]
0.350 3.20e-08 [0.00719485]
0.370 3.20e-08 [0.00866447]
0.390 3.20e-08 [0.01025338]
0.410 3.20e-08 [0.01257731]
0.430 3.20e-08 [0.01520525]
0.450 3.20e-08 [0.01846393]
0.470 3.20e-08 [0.022472]
0.490 3.20e-08 [0.02780752]
0.510 3.20e-08 [0.03472628]
0.530 3.20e-08 [0.04424059]
0.550 3.20e-08 [0.05784631]
0.570 3.20e-08 [0.07489997]
0.590 3.20e-08 [0.10277644]
0.610 3.20e-08 [0.14555079]
0.630 3.20e-08 [0.21648547]
0.650 3.20e-08 [0.34248641]
0.670 3.20e-08 [0.55333088]
0.690 3.20e-08 [1.0472425]
0.710 3.20e-08 [2.22492417]
0.730 3.20e-08 [5.73468498]
0.750 3.20e-08 [76.63614977]
0.770 3.20e-08 [239.89280571]
0.790 3.20e-08 [146.70048238]
0.810 3.20e-08 [5.35916279]
0.830 3.20e-08 [3.07095817]
0.850 3.20e-08 [1.43550682]
0.870 3.20e-08 [0.98372795]
0.890 3.20e-08 [0.63192047]
0.910 3.20e-08 [0.4942841]
0.930 3.20e-08 [0.36755663]
0.950 3.20e-08 [0.31140204]
0.970 3.20e-08 [0.26325805]
0.990 3.20e-08 [0.23786186]
1.010 3.20e-08 [0.31549498]
1.030 3.20e-08 [0.35083732]
1.050 3.20e-08 [0.21340524]
1.070 3.20e-08 [0.19122625]
1.090 3.20e-08 [0.18625548]
1.110 3.20e-08 [0.1811237]
1.130 3.20e-08 [0.17970293]
1.150 3.20e-08 [0.17890971]
1.170 3.20e-08 [0.17642117]
1.190 3.20e-08 [0.17523517]
1.210 3.20e-08 [0.17496259]
1.230 3.20e-08 [0.16918781]
1.250 3.20e-08 [0.15508861]
1.270 3.20e-08 [0.14543621]
1.290 3.20e-08 [0.12868569]
1.310 3.20e-08 [0.1120777]
1.330 3.20e-08 [0.09268423]
1.350 3.20e-08 [0.07762744]
1.370 3.20e-08 [0.06676145]
1.390 3.20e-08 [0.05278581]
1.410 3.20e-08 [0.04247709]
1.430 3.20e-08 [0.0359151]
1.450 3.20e-08 [0.02904219]
1.470 3.20e-08 [0.02247533]
1.490 3.20e-08 [0.01925666]
0.001 6.30e-08 [0.]
0.002 6.30e-08 [0.]
0.003 6.30e-08 [0.]
0.004 6.30e-08 [0.]
0.005 6.30e-08 [0.]
0.007 6.30e-08 [3.1652555e-05]
0.010 6.30e-08 [3.16532564e-05]
0.020 6.30e-08 [0.00012663]
0.040 6.30e-08 [0.00057016]
0.060 6.30e-08 [0.00126205]
0.080 6.30e-08 [0.00224685]
0.100 6.30e-08 [0.00352739]
0.120 6.30e-08 [0.00511347]
0.140 6.30e-08 [0.00692333]
0.160 6.30e-08 [0.00916031]
0.180 6.30e-08 [0.01157245]
0.200 6.30e-08 [0.01446225]
0.220 6.30e-08 [0.02494261]
0.250 6.30e-08 [0.04034454]
0.270 6.30e-08 [0.05075884]
0.290 6.30e-08 [0.06743844]
0.310 6.30e-08 [0.07551676]
0.330 6.30e-08 [0.09044579]
0.350 6.30e-08 [0.10915303]
0.370 6.30e-08 [0.13108307]
0.390 6.30e-08 [0.15479667]
0.410 6.30e-08 [0.18930148]
0.430 6.30e-08 [0.22804879]
0.450 6.30e-08 [0.2762114]
0.470 6.30e-08 [0.33496802]
0.490 6.30e-08 [0.41267352]
0.510 6.30e-08 [0.51309936]
0.530 6.30e-08 [0.65005727]
0.550 6.30e-08 [0.84431623]
0.570 6.30e-08 [1.08655479]
0.590 6.30e-08 [1.47606131]
0.610 6.30e-08 [2.06685244]
0.630 6.30e-08 [3.02779897]
0.650 6.30e-08 [4.68208057]
0.670 6.30e-08 [7.36591011]
0.690 6.30e-08 [13.42393001]
0.710 6.30e-08 [27.02714741]
0.730 6.30e-08 [65.54517517]
0.750 6.30e-08 [825.95600262]
0.770 6.30e-08 [2403.60703527]
0.790 6.30e-08 [1484.10540462]
0.810 6.30e-08 [60.49970275]
0.830 6.30e-08 [36.27719354]
0.850 6.30e-08 [17.53722057]
0.870 6.30e-08 [12.28981459]
0.890 6.30e-08 [8.0409455]
0.910 6.30e-08 [6.3371224]
0.930 6.30e-08 [4.75500554]
0.950 6.30e-08 [4.03938847]
0.970 6.30e-08 [3.41073812]
0.990 6.30e-08 [3.07174386]
1.010 6.30e-08 [3.71130771]
1.030 6.30e-08 [3.87039705]
1.050 6.30e-08 [2.65480093]
1.070 6.30e-08 [2.39991709]
1.090 6.30e-08 [2.32808309]
1.110 6.30e-08 [2.25383565]
1.130 6.30e-08 [2.22152324]
1.150 6.30e-08 [2.19882222]
1.170 6.30e-08 [2.15696437]
1.190 6.30e-08 [2.11956784]
1.210 6.30e-08 [2.08731743]
1.230 6.30e-08 [1.99604084]
1.250 6.30e-08 [1.81750266]
1.270 6.30e-08 [1.67128108]
1.290 6.30e-08 [1.4653395]
1.310 6.30e-08 [1.257521]
1.330 6.30e-08 [1.02652882]
1.350 6.30e-08 [0.84767682]
1.370 6.30e-08 [0.7112219]
1.390 6.30e-08 [0.5545272]
1.410 6.30e-08 [0.43554087]
1.430 6.30e-08 [0.36244182]
1.450 6.30e-08 [0.28669976]
1.470 6.30e-08 [0.21529189]
1.490 6.30e-08 [0.18193569]
0.001 1.26e-07 [0.]
0.002 1.26e-07 [0.]
0.003 1.26e-07 [0.]
0.004 1.26e-07 [0.00012661]
0.005 1.26e-07 [0.00012661]
0.007 1.26e-07 [0.00025322]
0.010 1.26e-07 [0.00050645]
0.020 1.26e-07 [0.00227934]
0.040 1.26e-07 [0.00899585]
0.060 1.26e-07 [0.02006653]
0.080 1.26e-07 [0.03569636]
0.100 1.26e-07 [0.05618394]
0.120 1.26e-07 [0.08092067]
0.140 1.26e-07 [0.10961404]
0.160 1.26e-07 [0.14486986]
0.180 1.26e-07 [0.18291088]
0.200 1.26e-07 [0.22804052]
0.220 1.26e-07 [0.38978801]
0.250 1.26e-07 [0.62373159]
0.270 1.26e-07 [0.77941725]
0.290 1.26e-07 [1.02512446]
0.310 1.26e-07 [1.14345019]
0.330 1.26e-07 [1.3590916]
0.350 1.26e-07 [1.62566158]
0.370 1.26e-07 [1.93356551]
0.390 1.26e-07 [2.26236117]
0.410 1.26e-07 [2.73345377]
0.430 1.26e-07 [3.2527803]
0.450 1.26e-07 [3.89091511]
0.470 1.26e-07 [4.6534147]
0.490 1.26e-07 [5.63918804]
0.510 1.26e-07 [6.89990532]
0.530 1.26e-07 [8.55641149]
0.550 1.26e-07 [10.83144482]
0.570 1.26e-07 [13.61801901]
0.590 1.26e-07 [17.8147491]
0.610 1.26e-07 [23.89652174]
0.630 1.26e-07 [33.10375065]
0.650 1.26e-07 [47.14708104]
0.670 1.26e-07 [67.53162202]
0.690 1.26e-07 [108.15191352]
0.710 1.26e-07 [182.83568685]
0.730 1.26e-07 [368.31267268]
0.750 1.26e-07 [3945.68583866]
0.770 1.26e-07 [9478.86105054]
0.790 1.26e-07 [6029.92598455]
0.810 1.26e-07 [329.27083512]
0.830 1.26e-07 [225.67491563]
0.850 1.26e-07 [121.22659991]
0.870 1.26e-07 [91.3166709]
0.890 1.26e-07 [63.50351081]
0.910 1.26e-07 [51.30231625]
0.930 1.26e-07 [39.685711]
0.950 1.26e-07 [34.05216796]
0.970 1.26e-07 [28.60417881]
0.990 1.26e-07 [25.51226731]
1.010 1.26e-07 [23.03898318]
1.030 1.26e-07 [20.0366403]
1.050 1.26e-07 [19.57267583]
1.070 1.26e-07 [18.19336508]
1.090 1.26e-07 [17.41569254]
1.110 1.26e-07 [16.61766302]
1.130 1.26e-07 [16.05935616]
1.150 1.26e-07 [15.61917772]
1.170 1.26e-07 [15.07949799]
1.190 1.26e-07 [14.34586435]
1.210 1.26e-07 [13.56546244]
1.230 1.26e-07 [12.53636544]
1.250 1.26e-07 [11.20855672]
1.270 1.26e-07 [9.74208816]
1.290 1.26e-07 [8.33743562]
1.310 1.26e-07 [6.86811321]
1.330 1.26e-07 [5.41734507]
1.350 1.26e-07 [4.31078684]
1.370 1.26e-07 [3.39514393]
1.390 1.26e-07 [2.55624402]
1.410 1.26e-07 [1.89782685]
1.430 1.26e-07 [1.51714063]
1.450 1.26e-07 [1.14244819]
1.470 1.26e-07 [0.80278748]
1.490 1.26e-07 [0.65991162]
0.001 2.51e-07 [0.]
0.002 2.51e-07 [0.00050242]
0.003 2.51e-07 [0.00100484]
0.004 2.51e-07 [0.00150727]
0.005 2.51e-07 [0.0020097]
0.007 2.51e-07 [0.00452187]
0.010 2.51e-07 [0.00904393]
0.020 2.51e-07 [0.03567801]
0.040 2.51e-07 [0.14279348]
0.060 2.51e-07 [0.31601732]
0.080 2.51e-07 [0.56008768]
0.100 2.51e-07 [0.87668993]
0.120 2.51e-07 [1.25758871]
0.140 2.51e-07 [1.69546353]
0.160 2.51e-07 [2.22504488]
0.180 2.51e-07 [2.78792941]
0.200 2.51e-07 [3.447709]
0.220 2.51e-07 [5.71915537]
0.250 2.51e-07 [8.76971599]
0.270 2.51e-07 [10.68083401]
0.290 2.51e-07 [13.49375563]
0.310 2.51e-07 [14.83496854]
0.330 2.51e-07 [17.11740679]
0.350 2.51e-07 [19.7892907]
0.370 2.51e-07 [22.71090726]
0.390 2.51e-07 [25.6617401]
0.410 2.51e-07 [29.65164981]
0.430 2.51e-07 [33.7348872]
0.450 2.51e-07 [38.5679994]
0.470 2.51e-07 [43.92622806]
0.490 2.51e-07 [50.21877628]
0.510 2.51e-07 [58.06651497]
0.530 2.51e-07 [66.98749048]
0.550 2.51e-07 [77.90928398]
0.570 2.51e-07 [90.99399304]
0.590 2.51e-07 [105.75303656]
0.610 2.51e-07 [124.98668828]
0.630 2.51e-07 [148.07924234]
0.650 2.51e-07 [170.70053101]
0.670 2.51e-07 [197.94197458]
0.690 2.51e-07 [242.68298227]
0.710 2.51e-07 [301.80816072]
0.730 2.51e-07 [460.14169865]
0.750 2.51e-07 [3886.14228235]
0.770 2.51e-07 [7184.64187393]
0.790 2.51e-07 [4836.87691967]
0.810 2.51e-07 [399.75678785]
0.830 2.51e-07 [330.35304983]
0.850 2.51e-07 [213.1871529]
0.870 2.51e-07 [182.30381434]
0.890 2.51e-07 [142.06534593]
0.910 2.51e-07 [120.98156312]
0.930 2.51e-07 [98.88723679]
0.950 2.51e-07 [86.96425894]
0.970 2.51e-07 [72.28768408]
0.990 2.51e-07 [63.74555888]
1.010 2.51e-07 [35.58893019]
1.030 2.51e-07 [23.67327041]
1.050 2.51e-07 [40.10902196]
1.070 2.51e-07 [38.88319297]
1.090 2.51e-07 [36.47313107]
1.110 2.51e-07 [34.14465123]
1.130 2.51e-07 [32.06960696]
1.150 2.51e-07 [30.00557713]
1.170 2.51e-07 [28.41288262]
1.190 2.51e-07 [25.68810089]
1.210 2.51e-07 [22.99985538]
1.230 2.51e-07 [20.25746914]
1.250 2.51e-07 [17.36398567]
1.270 2.51e-07 [14.09339544]
1.290 2.51e-07 [11.59628614]
1.310 2.51e-07 [8.96995067]
1.330 2.51e-07 [6.84088291]
1.350 2.51e-07 [5.00787407]
1.370 2.51e-07 [3.66184188]
1.390 2.51e-07 [2.59683437]
1.410 2.51e-07 [1.76974064]
1.430 2.51e-07 [1.32101181]
1.450 2.51e-07 [0.91579881]
1.470 2.51e-07 [0.60112499]
1.490 2.51e-07 [0.4491411]
0.001 5.01e-07 [0.00200168]
0.002 5.01e-07 [0.00600504]
0.003 5.01e-07 [0.01201011]
0.004 5.01e-07 [0.0220186]
0.005 5.01e-07 [0.03603057]
0.007 5.01e-07 [0.07006017]
0.010 5.01e-07 [0.14012344]
0.020 5.01e-07 [0.56257005]
0.040 5.01e-07 [2.24555475]
0.060 5.01e-07 [4.93239674]
0.080 5.01e-07 [8.6375504]
0.100 5.01e-07 [13.30199062]
0.120 5.01e-07 [18.71548557]
0.140 5.01e-07 [24.66939845]
0.160 5.01e-07 [31.55234649]
0.180 5.01e-07 [38.43446593]
0.200 5.01e-07 [46.03759822]
0.220 5.01e-07 [68.05852154]
0.250 5.01e-07 [89.10458259]
0.270 5.01e-07 [98.8525921]
0.290 5.01e-07 [108.37240784]
0.310 5.01e-07 [113.43415388]
0.330 5.01e-07 [118.69859725]
0.350 5.01e-07 [122.95344245]
0.370 5.01e-07 [126.34147121]
0.390 5.01e-07 [128.99327195]
0.410 5.01e-07 [130.73559385]
0.430 5.01e-07 [132.20472217]
0.450 5.01e-07 [134.05867046]
0.470 5.01e-07 [136.81166946]
0.490 5.01e-07 [137.79971001]
0.510 5.01e-07 [139.30873458]
0.530 5.01e-07 [140.84435563]
0.550 5.01e-07 [141.24044392]
0.570 5.01e-07 [145.99062111]
0.590 5.01e-07 [141.82617173]
0.610 5.01e-07 [137.52777127]
0.630 5.01e-07 [133.24539274]
0.650 5.01e-07 [113.37256552]
0.670 5.01e-07 [100.13297204]
0.690 5.01e-07 [78.87801457]
0.710 5.01e-07 [51.28385254]
0.730 5.01e-07 [39.08716382]
0.750 5.01e-07 [149.27808002]
0.770 5.01e-07 [127.48419318]
0.790 5.01e-07 [89.89738227]
0.810 5.01e-07 [29.10620863]
0.830 5.01e-07 [40.48229893]
0.850 5.01e-07 [39.43174046]
0.870 5.01e-07 [44.95473001]
0.890 5.01e-07 [43.03647549]
0.910 5.01e-07 [41.83383896]
0.930 5.01e-07 [37.09701688]
0.950 5.01e-07 [32.80484033]
0.970 5.01e-07 [27.993502]
0.990 5.01e-07 [23.56017238]
1.010 5.01e-07 [4.25704342]
1.030 5.01e-07 [1.28051363]
1.050 5.01e-07 [9.69080398]
1.070 5.01e-07 [10.02112982]
1.090 5.01e-07 [9.07155606]
1.110 5.01e-07 [8.3221695]
1.130 5.01e-07 [7.18181268]
1.150 5.01e-07 [6.0335881]
1.170 5.01e-07 [5.35610832]
1.190 5.01e-07 [4.33805176]
1.210 5.01e-07 [3.29970545]
1.230 5.01e-07 [2.65195461]
1.250 5.01e-07 [1.89714194]
1.270 5.01e-07 [1.29009577]
1.290 5.01e-07 [0.89689099]
1.310 5.01e-07 [0.57207547]
1.330 5.01e-07 [0.38019359]
1.350 5.01e-07 [0.20783093]
1.370 5.01e-07 [0.11555699]
1.390 5.01e-07 [0.06717527]
1.410 5.01e-07 [0.03361884]
1.430 5.01e-07 [0.01929897]
1.450 5.01e-07 [0.00962061]
1.470 5.01e-07 [0.00457451]
1.490 5.01e-07 [0.00263925]
0.001 1.00e-06 [0.03189913]
0.002 1.00e-06 [0.08772268]
0.003 1.00e-06 [0.19937017]
0.004 1.00e-06 [0.35886738]
0.005 1.00e-06 [0.56621519]
0.007 1.00e-06 [1.10054235]
0.010 1.00e-06 [2.21708372]
0.020 1.00e-06 [8.86950988]
0.040 1.00e-06 [34.60444248]
0.060 1.00e-06 [73.41266393]
0.080 1.00e-06 [122.45270125]
0.100 1.00e-06 [177.13829263]
0.120 1.00e-06 [231.45249417]
0.140 1.00e-06 [280.31322641]
0.160 1.00e-06 [325.39840843]
0.180 1.00e-06 [358.12414843]
0.200 1.00e-06 [382.99660829]
0.220 1.00e-06 [385.75610882]
0.250 1.00e-06 [321.92754461]
0.270 1.00e-06 [281.93125629]
0.290 1.00e-06 [227.07837442]
0.310 1.00e-06 [216.05178897]
0.330 1.00e-06 [190.94109142]
0.350 1.00e-06 [165.48252082]
0.370 1.00e-06 [143.76405445]
0.390 1.00e-06 [131.93328931]
0.410 1.00e-06 [108.86200663]
0.430 1.00e-06 [96.55256767]
0.450 1.00e-06 [81.29956893]
0.470 1.00e-06 [72.17273553]
0.490 1.00e-06 [61.98602626]
0.510 1.00e-06 [48.9753573]
0.530 1.00e-06 [42.35702713]
0.550 1.00e-06 [31.18776778]
0.570 1.00e-06 [24.62478541]
0.590 1.00e-06 [15.66952327]
0.610 1.00e-06 [8.964163]
0.630 1.00e-06 [4.65408021]
0.650 1.00e-06 [1.42770801]
0.670 1.00e-06 [0.40235457]
0.690 1.00e-06 [0.]
0.710 1.00e-06 [0.]
0.730 1.00e-06 [0.]
0.750 1.00e-06 [0.]
0.770 1.00e-06 [0.]
0.790 1.00e-06 [0.]
0.810 1.00e-06 [0.]
0.830 1.00e-06 [0.]
0.850 1.00e-06 [0.]
0.870 1.00e-06 [0.]
0.890 1.00e-06 [0.]
0.910 1.00e-06 [0.]
0.930 1.00e-06 [0.05717458]
0.950 1.00e-06 [0.0492635]
0.970 1.00e-06 [0.04135241]
0.990 1.00e-06 [0.]
1.010 1.00e-06 [0.]
1.030 1.00e-06 [0.]
1.050 1.00e-06 [0.]
1.070 1.00e-06 [0.]
1.090 1.00e-06 [0.]
1.110 1.00e-06 [0.]
1.130 1.00e-06 [0.]
1.150 1.00e-06 [0.]
1.170 1.00e-06 [0.]
1.190 1.00e-06 [0.]
1.210 1.00e-06 [0.]
1.230 1.00e-06 [0.]
1.250 1.00e-06 [0.]
1.270 1.00e-06 [0.]
1.290 1.00e-06 [0.]
1.310 1.00e-06 [0.]
1.330 1.00e-06 [0.]
1.350 1.00e-06 [0.]
1.370 1.00e-06 [0.]
1.390 1.00e-06 [0.]
1.410 1.00e-06 [0.]
1.430 1.00e-06 [0.]
1.450 1.00e-06 [0.]
1.470 1.00e-06 [0.]
1.490 1.00e-06 [0.]
0.001 1.99e-06 [0.47609744]
0.002 1.99e-06 [1.3965539]
0.003 1.99e-06 [3.20573291]
0.004 1.99e-06 [5.68146461]
0.005 1.99e-06 [8.95072209]
0.007 1.99e-06 [17.36204189]
0.010 1.99e-06 [34.9153003]
0.020 1.99e-06 [136.63214849]
0.040 1.99e-06 [489.76144269]
0.060 1.99e-06 [907.43217362]
0.080 1.99e-06 [1261.2841405]
0.100 1.99e-06 [1455.85371839]
0.120 1.99e-06 [1478.18034916]
0.140 1.99e-06 [1373.56177323]
0.160 1.99e-06 [1202.05939806]
0.180 1.99e-06 [1029.46048499]
0.200 1.99e-06 [851.23513417]
0.220 1.99e-06 [428.11449159]
0.250 1.99e-06 [205.26145791]
0.270 1.99e-06 [134.9064422]
0.290 1.99e-06 [70.6447735]
0.310 1.99e-06 [57.24518029]
0.330 1.99e-06 [36.86737946]
0.350 1.99e-06 [22.81767851]
0.370 1.99e-06 [12.90029201]
0.390 1.99e-06 [8.70115352]
0.410 1.99e-06 [4.27098589]
0.430 1.99e-06 [2.2196773]
0.450 1.99e-06 [1.02607039]
0.470 1.99e-06 [0.46458989]
0.490 1.99e-06 [0.22027316]
0.510 1.99e-06 [0.08235029]
0.530 1.99e-06 [0.]
0.550 1.99e-06 [0.]
0.570 1.99e-06 [0.]
0.590 1.99e-06 [0.]
0.610 1.99e-06 [0.]
0.630 1.99e-06 [0.]
0.650 1.99e-06 [0.]
0.670 1.99e-06 [0.]
0.690 1.99e-06 [0.]
0.710 1.99e-06 [0.]
0.730 1.99e-06 [0.]
0.750 1.99e-06 [0.]
0.770 1.99e-06 [0.]
0.790 1.99e-06 [0.]
0.810 1.99e-06 [0.]
0.830 1.99e-06 [0.]
0.850 1.99e-06 [0.]
0.870 1.99e-06 [0.]
0.890 1.99e-06 [0.]
0.910 1.99e-06 [0.]
0.930 1.99e-06 [0.]
0.950 1.99e-06 [0.]
0.970 1.99e-06 [0.]
0.990 1.99e-06 [0.]
1.010 1.99e-06 [0.]
1.030 1.99e-06 [0.]
1.050 1.99e-06 [0.]
1.070 1.99e-06 [0.]
1.090 1.99e-06 [0.]
1.110 1.99e-06 [0.]
1.130 1.99e-06 [0.]
1.150 1.99e-06 [0.]
1.170 1.99e-06 [0.]
1.190 1.99e-06 [0.]
1.210 1.99e-06 [0.]
1.230 1.99e-06 [0.]
1.250 1.99e-06 [0.]
1.270 1.99e-06 [0.]
1.290 1.99e-06 [0.]
1.310 1.99e-06 [0.]
1.330 1.99e-06 [0.]
1.350 1.99e-06 [0.]
1.370 1.99e-06 [0.]
1.390 1.99e-06 [0.]
1.410 1.99e-06 [0.]
1.430 1.99e-06 [0.]
1.450 1.99e-06 [0.]
1.470 1.99e-06 [0.]
1.490 1.99e-06 [0.]
0.001 3.98e-06 [7.70962016]
0.002 3.98e-06 [21.99139747]
0.003 3.98e-06 [50.42865822]
0.004 3.98e-06 [89.73547757]
0.005 3.98e-06 [140.79677602]
0.007 3.98e-06 [271.48529152]
0.010 3.98e-06 [538.3060883]
0.020 3.98e-06 [1936.84402404]
0.040 3.98e-06 [5031.30678675]
0.060 3.98e-06 [5811.68268006]
0.080 3.98e-06 [4648.11661893]
0.100 3.98e-06 [3101.35963943]
0.120 3.98e-06 [1957.85711897]
0.140 3.98e-06 [1249.55906178]
0.160 3.98e-06 [767.21549146]
0.180 3.98e-06 [478.46349467]
0.200 3.98e-06 [281.7741706]
0.220 3.98e-06 [41.88520053]
0.250 3.98e-06 [3.52973762]
0.270 3.98e-06 [0.87112559]
0.290 3.98e-06 [0.15027016]
0.310 3.98e-06 [0.]
0.330 3.98e-06 [0.]
0.350 3.98e-06 [0.]
0.370 3.98e-06 [0.]
0.390 3.98e-06 [0.]
0.410 3.98e-06 [0.]
0.430 3.98e-06 [0.]
0.450 3.98e-06 [0.]
0.470 3.98e-06 [0.]
0.490 3.98e-06 [0.]
0.510 3.98e-06 [0.]
0.530 3.98e-06 [0.]
0.550 3.98e-06 [0.]
0.570 3.98e-06 [0.]
0.590 3.98e-06 [0.]
0.610 3.98e-06 [0.]
0.630 3.98e-06 [0.]
0.650 3.98e-06 [0.]
0.670 3.98e-06 [0.]
0.690 3.98e-06 [0.]
0.710 3.98e-06 [0.]
0.730 3.98e-06 [0.]
0.750 3.98e-06 [0.]
0.770 3.98e-06 [0.]
0.790 3.98e-06 [0.]
0.810 3.98e-06 [0.]
0.830 3.98e-06 [0.]
0.850 3.98e-06 [0.]
0.870 3.98e-06 [0.]
0.890 3.98e-06 [0.]
0.910 3.98e-06 [0.]
0.930 3.98e-06 [0.]
0.950 3.98e-06 [0.]
0.970 3.98e-06 [0.]
0.990 3.98e-06 [0.]
1.010 3.98e-06 [0.]
1.030 3.98e-06 [0.]
1.050 3.98e-06 [0.]
1.070 3.98e-06 [0.]
1.090 3.98e-06 [0.]
1.110 3.98e-06 [0.]
1.130 3.98e-06 [0.]
1.150 3.98e-06 [0.]
1.170 3.98e-06 [0.]
1.190 3.98e-06 [0.]
1.210 3.98e-06 [0.]
1.230 3.98e-06 [0.]
1.250 3.98e-06 [0.]
1.270 3.98e-06 [0.]
1.290 3.98e-06 [0.]
1.310 3.98e-06 [0.]
1.330 3.98e-06 [0.]
1.350 3.98e-06 [0.]
1.370 3.98e-06 [0.]
1.390 3.98e-06 [0.]
1.410 3.98e-06 [0.]
1.430 3.98e-06 [0.]
1.450 3.98e-06 [0.]
1.470 3.98e-06 [0.]
1.490 3.98e-06 [0.]
0.001 7.94e-06 [122.76589746]
0.002 7.94e-06 [347.16620367]
0.003 7.94e-06 [791.94316534]
0.004 7.94e-06 [1396.72228169]
0.005 7.94e-06 [2168.04745301]
0.007 7.94e-06 [4071.98658657]
0.010 7.94e-06 [7636.96798697]
0.020 7.94e-06 [19979.11951855]
0.040 7.94e-06 [18400.92581307]
0.060 7.94e-06 [7750.2553855]
0.080 7.94e-06 [2857.26925093]
0.100 7.94e-06 [984.02669935]
0.120 7.94e-06 [297.19373646]
0.140 7.94e-06 [80.87638864]
0.160 7.94e-06 [18.1367742]
0.180 7.94e-06 [3.15352762]
0.200 7.94e-06 [0.53339222]
0.220 7.94e-06 [0.]
0.250 7.94e-06 [0.]
0.270 7.94e-06 [0.]
0.290 7.94e-06 [0.]
0.310 7.94e-06 [0.]
0.330 7.94e-06 [0.]
0.350 7.94e-06 [0.]
0.370 7.94e-06 [0.]
0.390 7.94e-06 [0.]
0.410 7.94e-06 [0.]
0.430 7.94e-06 [0.]
0.450 7.94e-06 [0.]
0.470 7.94e-06 [0.]
0.490 7.94e-06 [0.]
0.510 7.94e-06 [0.]
0.530 7.94e-06 [0.]
0.550 7.94e-06 [0.]
0.570 7.94e-06 [0.]
0.590 7.94e-06 [0.]
0.610 7.94e-06 [0.]
0.630 7.94e-06 [0.]
0.650 7.94e-06 [0.]
0.670 7.94e-06 [0.]
0.690 7.94e-06 [0.]
0.710 7.94e-06 [0.]
0.730 7.94e-06 [0.]
0.750 7.94e-06 [0.]
0.770 7.94e-06 [0.]
0.790 7.94e-06 [0.]
0.810 7.94e-06 [0.]
0.830 7.94e-06 [0.]
0.850 7.94e-06 [0.]
0.870 7.94e-06 [0.]
0.890 7.94e-06 [0.]
0.910 7.94e-06 [0.]
0.930 7.94e-06 [0.]
0.950 7.94e-06 [0.]
0.970 7.94e-06 [0.]
0.990 7.94e-06 [0.]
1.010 7.94e-06 [0.]
1.030 7.94e-06 [0.]
1.050 7.94e-06 [0.]
1.070 7.94e-06 [0.]
1.090 7.94e-06 [0.]
1.110 7.94e-06 [0.]
1.130 7.94e-06 [0.]
1.150 7.94e-06 [0.]
1.170 7.94e-06 [0.]
1.190 7.94e-06 [0.]
1.210 7.94e-06 [0.]
1.230 7.94e-06 [0.]
1.250 7.94e-06 [0.]
1.270 7.94e-06 [0.]
1.290 7.94e-06 [0.]
1.310 7.94e-06 [0.]
1.330 7.94e-06 [0.]
1.350 7.94e-06 [0.]
1.370 7.94e-06 [0.]
1.390 7.94e-06 [0.]
1.410 7.94e-06 [0.]
1.430 7.94e-06 [0.]
1.450 7.94e-06 [0.]
1.470 7.94e-06 [0.]
1.490 7.94e-06 [0.]
0.001 1.58e-05 [1931.07684461]
0.002 1.58e-05 [5408.62311036]
0.003 1.58e-05 [12057.24917449]
0.004 1.58e-05 [20616.97683238]
0.005 1.58e-05 [30729.2708109]
0.007 1.58e-05 [52013.93743997]
0.010 1.58e-05 [79107.40955063]
0.020 1.58e-05 [73746.39340953]
0.040 1.58e-05 [11575.05580334]
0.060 1.58e-05 [1144.17495353]
0.080 1.58e-05 [62.08677923]
0.100 1.58e-05 [2.01118738]
0.120 1.58e-05 [0.]
0.140 1.58e-05 [0.]
0.160 1.58e-05 [0.]
0.180 1.58e-05 [0.]
0.200 1.58e-05 [0.]
0.220 1.58e-05 [0.]
0.250 1.58e-05 [0.]
0.270 1.58e-05 [0.]
0.290 1.58e-05 [0.]
0.310 1.58e-05 [0.]
0.330 1.58e-05 [0.]
0.350 1.58e-05 [0.]
0.370 1.58e-05 [0.]
0.390 1.58e-05 [0.]
0.410 1.58e-05 [0.]
0.430 1.58e-05 [0.]
0.450 1.58e-05 [0.]
0.470 1.58e-05 [0.]
0.490 1.58e-05 [0.]
0.510 1.58e-05 [0.]
0.530 1.58e-05 [0.]
0.550 1.58e-05 [0.]
0.570 1.58e-05 [0.]
0.590 1.58e-05 [0.]
0.610 1.58e-05 [0.]
0.630 1.58e-05 [0.]
0.650 1.58e-05 [0.]
0.670 1.58e-05 [0.]
0.690 1.58e-05 [0.]
0.710 1.58e-05 [0.]
0.730 1.58e-05 [0.]
0.750 1.58e-05 [0.]
0.770 1.58e-05 [0.]
0.790 1.58e-05 [0.]
0.810 1.58e-05 [0.]
0.830 1.58e-05 [0.]
0.850 1.58e-05 [0.]
0.870 1.58e-05 [0.]
0.890 1.58e-05 [0.]
0.910 1.58e-05 [0.]
0.930 1.58e-05 [0.]
0.950 1.58e-05 [0.]
0.970 1.58e-05 [0.]
0.990 1.58e-05 [0.]
1.010 1.58e-05 [0.]
1.030 1.58e-05 [0.]
1.050 1.58e-05 [0.]
1.070 1.58e-05 [0.]
1.090 1.58e-05 [0.]
1.110 1.58e-05 [0.]
1.130 1.58e-05 [0.]
1.150 1.58e-05 [0.]
1.170 1.58e-05 [0.]
1.190 1.58e-05 [0.]
1.210 1.58e-05 [0.]
1.230 1.58e-05 [0.]
1.250 1.58e-05 [0.]
1.270 1.58e-05 [0.]
1.290 1.58e-05 [0.]
1.310 1.58e-05 [0.]
1.330 1.58e-05 [0.]
1.350 1.58e-05 [0.]
1.370 1.58e-05 [0.]
1.390 1.58e-05 [0.]
1.410 1.58e-05 [0.]
1.430 1.58e-05 [0.]
1.450 1.58e-05 [0.]
1.470 1.58e-05 [0.]
1.490 1.58e-05 [0.]
0.001 3.16e-05 [29858.00371525]
0.002 3.16e-05 [79988.26811524]
0.003 3.16e-05 [163214.69878816]
0.004 3.16e-05 [247454.51944371]
0.005 3.16e-05 [316797.88514667]
0.007 3.16e-05 [370768.38657902]
0.010 3.16e-05 [296000.80864612]
0.020 3.16e-05 [45871.6475219]
0.040 3.16e-05 [279.32947398]
0.060 3.16e-05 [0.]
0.080 3.16e-05 [0.]
0.100 3.16e-05 [0.]
0.120 3.16e-05 [0.]
0.140 3.16e-05 [0.]
0.160 3.16e-05 [0.]
0.180 3.16e-05 [0.]
0.200 3.16e-05 [0.]
0.220 3.16e-05 [0.]
0.250 3.16e-05 [0.]
0.270 3.16e-05 [0.]
0.290 3.16e-05 [0.]
0.310 3.16e-05 [0.]
0.330 3.16e-05 [0.]
0.350 3.16e-05 [0.]
0.370 3.16e-05 [0.]
0.390 3.16e-05 [0.]
0.410 3.16e-05 [0.]
0.430 3.16e-05 [0.]
0.450 3.16e-05 [0.]
0.470 3.16e-05 [0.]
0.490 3.16e-05 [0.]
0.510 3.16e-05 [0.]
0.530 3.16e-05 [0.]
0.550 3.16e-05 [0.]
0.570 3.16e-05 [0.]
0.590 3.16e-05 [0.]
0.610 3.16e-05 [0.]
0.630 3.16e-05 [0.]
0.650 3.16e-05 [0.]
0.670 3.16e-05 [0.]
0.690 3.16e-05 [0.]
0.710 3.16e-05 [0.]
0.730 3.16e-05 [0.]
0.750 3.16e-05 [0.]
0.770 3.16e-05 [0.]
0.790 3.16e-05 [0.]
0.810 3.16e-05 [0.]
0.830 3.16e-05 [0.]
0.850 3.16e-05 [0.]
0.870 3.16e-05 [0.]
0.890 3.16e-05 [0.]
0.910 3.16e-05 [0.]
0.930 3.16e-05 [0.]
0.950 3.16e-05 [0.]
0.970 3.16e-05 [0.]
0.990 3.16e-05 [0.]
1.010 3.16e-05 [0.]
1.030 3.16e-05 [0.]
1.050 3.16e-05 [0.]
1.070 3.16e-05 [0.]
1.090 3.16e-05 [0.]
1.110 3.16e-05 [0.]
1.130 3.16e-05 [0.]
1.150 3.16e-05 [0.]
1.170 3.16e-05 [0.]
1.190 3.16e-05 [0.]
1.210 3.16e-05 [0.]
1.230 3.16e-05 [0.]
1.250 3.16e-05 [0.]
1.270 3.16e-05 [0.]
1.290 3.16e-05 [0.]
1.310 3.16e-05 [0.]
1.330 3.16e-05 [0.]
1.350 3.16e-05 [0.]
1.370 3.16e-05 [0.]
1.390 3.16e-05 [0.]
1.410 3.16e-05 [0.]
1.430 3.16e-05 [0.]
1.450 3.16e-05 [0.]
1.470 3.16e-05 [0.]
1.490 3.16e-05 [0.]
0.001 6.31e-05 [429683.44302615]
0.002 6.31e-05 [967249.06353762]
0.003 6.31e-05 [1424779.42362537]
0.004 6.31e-05 [1435895.75387154]
0.005 6.31e-05 [1165147.88312137]
0.007 6.31e-05 [595708.24003274]
0.010 6.31e-05 [186244.30889562]
0.020 6.31e-05 [1111.3901279]
0.040 6.31e-05 [0.]
0.060 6.31e-05 [0.]
0.080 6.31e-05 [0.]
0.100 6.31e-05 [0.]
0.120 6.31e-05 [0.]
0.140 6.31e-05 [0.]
0.160 6.31e-05 [0.]
0.180 6.31e-05 [0.]
0.200 6.31e-05 [0.]
0.220 6.31e-05 [0.]
0.250 6.31e-05 [0.]
0.270 6.31e-05 [0.]
0.290 6.31e-05 [0.]
0.310 6.31e-05 [0.]
0.330 6.31e-05 [0.]
0.350 6.31e-05 [0.]
0.370 6.31e-05 [0.]
0.390 6.31e-05 [0.]
0.410 6.31e-05 [0.]
0.430 6.31e-05 [0.]
0.450 6.31e-05 [0.]
0.470 6.31e-05 [0.]
0.490 6.31e-05 [0.]
0.510 6.31e-05 [0.]
0.530 6.31e-05 [0.]
0.550 6.31e-05 [0.]
0.570 6.31e-05 [0.]
0.590 6.31e-05 [0.]
0.610 6.31e-05 [0.]
0.630 6.31e-05 [0.]
0.650 6.31e-05 [0.]
0.670 6.31e-05 [0.]
0.690 6.31e-05 [0.]
0.710 6.31e-05 [0.]
0.730 6.31e-05 [0.]
0.750 6.31e-05 [0.]
0.770 6.31e-05 [0.]
0.790 6.31e-05 [0.]
0.810 6.31e-05 [0.]
0.830 6.31e-05 [0.]
0.850 6.31e-05 [0.]
0.870 6.31e-05 [0.]
0.890 6.31e-05 [0.]
0.910 6.31e-05 [0.]
0.930 6.31e-05 [0.]
0.950 6.31e-05 [0.]
0.970 6.31e-05 [0.]
0.990 6.31e-05 [0.]
1.010 6.31e-05 [0.]
1.030 6.31e-05 [0.]
1.050 6.31e-05 [0.]
1.070 6.31e-05 [0.]
1.090 6.31e-05 [0.]
1.110 6.31e-05 [0.]
1.130 6.31e-05 [0.]
1.150 6.31e-05 [0.]
1.170 6.31e-05 [0.]
1.190 6.31e-05 [0.]
1.210 6.31e-05 [0.]
1.230 6.31e-05 [0.]
1.250 6.31e-05 [0.]
1.270 6.31e-05 [0.]
1.290 6.31e-05 [0.]
1.310 6.31e-05 [0.]
1.330 6.31e-05 [0.]
1.350 6.31e-05 [0.]
1.370 6.31e-05 [0.]
1.390 6.31e-05 [0.]
1.410 6.31e-05 [0.]
1.430 6.31e-05 [0.]
1.450 6.31e-05 [0.]
1.470 6.31e-05 [0.]
1.490 6.31e-05 [0.]
0.001 1.26e-04 [4687904.87419583]
0.002 1.26e-04 [5747586.91762554]
0.003 1.26e-04 [3434226.61809673]
0.004 1.26e-04 [1623271.3465925]
0.005 1.26e-04 [734728.10505979]
0.007 1.26e-04 [132967.82920998]
0.010 1.26e-04 [4550.33072393]
0.020 1.26e-04 [0.]
0.040 1.26e-04 [0.]
0.060 1.26e-04 [0.]
0.080 1.26e-04 [0.]
0.100 1.26e-04 [0.]
0.120 1.26e-04 [0.]
0.140 1.26e-04 [0.]
0.160 1.26e-04 [0.]
0.180 1.26e-04 [0.]
0.200 1.26e-04 [0.]
0.220 1.26e-04 [0.]
0.250 1.26e-04 [0.]
0.270 1.26e-04 [0.]
0.290 1.26e-04 [0.]
0.310 1.26e-04 [0.]
0.330 1.26e-04 [0.]
0.350 1.26e-04 [0.]
0.370 1.26e-04 [0.]
0.390 1.26e-04 [0.]
0.410 1.26e-04 [0.]
0.430 1.26e-04 [0.]
0.450 1.26e-04 [0.]
0.470 1.26e-04 [0.]
0.490 1.26e-04 [0.]
0.510 1.26e-04 [0.]
0.530 1.26e-04 [0.]
0.550 1.26e-04 [0.]
0.570 1.26e-04 [0.]
0.590 1.26e-04 [0.]
0.610 1.26e-04 [0.]
0.630 1.26e-04 [0.]
0.650 1.26e-04 [0.]
0.670 1.26e-04 [0.]
0.690 1.26e-04 [0.]
0.710 1.26e-04 [0.]
0.730 1.26e-04 [0.]
0.750 1.26e-04 [0.]
0.770 1.26e-04 [0.]
0.790 1.26e-04 [0.]
0.810 1.26e-04 [0.]
0.830 1.26e-04 [0.]
0.850 1.26e-04 [0.]
0.870 1.26e-04 [0.]
0.890 1.26e-04 [0.]
0.910 1.26e-04 [0.]
0.930 1.26e-04 [0.]
0.950 1.26e-04 [0.]
0.970 1.26e-04 [0.]
0.990 1.26e-04 [0.]
1.010 1.26e-04 [0.]
1.030 1.26e-04 [0.]
1.050 1.26e-04 [0.]
1.070 1.26e-04 [0.]
1.090 1.26e-04 [0.]
1.110 1.26e-04 [0.]
1.130 1.26e-04 [0.]
1.150 1.26e-04 [0.]
1.170 1.26e-04 [0.]
1.190 1.26e-04 [0.]
1.210 1.26e-04 [0.]
1.230 1.26e-04 [0.]
1.250 1.26e-04 [0.]
1.270 1.26e-04 [0.]
1.290 1.26e-04 [0.]
1.310 1.26e-04 [0.]
1.330 1.26e-04 [0.]
1.350 1.26e-04 [0.]
1.370 1.26e-04 [0.]
1.390 1.26e-04 [0.]
1.410 1.26e-04 [0.]
1.430 1.26e-04 [0.]
1.450 1.26e-04 [0.]
1.470 1.26e-04 [0.]
1.490 1.26e-04 [0.]
0.001 2.51e-04 [20248813.58782383]
0.002 2.51e-04 [6759674.79074375]
0.003 2.51e-04 [1261466.52373992]
0.004 2.51e-04 [182150.88222655]
0.005 2.51e-04 [19120.88524006]
0.007 2.51e-04 [0.]
0.010 2.51e-04 [0.]
0.020 2.51e-04 [0.]
0.040 2.51e-04 [0.]
0.060 2.51e-04 [0.]
0.080 2.51e-04 [0.]
0.100 2.51e-04 [0.]
0.120 2.51e-04 [0.]
0.140 2.51e-04 [0.]
0.160 2.51e-04 [0.]
0.180 2.51e-04 [0.]
0.200 2.51e-04 [0.]
0.220 2.51e-04 [0.]
0.250 2.51e-04 [0.]
0.270 2.51e-04 [0.]
0.290 2.51e-04 [0.]
0.310 2.51e-04 [0.]
0.330 2.51e-04 [0.]
0.350 2.51e-04 [0.]
0.370 2.51e-04 [0.]
0.390 2.51e-04 [0.]
0.410 2.51e-04 [0.]
0.430 2.51e-04 [0.]
0.450 2.51e-04 [0.]
0.470 2.51e-04 [0.]
0.490 2.51e-04 [0.]
0.510 2.51e-04 [0.]
0.530 2.51e-04 [0.]
0.550 2.51e-04 [0.]
0.570 2.51e-04 [0.]
0.590 2.51e-04 [0.]
0.610 2.51e-04 [0.]
0.630 2.51e-04 [0.]
0.650 2.51e-04 [0.]
0.670 2.51e-04 [0.]
0.690 2.51e-04 [0.]
0.710 2.51e-04 [0.]
0.730 2.51e-04 [0.]
0.750 2.51e-04 [0.]
0.770 2.51e-04 [0.]
0.790 2.51e-04 [0.]
0.810 2.51e-04 [0.]
0.830 2.51e-04 [0.]
0.850 2.51e-04 [0.]
0.870 2.51e-04 [0.]
0.890 2.51e-04 [0.]
0.910 2.51e-04 [0.]
0.930 2.51e-04 [0.]
0.950 2.51e-04 [0.]
0.970 2.51e-04 [0.]
0.990 2.51e-04 [0.]
1.010 2.51e-04 [0.]
1.030 2.51e-04 [0.]
1.050 2.51e-04 [0.]
1.070 2.51e-04 [0.]
1.090 2.51e-04 [0.]
1.110 2.51e-04 [0.]
1.130 2.51e-04 [0.]
1.150 2.51e-04 [0.]
1.170 2.51e-04 [0.]
1.190 2.51e-04 [0.]
1.210 2.51e-04 [0.]
1.230 2.51e-04 [0.]
1.250 2.51e-04 [0.]
1.270 2.51e-04 [0.]
1.290 2.51e-04 [0.]
1.310 2.51e-04 [0.]
1.330 2.51e-04 [0.]
1.350 2.51e-04 [0.]
1.370 2.51e-04 [0.]
1.390 2.51e-04 [0.]
1.410 2.51e-04 [0.]
1.430 2.51e-04 [0.]
1.450 2.51e-04 [0.]
1.470 2.51e-04 [0.]
1.490 2.51e-04 [0.]
0.001 5.01e-04 [15095909.25311928]
0.002 5.01e-04 [859361.93284487]
0.003 5.01e-04 [4006.35798509]
0.004 5.01e-04 [0.]
0.005 5.01e-04 [0.]
0.007 5.01e-04 [0.]
0.010 5.01e-04 [0.]
0.020 5.01e-04 [0.]
0.040 5.01e-04 [0.]
0.060 5.01e-04 [0.]
0.080 5.01e-04 [0.]
0.100 5.01e-04 [0.]
0.120 5.01e-04 [0.]
0.140 5.01e-04 [0.]
0.160 5.01e-04 [0.]
0.180 5.01e-04 [0.]
0.200 5.01e-04 [0.]
0.220 5.01e-04 [0.]
0.250 5.01e-04 [0.]
0.270 5.01e-04 [0.]
0.290 5.01e-04 [0.]
0.310 5.01e-04 [0.]
0.330 5.01e-04 [0.]
0.350 5.01e-04 [0.]
0.370 5.01e-04 [0.]
0.390 5.01e-04 [0.]
0.410 5.01e-04 [0.]
0.430 5.01e-04 [0.]
0.450 5.01e-04 [0.]
0.470 5.01e-04 [0.]
0.490 5.01e-04 [0.]
0.510 5.01e-04 [0.]
0.530 5.01e-04 [0.]
0.550 5.01e-04 [0.]
0.570 5.01e-04 [0.]
0.590 5.01e-04 [0.]
0.610 5.01e-04 [0.]
0.630 5.01e-04 [0.]
0.650 5.01e-04 [0.]
0.670 5.01e-04 [0.]
0.690 5.01e-04 [0.]
0.710 5.01e-04 [0.]
0.730 5.01e-04 [0.]
0.750 5.01e-04 [0.]
0.770 5.01e-04 [0.]
0.790 5.01e-04 [0.]
0.810 5.01e-04 [0.]
0.830 5.01e-04 [0.]
0.850 5.01e-04 [0.]
0.870 5.01e-04 [0.]
0.890 5.01e-04 [0.]
0.910 5.01e-04 [0.]
0.930 5.01e-04 [0.]
0.950 5.01e-04 [0.]
0.970 5.01e-04 [0.]
0.990 5.01e-04 [0.]
1.010 5.01e-04 [0.]
1.030 5.01e-04 [0.]
1.050 5.01e-04 [0.]
1.070 5.01e-04 [0.]
1.090 5.01e-04 [0.]
1.110 5.01e-04 [0.]
1.130 5.01e-04 [0.]
1.150 5.01e-04 [0.]
1.170 5.01e-04 [0.]
1.190 5.01e-04 [0.]
1.210 5.01e-04 [0.]
1.230 5.01e-04 [0.]
1.250 5.01e-04 [0.]
1.270 5.01e-04 [0.]
1.290 5.01e-04 [0.]
1.310 5.01e-04 [0.]
1.330 5.01e-04 [0.]
1.350 5.01e-04 [0.]
1.370 5.01e-04 [0.]
1.390 5.01e-04 [0.]
1.410 5.01e-04 [0.]
1.430 5.01e-04 [0.]
1.450 5.01e-04 [0.]
1.470 5.01e-04 [0.]
1.490 5.01e-04 [0.]
0.001 1.00e-03 [630007.73684314]
0.002 1.00e-03 [0.]
0.003 1.00e-03 [0.]
0.004 1.00e-03 [0.]
0.005 1.00e-03 [0.]
0.007 1.00e-03 [0.]
0.010 1.00e-03 [0.]
0.020 1.00e-03 [0.]
0.040 1.00e-03 [0.]
0.060 1.00e-03 [0.]
0.080 1.00e-03 [0.]
0.100 1.00e-03 [0.]
0.120 1.00e-03 [0.]
0.140 1.00e-03 [0.]
0.160 1.00e-03 [0.]
0.180 1.00e-03 [0.]
0.200 1.00e-03 [0.]
0.220 1.00e-03 [0.]
0.250 1.00e-03 [0.]
0.270 1.00e-03 [0.]
0.290 1.00e-03 [0.]
0.310 1.00e-03 [0.]
0.330 1.00e-03 [0.]
0.350 1.00e-03 [0.]
0.370 1.00e-03 [0.]
0.390 1.00e-03 [0.]
0.410 1.00e-03 [0.]
0.430 1.00e-03 [0.]
0.450 1.00e-03 [0.]
0.470 1.00e-03 [0.]
0.490 1.00e-03 [0.]
0.510 1.00e-03 [0.]
0.530 1.00e-03 [0.]
0.550 1.00e-03 [0.]
0.570 1.00e-03 [0.]
0.590 1.00e-03 [0.]
0.610 1.00e-03 [0.]
0.630 1.00e-03 [0.]
0.650 1.00e-03 [0.]
0.670 1.00e-03 [0.]
0.690 1.00e-03 [0.]
0.710 1.00e-03 [0.]
0.730 1.00e-03 [0.]
0.750 1.00e-03 [0.]
0.770 1.00e-03 [0.]
0.790 1.00e-03 [0.]
0.810 1.00e-03 [0.]
0.830 1.00e-03 [0.]
0.850 1.00e-03 [0.]
0.870 1.00e-03 [0.]
0.890 1.00e-03 [0.]
0.910 1.00e-03 [0.]
0.930 1.00e-03 [0.]
0.950 1.00e-03 [0.]
0.970 1.00e-03 [0.]
0.990 1.00e-03 [0.]
1.010 1.00e-03 [0.]
1.030 1.00e-03 [0.]
1.050 1.00e-03 [0.]
1.070 1.00e-03 [0.]
1.090 1.00e-03 [0.]
1.110 1.00e-03 [0.]
1.130 1.00e-03 [0.]
1.150 1.00e-03 [0.]
1.170 1.00e-03 [0.]
1.190 1.00e-03 [0.]
1.210 1.00e-03 [0.]
1.230 1.00e-03 [0.]
1.250 1.00e-03 [0.]
1.270 1.00e-03 [0.]
1.290 1.00e-03 [0.]
1.310 1.00e-03 [0.]
1.330 1.00e-03 [0.]
1.350 1.00e-03 [0.]
1.370 1.00e-03 [0.]
1.390 1.00e-03 [0.]
1.410 1.00e-03 [0.]
1.430 1.00e-03 [0.]
1.450 1.00e-03 [0.]
1.470 1.00e-03 [0.]
1.490 1.00e-03 [0.]
