0.220 1.00e-09 [0.]
0.250 1.00e-09 [0.]
0.270 1.00e-09 [0.]
0.290 1.00e-09 [0.]
0.310 1.00e-09 [0.]
0.330 1.00e-09 [1.02695149e-09]
0.350 1.00e-09 [1.0776408e-09]
0.370 1.00e-09 [1.13728387e-09]
0.390 1.00e-09 [1.20784848e-09]
0.410 1.00e-09 [1.29289794e-09]
0.430 1.00e-09 [1.39426091e-09]
0.450 1.00e-09 [1.51650007e-09]
0.470 1.00e-09 [1.66757707e-09]
0.490 1.00e-09 [1.84482221e-09]
0.510 1.00e-09 [4.13817975e-09]
0.530 1.00e-09 [4.70372317e-09]
0.550 1.00e-09 [5.42395961e-09]
0.570 1.00e-09 [6.34659418e-09]
0.590 1.00e-09 [1.12730383e-08]
0.610 1.00e-09 [1.379102e-08]
0.630 1.00e-09 [2.3270401e-08]
0.650 1.00e-09 [3.75712634e-08]
0.670 1.00e-09 [6.03531852e-08]
0.690 1.00e-09 [1.06785267e-07]
0.710 1.00e-09 [2.28713422e-07]
0.730 1.00e-09 [6.35612783e-07]
0.750 1.00e-09 [8.41033762e-06]
0.770 1.00e-09 [2.69823537e-05]
0.790 1.00e-09 [1.69128974e-05]
0.810 1.00e-09 [5.75010885e-07]
0.830 1.00e-09 [3.17487041e-07]
0.850 1.00e-09 [1.52357918e-07]
0.870 1.00e-09 [1.02417039e-07]
0.890 1.00e-09 [6.29703909e-08]
0.910 1.00e-09 [5.132759e-08]
0.930 1.00e-09 [4.00222065e-08]
0.950 1.00e-09 [3.44844471e-08]
0.970 1.00e-09 [2.89466876e-08]
0.990 1.00e-09 [2.57769314e-08]
1.010 1.00e-09 [3.27418239e-08]
1.030 1.00e-09 [3.87843035e-08]
1.050 1.00e-09 [2.21411481e-08]
1.070 1.00e-09 [2.06062766e-08]
1.090 1.00e-09 [1.97090735e-08]
1.110 1.00e-09 [1.88118705e-08]
1.130 1.00e-09 [1.81667845e-08]
1.150 1.00e-09 [1.98116241e-08]
1.170 1.00e-09 [1.91476498e-08]
1.190 1.00e-09 [1.82352934e-08]
1.210 1.00e-09 [1.92477079e-08]
1.230 1.00e-09 [1.78773505e-08]
1.250 1.00e-09 [1.59795017e-08]
1.270 1.00e-09 [1.54898182e-08]
1.290 1.00e-09 [1.45352813e-08]
1.310 1.00e-09 [1.21018197e-08]
1.330 1.00e-09 [1.04740547e-08]
1.350 1.00e-09 [8.40945994e-09]
1.370 1.00e-09 [7.32429993e-09]
1.390 1.00e-09 [5.99170543e-09]
1.410 1.00e-09 [4.87051155e-09]
1.430 1.00e-09 [3.9684142e-09]
1.450 1.00e-09 [3.44960647e-09]
1.470 1.00e-09 [2.52346858e-09]
1.490 1.00e-09 [2.21981487e-09]
0.220 2.00e-09 [3.44348234e-09]
0.250 2.00e-09 [3.56351057e-09]
0.270 2.00e-09 [3.66441925e-09]
0.290 2.00e-09 [7.58539812e-09]
0.310 2.00e-09 [7.87038073e-09]
0.330 2.00e-09 [8.21561196e-09]
0.350 2.00e-09 [1.29316896e-08]
0.370 2.00e-09 [1.36474065e-08]
0.390 2.00e-09 [1.44941817e-08]
0.410 2.00e-09 [2.06863671e-08]
0.430 2.00e-09 [2.23081745e-08]
0.450 2.00e-09 [3.03300015e-08]
0.470 2.00e-09 [3.33515414e-08]
0.490 2.00e-09 [4.4275733e-08]
0.510 2.00e-09 [5.79345165e-08]
0.530 2.00e-09 [6.58521244e-08]
0.550 2.00e-09 [8.67833538e-08]
0.570 2.00e-09 [1.14238695e-07]
0.590 2.00e-09 [1.65337895e-07]
0.610 2.00e-09 [2.2065632e-07]
0.630 2.00e-09 [3.49056015e-07]
0.650 2.00e-09 [5.41026193e-07]
0.670 2.00e-09 [8.8518005e-07]
0.690 2.00e-09 [1.70856427e-06]
0.710 2.00e-09 [3.76106516e-06]
0.730 2.00e-09 [9.74606267e-06]
0.750 2.00e-09 [0.00013697]
0.770 2.00e-09 [0.00043172]
0.790 2.00e-09 [0.00027061]
0.810 2.00e-09 [9.20017417e-06]
0.830 2.00e-09 [5.07979266e-06]
0.850 2.00e-09 [2.37001205e-06]
0.870 2.00e-09 [1.63867262e-06]
0.890 2.00e-09 [1.04350933e-06]
0.910 2.00e-09 [8.21241439e-07]
0.930 2.00e-09 [6.17485472e-07]
0.950 2.00e-09 [5.12340356e-07]
0.970 2.00e-09 [4.30065073e-07]
0.990 2.00e-09 [3.97701228e-07]
1.010 2.00e-09 [5.36965911e-07]
1.030 2.00e-09 [6.20548856e-07]
1.050 2.00e-09 [3.54258369e-07]
1.070 2.00e-09 [3.19397288e-07]
1.090 2.00e-09 [3.15345177e-07]
1.110 2.00e-09 [3.00989928e-07]
1.130 2.00e-09 [2.99751943e-07]
1.150 2.00e-09 [2.99375652e-07]
1.170 2.00e-09 [2.9785233e-07]
1.190 2.00e-09 [2.91764695e-07]
1.210 2.00e-09 [2.92565159e-07]
1.230 2.00e-09 [2.86037607e-07]
1.250 2.00e-09 [2.68455629e-07]
1.270 2.00e-09 [2.42204431e-07]
1.290 2.00e-09 [2.22874313e-07]
1.310 2.00e-09 [1.93629116e-07]
1.330 2.00e-09 [1.61139303e-07]
1.350 2.00e-09 [1.37138885e-07]
1.370 2.00e-09 [1.17188799e-07]
1.390 2.00e-09 [9.42694987e-08]
1.410 2.00e-09 [7.67105569e-08]
1.430 2.00e-09 [6.44867308e-08]
1.450 2.00e-09 [5.3660545e-08]
1.470 2.00e-09 [4.03754974e-08]
1.490 2.00e-09 [3.59843673e-08]
0.220 4.00e-09 [4.1321788e-08]
0.250 4.00e-09 [7.12702113e-08]
0.270 4.00e-09 [8.79460621e-08]
0.290 4.00e-09 [1.06195574e-07]
0.310 4.00e-09 [1.25926092e-07]
0.330 4.00e-09 [1.47881015e-07]
0.350 4.00e-09 [1.72422528e-07]
0.370 4.00e-09 [2.18358504e-07]
0.390 4.00e-09 [2.51232484e-07]
0.410 4.00e-09 [3.10295506e-07]
0.430 4.00e-09 [3.79238966e-07]
0.450 4.00e-09 [4.61016022e-07]
0.470 4.00e-09 [5.60305895e-07]
0.490 4.00e-09 [6.78894573e-07]
0.510 4.00e-09 [8.60741387e-07]
0.530 4.00e-09 [1.12889356e-06]
0.550 4.00e-09 [1.47531701e-06]
0.570 4.00e-09 [1.87859188e-06]
0.590 4.00e-09 [2.58528346e-06]
0.610 4.00e-09 [3.67760533e-06]
0.630 4.00e-09 [5.58489625e-06]
0.650 4.00e-09 [8.65641908e-06]
0.670 4.00e-09 [1.43238226e-05]
0.690 4.00e-09 [2.73370284e-05]
0.710 4.00e-09 [5.89572377e-05]
0.730 4.00e-09 [0.00015678]
0.750 4.00e-09 [0.00217227]
0.770 4.00e-09 [0.00690748]
0.790 4.00e-09 [0.00428195]
0.810 4.00e-09 [0.0001472]
0.830 4.00e-09 [8.12766825e-05]
0.850 4.00e-09 [3.81910513e-05]
0.870 4.00e-09 [2.62187619e-05]
0.890 4.00e-09 [1.68400817e-05]
0.910 4.00e-09 [1.30225428e-05]
0.930 4.00e-09 [9.60532956e-06]
0.950 4.00e-09 [8.1974457e-06]
0.970 4.00e-09 [6.94720502e-06]
0.990 4.00e-09 [6.24538225e-06]
1.010 4.00e-09 [8.59145458e-06]
1.030 4.00e-09 [9.83331264e-06]
1.050 4.00e-09 [5.71241621e-06]
1.070 4.00e-09 [5.1103566e-06]
1.090 4.00e-09 [4.96668653e-06]
1.110 4.00e-09 [4.7782151e-06]
1.130 4.00e-09 [4.7960311e-06]
1.150 4.00e-09 [4.75478977e-06]
1.170 4.00e-09 [4.73159702e-06]
1.190 4.00e-09 [4.70065342e-06]
1.210 4.00e-09 [4.68104255e-06]
1.230 4.00e-09 [4.54799796e-06]
1.250 4.00e-09 [4.21858845e-06]
1.270 4.00e-09 [3.89780153e-06]
1.290 4.00e-09 [3.54660864e-06]
1.310 4.00e-09 [3.0819301e-06]
1.330 4.00e-09 [2.57822885e-06]
1.350 4.00e-09 [2.18387206e-06]
1.370 4.00e-09 [1.87502078e-06]
1.390 4.00e-09 [1.48913852e-06]
1.410 4.00e-09 [1.21275738e-06]
1.430 4.00e-09 [1.02781928e-06]
1.450 4.00e-09 [8.4936977e-07]
1.470 4.00e-09 [6.46007958e-07]
1.490 4.00e-09 [5.72011241e-07]
0.220 8.00e-09 [6.61148609e-07]
0.250 8.00e-09 [1.02629104e-06]
0.270 8.00e-09 [1.28987558e-06]
0.290 8.00e-09 [1.75981236e-06]
0.310 8.00e-09 [1.95185442e-06]
0.330 8.00e-09 [2.36609624e-06]
0.350 8.00e-09 [2.82772945e-06]
0.370 8.00e-09 [3.42094989e-06]
0.390 8.00e-09 [4.09702204e-06]
0.410 8.00e-09 [4.96472809e-06]
0.430 8.00e-09 [6.06782346e-06]
0.450 8.00e-09 [7.27920035e-06]
0.470 8.00e-09 [8.96489432e-06]
0.490 8.00e-09 [1.09803818e-05]
0.510 8.00e-09 [1.39042839e-05]
0.530 8.00e-09 [1.77612587e-05]
0.550 8.00e-09 [2.32579388e-05]
0.570 8.00e-09 [3.005747e-05]
0.590 8.00e-09 [4.13645353e-05]
0.610 8.00e-09 [5.82532685e-05]
0.630 8.00e-09 [8.89860135e-05]
0.650 8.00e-09 [0.0001385]
0.670 8.00e-09 [0.00022854]
0.690 8.00e-09 [0.00043446]
0.710 8.00e-09 [0.00093681]
0.730 8.00e-09 [0.00248143]
0.750 8.00e-09 [0.0343334]
0.770 8.00e-09 [0.10909759]
0.790 8.00e-09 [0.06761975]
0.810 8.00e-09 [0.00233684]
0.830 8.00e-09 [0.00129027]
0.850 8.00e-09 [0.00060564]
0.870 8.00e-09 [0.0004154]
0.890 8.00e-09 [0.00026656]
0.910 8.00e-09 [0.00020601]
0.930 8.00e-09 [0.00015332]
0.950 8.00e-09 [0.00013021]
0.970 8.00e-09 [0.00011036]
0.990 8.00e-09 [9.92190915e-05]
1.010 8.00e-09 [0.00013642]
1.030 8.00e-09 [0.00015542]
1.050 8.00e-09 [9.05130134e-05]
1.070 8.00e-09 [8.14360052e-05]
1.090 8.00e-09 [7.91516394e-05]
1.110 8.00e-09 [7.59999567e-05]
1.130 8.00e-09 [7.58644919e-05]
1.150 8.00e-09 [7.53722231e-05]
1.170 8.00e-09 [7.47524248e-05]
1.190 8.00e-09 [7.45620887e-05]
1.210 8.00e-09 [7.41575688e-05]
1.230 8.00e-09 [7.1967062e-05]
1.250 8.00e-09 [6.68838023e-05]
1.270 8.00e-09 [6.16438439e-05]
1.290 8.00e-09 [5.61255662e-05]
1.310 8.00e-09 [4.87945372e-05]
1.330 8.00e-09 [4.08907096e-05]
1.350 8.00e-09 [3.45693492e-05]
1.370 8.00e-09 [2.96655074e-05]
1.390 8.00e-09 [2.35705703e-05]
1.410 8.00e-09 [1.92092975e-05]
1.430 8.00e-09 [1.62387509e-05]
1.450 8.00e-09 [1.34304678e-05]
1.470 8.00e-09 [1.02015423e-05]
1.490 8.00e-09 [9.03254352e-06]
0.220 1.60e-08 [1.0137612e-05]
0.250 1.60e-08 [1.66487214e-05]
0.270 1.60e-08 [2.08725321e-05]
0.290 1.60e-08 [2.79142651e-05]
0.310 1.60e-08 [3.12296707e-05]
0.330 1.60e-08 [3.73317407e-05]
0.350 1.60e-08 [4.52436712e-05]
0.370 1.60e-08 [5.47351983e-05]
0.390 1.60e-08 [6.52431434e-05]
0.410 1.60e-08 [7.87736858e-05]
0.430 1.60e-08 [9.56574522e-05]
0.450 1.60e-08 [0.00011569]
0.470 1.60e-08 [0.00014258]
0.490 1.60e-08 [0.00017521]
0.510 1.60e-08 [0.00022088]
0.530 1.60e-08 [0.00028237]
0.550 1.60e-08 [0.00036866]
0.570 1.60e-08 [0.00047686]
0.590 1.60e-08 [0.00065702]
0.610 1.60e-08 [0.00092028]
0.630 1.60e-08 [0.0014059]
0.650 1.60e-08 [0.00218719]
0.670 1.60e-08 [0.00361025]
0.690 1.60e-08 [0.00683816]
0.710 1.60e-08 [0.01469621]
0.730 1.60e-08 [0.03872662]
0.750 1.60e-08 [0.53395551]
0.770 1.60e-08 [1.68827]
0.790 1.60e-08 [1.04625969]
0.810 1.60e-08 [0.03648176]
0.830 1.60e-08 [0.02019726]
0.850 1.60e-08 [0.00949088]
0.870 1.60e-08 [0.00652519]
0.890 1.60e-08 [0.00419361]
0.910 1.60e-08 [0.00324367]
0.930 1.60e-08 [0.00241066]
0.950 1.60e-08 [0.0020481]
0.970 1.60e-08 [0.00173932]
0.990 1.60e-08 [0.00156394]
1.010 1.60e-08 [0.00213571]
1.030 1.60e-08 [0.00242033]
1.050 1.60e-08 [0.00142058]
1.070 1.60e-08 [0.00127858]
1.090 1.60e-08 [0.00124246]
1.110 1.60e-08 [0.00119433]
1.130 1.60e-08 [0.00119116]
1.150 1.60e-08 [0.00118285]
1.170 1.60e-08 [0.00117316]
1.190 1.60e-08 [0.00116861]
1.210 1.60e-08 [0.00116188]
1.230 1.60e-08 [0.00112722]
1.250 1.60e-08 [0.00104641]
1.270 1.60e-08 [0.00096251]
1.290 1.60e-08 [0.00087568]
1.310 1.60e-08 [0.00076083]
1.330 1.60e-08 [0.00063651]
1.350 1.60e-08 [0.00053804]
1.370 1.60e-08 [0.00046059]
1.390 1.60e-08 [0.00036588]
1.410 1.60e-08 [0.00029745]
1.430 1.60e-08 [0.00025131]
1.450 1.60e-08 [0.00020733]
1.470 1.60e-08 [0.0001573]
1.490 1.60e-08 [0.00013908]
0.220 3.20e-08 [0.00016132]
0.250 3.20e-08 [0.00026547]
0.270 3.20e-08 [0.00033115]
0.290 3.20e-08 [0.00044177]
0.310 3.20e-08 [0.00049363]
0.330 3.20e-08 [0.00059205]
0.350 3.20e-08 [0.00071838]
0.370 3.20e-08 [0.00086878]
0.390 3.20e-08 [0.00103152]
0.410 3.20e-08 [0.00124979]
0.430 3.20e-08 [0.00151481]
0.450 3.20e-08 [0.00183086]
0.470 3.20e-08 [0.00225232]
0.490 3.20e-08 [0.00276375]
0.510 3.20e-08 [0.00347687]
0.530 3.20e-08 [0.00443851]
0.550 3.20e-08 [0.00578463]
0.570 3.20e-08 [0.0074705]
0.590 3.20e-08 [0.01026995]
0.610 3.20e-08 [0.01435737]
0.630 3.20e-08 [0.02182726]
0.650 3.20e-08 [0.03379466]
0.670 3.20e-08 [0.05536399]
0.690 3.20e-08 [0.10383384]
0.710 3.20e-08 [0.22017641]
0.730 3.20e-08 [0.57075655]
0.750 3.20e-08 [7.73251246]
0.770 3.20e-08 [24.00390818]
0.790 3.20e-08 [14.88806145]
0.810 3.20e-08 [0.53572001]
0.830 3.20e-08 [0.30043113]
0.850 3.20e-08 [0.14235457]
0.870 3.20e-08 [0.09843834]
0.890 3.20e-08 [0.0635513]
0.910 3.20e-08 [0.04927824]
0.930 3.20e-08 [0.03670297]
0.950 3.20e-08 [0.03119569]
0.970 3.20e-08 [0.02647825]
0.990 3.20e-08 [0.02378619]
1.010 3.20e-08 [0.03168696]
1.030 3.20e-08 [0.03529147]
1.050 3.20e-08 [0.02140287]
1.070 3.20e-08 [0.01930198]
1.090 3.20e-08 [0.01873655]
1.110 3.20e-08 [0.0179992]
1.130 3.20e-08 [0.01792379]
1.150 3.20e-08 [0.0177715]
1.170 3.20e-08 [0.01759855]
1.190 3.20e-08 [0.0174758]
1.210 3.20e-08 [0.01731887]
1.230 3.20e-08 [0.01675036]
1.250 3.20e-08 [0.01550559]
1.270 3.20e-08 [0.01421053]
1.290 3.20e-08 [0.01287973]
1.310 3.20e-08 [0.01115097]
1.330 3.20e-08 [0.00928905]
1.350 3.20e-08 [0.00781441]
1.370 3.20e-08 [0.00665365]
1.390 3.20e-08 [0.00526467]
1.410 3.20e-08 [0.00425083]
1.430 3.20e-08 [0.00357526]
1.450 3.20e-08 [0.002926]
1.470 3.20e-08 [0.0022092]
1.490 3.20e-08 [0.00193835]
0.220 6.30e-08 [0.00247718]
0.250 6.30e-08 [0.00406628]
0.270 6.30e-08 [0.00506498]
0.290 6.30e-08 [0.00673632]
0.310 6.30e-08 [0.00752434]
0.330 6.30e-08 [0.00899567]
0.350 6.30e-08 [0.01089819]
0.370 6.30e-08 [0.0131399]
0.390 6.30e-08 [0.01558034]
0.410 6.30e-08 [0.01880699]
0.430 6.30e-08 [0.02273294]
0.450 6.30e-08 [0.0273864]
0.470 6.30e-08 [0.03356961]
0.490 6.30e-08 [0.04103304]
0.510 6.30e-08 [0.05136742]
0.530 6.30e-08 [0.06521109]
0.550 6.30e-08 [0.08445315]
0.570 6.30e-08 [0.10840358]
0.590 6.30e-08 [0.14751665]
0.610 6.30e-08 [0.20396666]
0.630 6.30e-08 [0.30506581]
0.650 6.30e-08 [0.46260113]
0.670 6.30e-08 [0.73746933]
0.690 6.30e-08 [1.33228161]
0.710 6.30e-08 [2.68052496]
0.730 6.30e-08 [6.53307417]
0.750 6.30e-08 [82.97470885]
0.770 6.30e-08 [240.95286461]
0.790 6.30e-08 [149.91893015]
0.810 6.30e-08 [6.05567582]
0.830 6.30e-08 [3.5616898]
0.850 6.30e-08 [1.74095599]
0.870 6.30e-08 [1.23009932]
0.890 6.30e-08 [0.80773638]
0.910 6.30e-08 [0.63243172]
0.930 6.30e-08 [0.47495593]
0.950 6.30e-08 [0.40444722]
0.970 6.30e-08 [0.34281357]
0.990 6.30e-08 [0.30721823]
1.010 6.30e-08 [0.37249527]
1.030 6.30e-08 [0.38889876]
1.050 6.30e-08 [0.26628198]
1.070 6.30e-08 [0.24179101]
1.090 6.30e-08 [0.2339328]
1.110 6.30e-08 [0.22431027]
1.130 6.30e-08 [0.22195404]
1.150 6.30e-08 [0.21872895]
1.170 6.30e-08 [0.21544311]
1.190 6.30e-08 [0.21153861]
1.210 6.30e-08 [0.20727261]
1.230 6.30e-08 [0.19819208]
1.250 6.30e-08 [0.18152194]
1.270 6.30e-08 [0.16416593]
1.290 6.30e-08 [0.1466301]
1.310 6.30e-08 [0.12523575]
1.330 6.30e-08 [0.10274882]
1.350 6.30e-08 [0.08500132]
1.370 6.30e-08 [0.0709187]
1.390 6.30e-08 [0.05532747]
1.410 6.30e-08 [0.04360362]
1.430 6.30e-08 [0.03611129]
1.450 6.30e-08 [0.02872474]
1.470 6.30e-08 [0.02133388]
1.490 6.30e-08 [0.01823159]
0.220 1.26e-07 [0.03870546]
0.250 1.26e-07 [0.06288233]
0.270 1.26e-07 [0.07781083]
0.290 1.26e-07 [0.10240707]
0.310 1.26e-07 [0.11395455]
0.330 1.26e-07 [0.1352244]
0.350 1.26e-07 [0.16229242]
0.370 1.26e-07 [0.19382599]
0.390 1.26e-07 [0.22763595]
0.410 1.26e-07 [0.27168277]
0.430 1.26e-07 [0.32441475]
0.450 1.26e-07 [0.38586533]
0.470 1.26e-07 [0.46637397]
0.490 1.26e-07 [0.56128285]
0.510 1.26e-07 [0.69035187]
0.530 1.26e-07 [0.85758273]
0.550 1.26e-07 [1.08314448]
0.570 1.26e-07 [1.35908142]
0.590 1.26e-07 [1.78081868]
0.610 1.26e-07 [2.36242986]
0.630 1.26e-07 [3.32533742]
0.650 1.26e-07 [4.67891922]
0.670 1.26e-07 [6.77424188]
0.690 1.26e-07 [10.77498798]
0.710 1.26e-07 [18.28074453]
0.730 1.26e-07 [36.90694968]
0.750 1.26e-07 [391.56432717]
0.770 1.26e-07 [948.86884047]
0.790 1.26e-07 [596.89586107]
0.810 1.26e-07 [33.0427159]
0.830 1.26e-07 [22.50801456]
0.850 1.26e-07 [12.09954669]
0.870 1.26e-07 [9.14691059]
0.890 1.26e-07 [6.35577812]
0.910 1.26e-07 [5.13814757]
0.930 1.26e-07 [3.96893418]
0.950 1.26e-07 [3.40357437]
0.970 1.26e-07 [2.86783645]
0.990 1.26e-07 [2.5537406]
1.010 1.26e-07 [2.3050419]
1.030 1.26e-07 [2.00432713]
1.050 1.26e-07 [1.96104635]
1.070 1.26e-07 [1.8205633]
1.090 1.26e-07 [1.74258618]
1.110 1.26e-07 [1.66251295]
1.130 1.26e-07 [1.61173999]
1.150 1.26e-07 [1.56006554]
1.170 1.26e-07 [1.51115856]
1.190 1.26e-07 [1.4347151]
1.210 1.26e-07 [1.35984647]
1.230 1.26e-07 [1.25854664]
1.250 1.26e-07 [1.11773528]
1.270 1.26e-07 [0.97713746]
1.290 1.26e-07 [0.83285897]
1.310 1.26e-07 [0.68746776]
1.330 1.26e-07 [0.54105657]
1.350 1.26e-07 [0.4286858]
1.370 1.26e-07 [0.33956423]
1.390 1.26e-07 [0.25560538]
1.410 1.26e-07 [0.18983585]
1.430 1.26e-07 [0.15173375]
1.450 1.26e-07 [0.1134142]
1.470 1.26e-07 [0.08142498]
1.490 1.26e-07 [0.06556641]
0.220 2.51e-07 [0.5679021]
0.250 2.51e-07 [0.88365061]
0.270 2.51e-07 [1.0665828]
0.290 2.51e-07 [1.34865873]
0.310 2.51e-07 [1.4786624]
0.330 2.51e-07 [1.704365]
0.350 2.51e-07 [1.97580602]
0.370 2.51e-07 [2.27574798]
0.390 2.51e-07 [2.57941465]
0.410 2.51e-07 [2.95351708]
0.430 2.51e-07 [3.3714684]
0.450 2.51e-07 [3.82985737]
0.470 2.51e-07 [4.39913647]
0.490 2.51e-07 [5.01734483]
0.510 2.51e-07 [5.79948199]
0.530 2.51e-07 [6.69608199]
0.550 2.51e-07 [7.78768211]
0.570 2.51e-07 [9.09540089]
0.590 2.51e-07 [10.57909146]
0.610 2.51e-07 [12.48042302]
0.630 2.51e-07 [14.76320945]
0.650 2.51e-07 [17.20828749]
0.670 2.51e-07 [19.80813926]
0.690 2.51e-07 [24.60756041]
0.710 2.51e-07 [30.64831373]
0.730 2.51e-07 [46.29781657]
0.750 2.51e-07 [388.19790991]
0.770 2.51e-07 [706.06480545]
0.790 2.51e-07 [465.57369132]
0.810 2.51e-07 [39.42926602]
0.830 2.51e-07 [34.77147868]
0.850 2.51e-07 [21.68133289]
0.870 2.51e-07 [18.18763444]
0.890 2.51e-07 [14.14249269]
0.910 2.51e-07 [12.14296601]
0.930 2.51e-07 [9.93158814]
0.950 2.51e-07 [8.69704662]
0.970 2.51e-07 [7.18864766]
0.990 2.51e-07 [6.38406773]
1.010 2.51e-07 [3.52238203]
1.030 2.51e-07 [2.31939783]
1.050 2.51e-07 [3.9859681]
1.070 2.51e-07 [3.84077213]
1.090 2.51e-07 [3.61906463]
1.110 2.51e-07 [3.43179819]
1.130 2.51e-07 [3.1960877]
1.150 2.51e-07 [3.03092941]
1.170 2.51e-07 [2.83539069]
1.190 2.51e-07 [2.58068145]
1.210 2.51e-07 [2.32278289]
1.230 2.51e-07 [2.04579489]
1.250 2.51e-07 [1.75139876]
1.270 2.51e-07 [1.47002117]
1.290 2.51e-07 [1.16107853]
1.310 2.51e-07 [0.9065254]
1.330 2.51e-07 [0.68302234]
1.350 2.51e-07 [0.50135797]
1.370 2.51e-07 [0.37073265]
1.390 2.51e-07 [0.26295496]
1.410 2.51e-07 [0.17574668]
1.430 2.51e-07 [0.13558575]
1.450 2.51e-07 [0.0919421]
1.470 2.51e-07 [0.06199377]
1.490 2.51e-07 [0.04468593]
0.220 5.01e-07 [6.75593782]
0.250 5.01e-07 [8.95585133]
0.270 5.01e-07 [9.8804304]
0.290 5.01e-07 [10.85152035]
0.310 5.01e-07 [11.32612999]
0.330 5.01e-07 [11.8580025]
0.350 5.01e-07 [12.28804104]
0.370 5.01e-07 [12.62786701]
0.390 5.01e-07 [12.89932719]
0.410 5.01e-07 [13.12742949]
0.430 5.01e-07 [13.276116]
0.450 5.01e-07 [13.46524736]
0.470 5.01e-07 [13.63721778]
0.490 5.01e-07 [13.84896578]
0.510 5.01e-07 [13.92879608]
0.530 5.01e-07 [14.08974844]
0.550 5.01e-07 [14.12608652]
0.570 5.01e-07 [14.67791568]
0.590 5.01e-07 [14.18544672]
0.610 5.01e-07 [14.47970469]
0.630 5.01e-07 [13.05001726]
0.650 5.01e-07 [11.8691325]
0.670 5.01e-07 [9.57145983]
0.690 5.01e-07 [8.09456907]
0.710 5.01e-07 [5.42180033]
0.730 5.01e-07 [3.86883152]
0.750 5.01e-07 [15.83252364]
0.770 5.01e-07 [12.35003121]
0.790 5.01e-07 [8.49030833]
0.810 5.01e-07 [2.85048407]
0.830 5.01e-07 [4.53433624]
0.850 5.01e-07 [4.09614201]
0.870 5.01e-07 [4.36051241]
0.890 5.01e-07 [4.1343015]
0.910 5.01e-07 [4.02878458]
0.930 5.01e-07 [3.60063502]
0.950 5.01e-07 [3.25080759]
0.970 5.01e-07 [2.68621369]
0.990 5.01e-07 [2.28761972]
1.010 5.01e-07 [0.41666429]
1.030 5.01e-07 [0.11681879]
1.050 5.01e-07 [0.93712506]
1.070 5.01e-07 [0.99435469]
1.090 5.01e-07 [0.89726161]
1.110 5.01e-07 [0.84933347]
1.130 5.01e-07 [0.69424189]
1.150 5.01e-07 [0.62048713]
1.170 5.01e-07 [0.53507682]
1.190 5.01e-07 [0.43177092]
1.210 5.01e-07 [0.33528486]
1.230 5.01e-07 [0.25263121]
1.250 5.01e-07 [0.19452724]
1.270 5.01e-07 [0.13713895]
1.290 5.01e-07 [0.09090522]
1.310 5.01e-07 [0.05822007]
1.330 5.01e-07 [0.03842382]
1.350 5.01e-07 [0.02143256]
1.370 5.01e-07 [0.01260622]
1.390 5.01e-07 [0.00671753]
1.410 5.01e-07 [0.00328548]
1.430 5.01e-07 [0.00211666]
1.450 5.01e-07 [0.00096206]
1.470 5.01e-07 [0.00049264]
1.490 5.01e-07 [0.0002346]
0.220 1.00e-06 [38.381915]
0.250 1.00e-06 [32.0038884]
0.270 1.00e-06 [28.301226]
0.290 1.00e-06 [22.70404474]
0.310 1.00e-06 [21.78619765]
0.330 1.00e-06 [19.29333773]
0.350 1.00e-06 [16.6517056]
0.370 1.00e-06 [14.2740499]
0.390 1.00e-06 [12.88049618]
0.410 1.00e-06 [11.00514727]
0.430 1.00e-06 [9.55208146]
0.450 1.00e-06 [8.60765442]
0.470 1.00e-06 [7.19559505]
0.490 1.00e-06 [6.25025765]
0.510 1.00e-06 [4.96788479]
0.530 1.00e-06 [4.09929474]
0.550 1.00e-06 [3.17301637]
0.570 1.00e-06 [2.49103821]
0.590 1.00e-06 [1.58574072]
0.610 1.00e-06 [0.97916242]
0.630 1.00e-06 [0.43632002]
0.650 1.00e-06 [0.15028505]
0.670 1.00e-06 [0.04023546]
0.690 1.00e-06 [0.]
0.710 1.00e-06 [0.]
0.730 1.00e-06 [0.]
0.750 1.00e-06 [0.]
0.770 1.00e-06 [0.]
0.790 1.00e-06 [0.]
0.810 1.00e-06 [0.]
0.830 1.00e-06 [0.]
0.850 1.00e-06 [0.]
0.870 1.00e-06 [0.]
0.890 1.00e-06 [0.]
0.910 1.00e-06 [0.]
0.930 1.00e-06 [0.]
0.950 1.00e-06 [0.00492635]
0.970 1.00e-06 [0.00413524]
0.990 1.00e-06 [0.]
1.010 1.00e-06 [0.]
1.030 1.00e-06 [0.]
1.050 1.00e-06 [0.]
1.070 1.00e-06 [0.]
1.090 1.00e-06 [0.]
1.110 1.00e-06 [0.]
1.130 1.00e-06 [0.]
1.150 1.00e-06 [0.]
1.170 1.00e-06 [0.]
1.190 1.00e-06 [0.]
1.210 1.00e-06 [0.]
1.230 1.00e-06 [0.]
1.250 1.00e-06 [0.]
1.270 1.00e-06 [0.]
1.290 1.00e-06 [0.]
1.310 1.00e-06 [0.]
1.330 1.00e-06 [0.]
1.350 1.00e-06 [0.]
1.370 1.00e-06 [0.]
1.390 1.00e-06 [0.]
1.410 1.00e-06 [0.]
1.430 1.00e-06 [0.]
1.450 1.00e-06 [0.]
1.470 1.00e-06 [0.]
1.490 1.00e-06 [0.]
0.220 1.99e-06 [44.54857639]
0.250 1.99e-06 [19.95528563]
0.270 1.99e-06 [13.26458478]
0.290 1.99e-06 [6.97013337]
0.310 1.99e-06 [5.71277141]
0.330 1.99e-06 [3.78074568]
0.350 1.99e-06 [2.28176785]
0.370 1.99e-06 [1.33076697]
0.390 1.99e-06 [0.80281361]
0.410 1.99e-06 [0.40651552]
0.430 1.99e-06 [0.21086934]
0.450 1.99e-06 [0.11467846]
0.470 1.99e-06 [0.04645899]
0.490 1.99e-06 [0.02202732]
0.510 1.99e-06 [0.00823503]
0.530 1.99e-06 [0.]
0.550 1.99e-06 [0.]
0.570 1.99e-06 [0.]
0.590 1.99e-06 [0.]
0.610 1.99e-06 [0.]
0.630 1.99e-06 [0.]
0.650 1.99e-06 [0.]
0.670 1.99e-06 [0.]
0.690 1.99e-06 [0.]
0.710 1.99e-06 [0.]
0.730 1.99e-06 [0.]
0.750 1.99e-06 [0.]
0.770 1.99e-06 [0.]
0.790 1.99e-06 [0.]
0.810 1.99e-06 [0.]
0.830 1.99e-06 [0.]
0.850 1.99e-06 [0.]
0.870 1.99e-06 [0.]
0.890 1.99e-06 [0.]
0.910 1.99e-06 [0.]
0.930 1.99e-06 [0.]
0.950 1.99e-06 [0.]
0.970 1.99e-06 [0.]
0.990 1.99e-06 [0.]
1.010 1.99e-06 [0.]
1.030 1.99e-06 [0.]
1.050 1.99e-06 [0.]
1.070 1.99e-06 [0.]
1.090 1.99e-06 [0.]
1.110 1.99e-06 [0.]
1.130 1.99e-06 [0.]
1.150 1.99e-06 [0.]
1.170 1.99e-06 [0.]
1.190 1.99e-06 [0.]
1.210 1.99e-06 [0.]
1.230 1.99e-06 [0.]
1.250 1.99e-06 [0.]
1.270 1.99e-06 [0.]
1.290 1.99e-06 [0.]
1.310 1.99e-06 [0.]
1.330 1.99e-06 [0.]
1.350 1.99e-06 [0.]
1.370 1.99e-06 [0.]
1.390 1.99e-06 [0.]
1.410 1.99e-06 [0.]
1.430 1.99e-06 [0.]
1.450 1.99e-06 [0.]
1.470 1.99e-06 [0.]
1.490 1.99e-06 [0.]
0.220 3.98e-06 [4.87068944]
0.250 3.98e-06 [0.36709271]
0.270 3.98e-06 [0.08711256]
0.290 3.98e-06 [0.01502702]
0.310 3.98e-06 [0.]
0.330 3.98e-06 [0.]
0.350 3.98e-06 [0.]
0.370 3.98e-06 [0.]
0.390 3.98e-06 [0.]
0.410 3.98e-06 [0.]
0.430 3.98e-06 [0.]
0.450 3.98e-06 [0.]
0.470 3.98e-06 [0.]
0.490 3.98e-06 [0.]
0.510 3.98e-06 [0.]
0.530 3.98e-06 [0.]
0.550 3.98e-06 [0.]
0.570 3.98e-06 [0.]
0.590 3.98e-06 [0.]
0.610 3.98e-06 [0.]
0.630 3.98e-06 [0.]
0.650 3.98e-06 [0.]
0.670 3.98e-06 [0.]
0.690 3.98e-06 [0.]
0.710 3.98e-06 [0.]
0.730 3.98e-06 [0.]
0.750 3.98e-06 [0.]
0.770 3.98e-06 [0.]
0.790 3.98e-06 [0.]
0.810 3.98e-06 [0.]
0.830 3.98e-06 [0.]
0.850 3.98e-06 [0.]
0.870 3.98e-06 [0.]
0.890 3.98e-06 [0.]
0.910 3.98e-06 [0.]
0.930 3.98e-06 [0.]
0.950 3.98e-06 [0.]
0.970 3.98e-06 [0.]
0.990 3.98e-06 [0.]
1.010 3.98e-06 [0.]
1.030 3.98e-06 [0.]
1.050 3.98e-06 [0.]
1.070 3.98e-06 [0.]
1.090 3.98e-06 [0.]
1.110 3.98e-06 [0.]
1.130 3.98e-06 [0.]
1.150 3.98e-06 [0.]
1.170 3.98e-06 [0.]
1.190 3.98e-06 [0.]
1.210 3.98e-06 [0.]
1.230 3.98e-06 [0.]
1.250 3.98e-06 [0.]
1.270 3.98e-06 [0.]
1.290 3.98e-06 [0.]
1.310 3.98e-06 [0.]
1.330 3.98e-06 [0.]
1.350 3.98e-06 [0.]
1.370 3.98e-06 [0.]
1.390 3.98e-06 [0.]
1.410 3.98e-06 [0.]
1.430 3.98e-06 [0.]
1.450 3.98e-06 [0.]
1.470 3.98e-06 [0.]
1.490 3.98e-06 [0.]
0.220 7.94e-06 [0.]
0.250 7.94e-06 [0.]
0.270 7.94e-06 [0.]
0.290 7.94e-06 [0.]
0.310 7.94e-06 [0.]
0.330 7.94e-06 [0.]
0.350 7.94e-06 [0.]
0.370 7.94e-06 [0.]
0.390 7.94e-06 [0.]
0.410 7.94e-06 [0.]
0.430 7.94e-06 [0.]
0.450 7.94e-06 [0.]
0.470 7.94e-06 [0.]
0.490 7.94e-06 [0.]
0.510 7.94e-06 [0.]
0.530 7.94e-06 [0.]
0.550 7.94e-06 [0.]
0.570 7.94e-06 [0.]
0.590 7.94e-06 [0.]
0.610 7.94e-06 [0.]
0.630 7.94e-06 [0.]
0.650 7.94e-06 [0.]
0.670 7.94e-06 [0.]
0.690 7.94e-06 [0.]
0.710 7.94e-06 [0.]
0.730 7.94e-06 [0.]
0.750 7.94e-06 [0.]
0.770 7.94e-06 [0.]
0.790 7.94e-06 [0.]
0.810 7.94e-06 [0.]
0.830 7.94e-06 [0.]
0.850 7.94e-06 [0.]
0.870 7.94e-06 [0.]
0.890 7.94e-06 [0.]
0.910 7.94e-06 [0.]
0.930 7.94e-06 [0.]
0.950 7.94e-06 [0.]
0.970 7.94e-06 [0.]
0.990 7.94e-06 [0.]
1.010 7.94e-06 [0.]
1.030 7.94e-06 [0.]
1.050 7.94e-06 [0.]
1.070 7.94e-06 [0.]
1.090 7.94e-06 [0.]
1.110 7.94e-06 [0.]
1.130 7.94e-06 [0.]
1.150 7.94e-06 [0.]
1.170 7.94e-06 [0.]
1.190 7.94e-06 [0.]
1.210 7.94e-06 [0.]
1.230 7.94e-06 [0.]
1.250 7.94e-06 [0.]
1.270 7.94e-06 [0.]
1.290 7.94e-06 [0.]
1.310 7.94e-06 [0.]
1.330 7.94e-06 [0.]
1.350 7.94e-06 [0.]
1.370 7.94e-06 [0.]
1.390 7.94e-06 [0.]
1.410 7.94e-06 [0.]
1.430 7.94e-06 [0.]
1.450 7.94e-06 [0.]
1.470 7.94e-06 [0.]
1.490 7.94e-06 [0.]
0.220 1.58e-05 [0.]
0.250 1.58e-05 [0.]
0.270 1.58e-05 [0.]
0.290 1.58e-05 [0.]
0.310 1.58e-05 [0.]
0.330 1.58e-05 [0.]
0.350 1.58e-05 [0.]
0.370 1.58e-05 [0.]
0.390 1.58e-05 [0.]
0.410 1.58e-05 [0.]
0.430 1.58e-05 [0.]
0.450 1.58e-05 [0.]
0.470 1.58e-05 [0.]
0.490 1.58e-05 [0.]
0.510 1.58e-05 [0.]
0.530 1.58e-05 [0.]
0.550 1.58e-05 [0.]
0.570 1.58e-05 [0.]
0.590 1.58e-05 [0.]
0.610 1.58e-05 [0.]
0.630 1.58e-05 [0.]
0.650 1.58e-05 [0.]
0.670 1.58e-05 [0.]
0.690 1.58e-05 [0.]
0.710 1.58e-05 [0.]
0.730 1.58e-05 [0.]
0.750 1.58e-05 [0.]
0.770 1.58e-05 [0.]
0.790 1.58e-05 [0.]
0.810 1.58e-05 [0.]
0.830 1.58e-05 [0.]
0.850 1.58e-05 [0.]
0.870 1.58e-05 [0.]
0.890 1.58e-05 [0.]
0.910 1.58e-05 [0.]
0.930 1.58e-05 [0.]
0.950 1.58e-05 [0.]
0.970 1.58e-05 [0.]
0.990 1.58e-05 [0.]
1.010 1.58e-05 [0.]
1.030 1.58e-05 [0.]
1.050 1.58e-05 [0.]
1.070 1.58e-05 [0.]
1.090 1.58e-05 [0.]
1.110 1.58e-05 [0.]
1.130 1.58e-05 [0.]
1.150 1.58e-05 [0.]
1.170 1.58e-05 [0.]
1.190 1.58e-05 [0.]
1.210 1.58e-05 [0.]
1.230 1.58e-05 [0.]
1.250 1.58e-05 [0.]
1.270 1.58e-05 [0.]
1.290 1.58e-05 [0.]
1.310 1.58e-05 [0.]
1.330 1.58e-05 [0.]
1.350 1.58e-05 [0.]
1.370 1.58e-05 [0.]
1.390 1.58e-05 [0.]
1.410 1.58e-05 [0.]
1.430 1.58e-05 [0.]
1.450 1.58e-05 [0.]
1.470 1.58e-05 [0.]
1.490 1.58e-05 [0.]
0.220 3.16e-05 [0.]
0.250 3.16e-05 [0.]
0.270 3.16e-05 [0.]
0.290 3.16e-05 [0.]
0.310 3.16e-05 [0.]
0.330 3.16e-05 [0.]
0.350 3.16e-05 [0.]
0.370 3.16e-05 [0.]
0.390 3.16e-05 [0.]
0.410 3.16e-05 [0.]
0.430 3.16e-05 [0.]
0.450 3.16e-05 [0.]
0.470 3.16e-05 [0.]
0.490 3.16e-05 [0.]
0.510 3.16e-05 [0.]
0.530 3.16e-05 [0.]
0.550 3.16e-05 [0.]
0.570 3.16e-05 [0.]
0.590 3.16e-05 [0.]
0.610 3.16e-05 [0.]
0.630 3.16e-05 [0.]
0.650 3.16e-05 [0.]
0.670 3.16e-05 [0.]
0.690 3.16e-05 [0.]
0.710 3.16e-05 [0.]
0.730 3.16e-05 [0.]
0.750 3.16e-05 [0.]
0.770 3.16e-05 [0.]
0.790 3.16e-05 [0.]
0.810 3.16e-05 [0.]
0.830 3.16e-05 [0.]
0.850 3.16e-05 [0.]
0.870 3.16e-05 [0.]
0.890 3.16e-05 [0.]
0.910 3.16e-05 [0.]
0.930 3.16e-05 [0.]
0.950 3.16e-05 [0.]
0.970 3.16e-05 [0.]
0.990 3.16e-05 [0.]
1.010 3.16e-05 [0.]
1.030 3.16e-05 [0.]
1.050 3.16e-05 [0.]
1.070 3.16e-05 [0.]
1.090 3.16e-05 [0.]
1.110 3.16e-05 [0.]
1.130 3.16e-05 [0.]
1.150 3.16e-05 [0.]
1.170 3.16e-05 [0.]
1.190 3.16e-05 [0.]
1.210 3.16e-05 [0.]
1.230 3.16e-05 [0.]
1.250 3.16e-05 [0.]
1.270 3.16e-05 [0.]
1.290 3.16e-05 [0.]
1.310 3.16e-05 [0.]
1.330 3.16e-05 [0.]
1.350 3.16e-05 [0.]
1.370 3.16e-05 [0.]
1.390 3.16e-05 [0.]
1.410 3.16e-05 [0.]
1.430 3.16e-05 [0.]
1.450 3.16e-05 [0.]
1.470 3.16e-05 [0.]
1.490 3.16e-05 [0.]
0.220 6.31e-05 [0.]
0.250 6.31e-05 [0.]
0.270 6.31e-05 [0.]
0.290 6.31e-05 [0.]
0.310 6.31e-05 [0.]
0.330 6.31e-05 [0.]
0.350 6.31e-05 [0.]
0.370 6.31e-05 [0.]
0.390 6.31e-05 [0.]
0.410 6.31e-05 [0.]
0.430 6.31e-05 [0.]
0.450 6.31e-05 [0.]
0.470 6.31e-05 [0.]
0.490 6.31e-05 [0.]
0.510 6.31e-05 [0.]
0.530 6.31e-05 [0.]
0.550 6.31e-05 [0.]
0.570 6.31e-05 [0.]
0.590 6.31e-05 [0.]
0.610 6.31e-05 [0.]
0.630 6.31e-05 [0.]
0.650 6.31e-05 [0.]
0.670 6.31e-05 [0.]
0.690 6.31e-05 [0.]
0.710 6.31e-05 [0.]
0.730 6.31e-05 [0.]
0.750 6.31e-05 [0.]
0.770 6.31e-05 [0.]
0.790 6.31e-05 [0.]
0.810 6.31e-05 [0.]
0.830 6.31e-05 [0.]
0.850 6.31e-05 [0.]
0.870 6.31e-05 [0.]
0.890 6.31e-05 [0.]
0.910 6.31e-05 [0.]
0.930 6.31e-05 [0.]
0.950 6.31e-05 [0.]
0.970 6.31e-05 [0.]
0.990 6.31e-05 [0.]
1.010 6.31e-05 [0.]
1.030 6.31e-05 [0.]
1.050 6.31e-05 [0.]
1.070 6.31e-05 [0.]
1.090 6.31e-05 [0.]
1.110 6.31e-05 [0.]
1.130 6.31e-05 [0.]
1.150 6.31e-05 [0.]
1.170 6.31e-05 [0.]
1.190 6.31e-05 [0.]
1.210 6.31e-05 [0.]
1.230 6.31e-05 [0.]
1.250 6.31e-05 [0.]
1.270 6.31e-05 [0.]
1.290 6.31e-05 [0.]
1.310 6.31e-05 [0.]
1.330 6.31e-05 [0.]
1.350 6.31e-05 [0.]
1.370 6.31e-05 [0.]
1.390 6.31e-05 [0.]
1.410 6.31e-05 [0.]
1.430 6.31e-05 [0.]
1.450 6.31e-05 [0.]
1.470 6.31e-05 [0.]
1.490 6.31e-05 [0.]
0.220 1.26e-04 [0.]
0.250 1.26e-04 [0.]
0.270 1.26e-04 [0.]
0.290 1.26e-04 [0.]
0.310 1.26e-04 [0.]
0.330 1.26e-04 [0.]
0.350 1.26e-04 [0.]
0.370 1.26e-04 [0.]
0.390 1.26e-04 [0.]
0.410 1.26e-04 [0.]
0.430 1.26e-04 [0.]
0.450 1.26e-04 [0.]
0.470 1.26e-04 [0.]
0.490 1.26e-04 [0.]
0.510 1.26e-04 [0.]
0.530 1.26e-04 [0.]
0.550 1.26e-04 [0.]
0.570 1.26e-04 [0.]
0.590 1.26e-04 [0.]
0.610 1.26e-04 [0.]
0.630 1.26e-04 [0.]
0.650 1.26e-04 [0.]
0.670 1.26e-04 [0.]
0.690 1.26e-04 [0.]
0.710 1.26e-04 [0.]
0.730 1.26e-04 [0.]
0.750 1.26e-04 [0.]
0.770 1.26e-04 [0.]
0.790 1.26e-04 [0.]
0.810 1.26e-04 [0.]
0.830 1.26e-04 [0.]
0.850 1.26e-04 [0.]
0.870 1.26e-04 [0.]
0.890 1.26e-04 [0.]
0.910 1.26e-04 [0.]
0.930 1.26e-04 [0.]
0.950 1.26e-04 [0.]
0.970 1.26e-04 [0.]
0.990 1.26e-04 [0.]
1.010 1.26e-04 [0.]
1.030 1.26e-04 [0.]
1.050 1.26e-04 [0.]
1.070 1.26e-04 [0.]
1.090 1.26e-04 [0.]
1.110 1.26e-04 [0.]
1.130 1.26e-04 [0.]
1.150 1.26e-04 [0.]
1.170 1.26e-04 [0.]
1.190 1.26e-04 [0.]
1.210 1.26e-04 [0.]
1.230 1.26e-04 [0.]
1.250 1.26e-04 [0.]
1.270 1.26e-04 [0.]
1.290 1.26e-04 [0.]
1.310 1.26e-04 [0.]
1.330 1.26e-04 [0.]
1.350 1.26e-04 [0.]
1.370 1.26e-04 [0.]
1.390 1.26e-04 [0.]
1.410 1.26e-04 [0.]
1.430 1.26e-04 [0.]
1.450 1.26e-04 [0.]
1.470 1.26e-04 [0.]
1.490 1.26e-04 [0.]
0.220 2.51e-04 [0.]
0.250 2.51e-04 [0.]
0.270 2.51e-04 [0.]
0.290 2.51e-04 [0.]
0.310 2.51e-04 [0.]
0.330 2.51e-04 [0.]
0.350 2.51e-04 [0.]
0.370 2.51e-04 [0.]
0.390 2.51e-04 [0.]
0.410 2.51e-04 [0.]
0.430 2.51e-04 [0.]
0.450 2.51e-04 [0.]
0.470 2.51e-04 [0.]
0.490 2.51e-04 [0.]
0.510 2.51e-04 [0.]
0.530 2.51e-04 [0.]
0.550 2.51e-04 [0.]
0.570 2.51e-04 [0.]
0.590 2.51e-04 [0.]
0.610 2.51e-04 [0.]
0.630 2.51e-04 [0.]
0.650 2.51e-04 [0.]
0.670 2.51e-04 [0.]
0.690 2.51e-04 [0.]
0.710 2.51e-04 [0.]
0.730 2.51e-04 [0.]
0.750 2.51e-04 [0.]
0.770 2.51e-04 [0.]
0.790 2.51e-04 [0.]
0.810 2.51e-04 [0.]
0.830 2.51e-04 [0.]
0.850 2.51e-04 [0.]
0.870 2.51e-04 [0.]
0.890 2.51e-04 [0.]
0.910 2.51e-04 [0.]
0.930 2.51e-04 [0.]
0.950 2.51e-04 [0.]
0.970 2.51e-04 [0.]
0.990 2.51e-04 [0.]
1.010 2.51e-04 [0.]
1.030 2.51e-04 [0.]
1.050 2.51e-04 [0.]
1.070 2.51e-04 [0.]
1.090 2.51e-04 [0.]
1.110 2.51e-04 [0.]
1.130 2.51e-04 [0.]
1.150 2.51e-04 [0.]
1.170 2.51e-04 [0.]
1.190 2.51e-04 [0.]
1.210 2.51e-04 [0.]
1.230 2.51e-04 [0.]
1.250 2.51e-04 [0.]
1.270 2.51e-04 [0.]
1.290 2.51e-04 [0.]
1.310 2.51e-04 [0.]
1.330 2.51e-04 [0.]
1.350 2.51e-04 [0.]
1.370 2.51e-04 [0.]
1.390 2.51e-04 [0.]
1.410 2.51e-04 [0.]
1.430 2.51e-04 [0.]
1.450 2.51e-04 [0.]
1.470 2.51e-04 [0.]
1.490 2.51e-04 [0.]
0.220 5.01e-04 [0.]
0.250 5.01e-04 [0.]
0.270 5.01e-04 [0.]
0.290 5.01e-04 [0.]
0.310 5.01e-04 [0.]
0.330 5.01e-04 [0.]
0.350 5.01e-04 [0.]
0.370 5.01e-04 [0.]
0.390 5.01e-04 [0.]
0.410 5.01e-04 [0.]
0.430 5.01e-04 [0.]
0.450 5.01e-04 [0.]
0.470 5.01e-04 [0.]
0.490 5.01e-04 [0.]
0.510 5.01e-04 [0.]
0.530 5.01e-04 [0.]
0.550 5.01e-04 [0.]
0.570 5.01e-04 [0.]
0.590 5.01e-04 [0.]
0.610 5.01e-04 [0.]
0.630 5.01e-04 [0.]
0.650 5.01e-04 [0.]
0.670 5.01e-04 [0.]
0.690 5.01e-04 [0.]
0.710 5.01e-04 [0.]
0.730 5.01e-04 [0.]
0.750 5.01e-04 [0.]
0.770 5.01e-04 [0.]
0.790 5.01e-04 [0.]
0.810 5.01e-04 [0.]
0.830 5.01e-04 [0.]
0.850 5.01e-04 [0.]
0.870 5.01e-04 [0.]
0.890 5.01e-04 [0.]
0.910 5.01e-04 [0.]
0.930 5.01e-04 [0.]
0.950 5.01e-04 [0.]
0.970 5.01e-04 [0.]
0.990 5.01e-04 [0.]
1.010 5.01e-04 [0.]
1.030 5.01e-04 [0.]
1.050 5.01e-04 [0.]
1.070 5.01e-04 [0.]
1.090 5.01e-04 [0.]
1.110 5.01e-04 [0.]
1.130 5.01e-04 [0.]
1.150 5.01e-04 [0.]
1.170 5.01e-04 [0.]
1.190 5.01e-04 [0.]
1.210 5.01e-04 [0.]
1.230 5.01e-04 [0.]
1.250 5.01e-04 [0.]
1.270 5.01e-04 [0.]
1.290 5.01e-04 [0.]
1.310 5.01e-04 [0.]
1.330 5.01e-04 [0.]
1.350 5.01e-04 [0.]
1.370 5.01e-04 [0.]
1.390 5.01e-04 [0.]
1.410 5.01e-04 [0.]
1.430 5.01e-04 [0.]
1.450 5.01e-04 [0.]
1.470 5.01e-04 [0.]
1.490 5.01e-04 [0.]
0.220 1.00e-03 [0.]
0.250 1.00e-03 [0.]
0.270 1.00e-03 [0.]
0.290 1.00e-03 [0.]
0.310 1.00e-03 [0.]
0.330 1.00e-03 [0.]
0.350 1.00e-03 [0.]
0.370 1.00e-03 [0.]
0.390 1.00e-03 [0.]
0.410 1.00e-03 [0.]
0.430 1.00e-03 [0.]
0.450 1.00e-03 [0.]
0.470 1.00e-03 [0.]
0.490 1.00e-03 [0.]
0.510 1.00e-03 [0.]
0.530 1.00e-03 [0.]
0.550 1.00e-03 [0.]
0.570 1.00e-03 [0.]
0.590 1.00e-03 [0.]
0.610 1.00e-03 [0.]
0.630 1.00e-03 [0.]
0.650 1.00e-03 [0.]
0.670 1.00e-03 [0.]
0.690 1.00e-03 [0.]
0.710 1.00e-03 [0.]
0.730 1.00e-03 [0.]
0.750 1.00e-03 [0.]
0.770 1.00e-03 [0.]
0.790 1.00e-03 [0.]
0.810 1.00e-03 [0.]
0.830 1.00e-03 [0.]
0.850 1.00e-03 [0.]
0.870 1.00e-03 [0.]
0.890 1.00e-03 [0.]
0.910 1.00e-03 [0.]
0.930 1.00e-03 [0.]
0.950 1.00e-03 [0.]
0.970 1.00e-03 [0.]
0.990 1.00e-03 [0.]
1.010 1.00e-03 [0.]
1.030 1.00e-03 [0.]
1.050 1.00e-03 [0.]
1.070 1.00e-03 [0.]
1.090 1.00e-03 [0.]
1.110 1.00e-03 [0.]
1.130 1.00e-03 [0.]
1.150 1.00e-03 [0.]
1.170 1.00e-03 [0.]
1.190 1.00e-03 [0.]
1.210 1.00e-03 [0.]
1.230 1.00e-03 [0.]
1.250 1.00e-03 [0.]
1.270 1.00e-03 [0.]
1.290 1.00e-03 [0.]
1.310 1.00e-03 [0.]
1.330 1.00e-03 [0.]
1.350 1.00e-03 [0.]
1.370 1.00e-03 [0.]
1.390 1.00e-03 [0.]
1.410 1.00e-03 [0.]
1.430 1.00e-03 [0.]
1.450 1.00e-03 [0.]
1.470 1.00e-03 [0.]
1.490 1.00e-03 [0.]
