0.220 1.00e-09 [4.2020968e-07]
0.250 1.00e-09 [4.71408246e-07]
0.270 1.00e-09 [4.12222127e-07]
0.290 1.00e-09 [4.42972446e-07]
0.310 1.00e-09 [3.73118555e-07]
0.330 1.00e-09 [3.69092456e-07]
0.350 1.00e-09 [3.45410532e-07]
0.370 1.00e-09 [2.68031695e-07]
0.390 1.00e-09 [2.28256799e-07]
0.410 1.00e-09 [1.82805621e-07]
0.430 1.00e-09 [1.22050066e-07]
0.450 1.00e-09 [8.29218673e-08]
0.470 1.00e-09 [4.89585531e-08]
0.490 1.00e-09 [2.29809827e-08]
0.510 1.00e-09 [8.26377569e-09]
0.530 1.00e-09 [1.96521763e-09]
0.220 2.00e-09 [5.60279574e-06]
0.250 2.00e-09 [7.07112369e-06]
0.270 2.00e-09 [7.00777616e-06]
0.290 2.00e-09 [7.4419371e-06]
0.310 2.00e-09 [6.56688658e-06]
0.330 2.00e-09 [5.9054793e-06]
0.350 2.00e-09 [5.13181362e-06]
0.370 2.00e-09 [4.44166809e-06]
0.390 2.00e-09 [3.65210878e-06]
0.410 2.00e-09 [2.76239605e-06]
0.430 2.00e-09 [2.00704553e-06]
0.450 2.00e-09 [1.32674988e-06]
0.470 2.00e-09 [7.65533739e-07]
0.490 2.00e-09 [3.60035395e-07]
0.510 2.00e-09 [1.27135011e-07]
0.530 2.00e-09 [3.03205005e-08]
0.220 4.00e-09 [8.96447318e-05]
0.250 4.00e-09 [0.00010937]
0.270 4.00e-09 [0.00011212]
0.290 4.00e-09 [0.00011765]
0.310 4.00e-09 [0.00010268]
0.330 4.00e-09 [9.54719153e-05]
0.350 4.00e-09 [8.28985277e-05]
0.370 4.00e-09 [7.04540456e-05]
0.390 4.00e-09 [5.75207133e-05]
0.410 4.00e-09 [4.45233246e-05]
0.430 4.00e-09 [3.21127285e-05]
0.450 4.00e-09 [2.1095323e-05]
0.470 4.00e-09 [1.21773274e-05]
0.490 4.00e-09 [5.66864239e-06]
0.510 4.00e-09 [2.01381857e-06]
0.530 4.00e-09 [4.82882046e-07]
0.220 8.00e-09 [0.00142535]
0.250 8.00e-09 [0.00174987]
0.270 8.00e-09 [0.00176761]
0.290 8.00e-09 [0.00185978]
0.310 8.00e-09 [0.00162859]
0.330 8.00e-09 [0.00150393]
0.350 8.00e-09 [0.0013169]
0.370 8.00e-09 [0.00111991]
0.390 8.00e-09 [0.00090938]
0.410 8.00e-09 [0.00070327]
0.430 8.00e-09 [0.00050686]
0.450 8.00e-09 [0.00033328]
0.470 8.00e-09 [0.00019256]
0.490 8.00e-09 [8.94726258e-05]
0.510 8.00e-09 [3.17735818e-05]
0.530 8.00e-09 [7.61830651e-06]
0.220 1.60e-08 [0.02255461]
0.250 1.60e-08 [0.02748499]
0.270 1.60e-08 [0.02783324]
0.290 1.60e-08 [0.02914404]
0.310 1.60e-08 [0.0254843]
0.330 1.60e-08 [0.02352743]
0.350 1.60e-08 [0.02056515]
0.370 1.60e-08 [0.0174579]
0.390 1.60e-08 [0.01413366]
0.410 1.60e-08 [0.01090919]
0.430 1.60e-08 [0.00785286]
0.450 1.60e-08 [0.00515416]
0.470 1.60e-08 [0.00297041]
0.490 1.60e-08 [0.00137616]
0.510 1.60e-08 [0.00048787]
0.530 1.60e-08 [0.00011657]
0.220 3.20e-08 [0.34782156]
0.250 3.20e-08 [0.41827865]
0.270 3.20e-08 [0.42053252]
0.290 3.20e-08 [0.43591324]
0.310 3.20e-08 [0.38023945]
0.330 3.20e-08 [0.34872249]
0.350 3.20e-08 [0.30302017]
0.370 3.20e-08 [0.25544799]
0.390 3.20e-08 [0.20530695]
0.410 3.20e-08 [0.15736688]
0.430 3.20e-08 [0.11243968]
0.450 3.20e-08 [0.07324508]
0.470 3.20e-08 [0.04186608]
0.490 3.20e-08 [0.01922607]
0.510 3.20e-08 [0.00675602]
0.530 3.20e-08 [0.00159668]
0.220 6.30e-08 [4.74159015]
0.250 6.30e-08 [5.43624666]
0.270 6.30e-08 [5.34721527]
0.290 6.30e-08 [5.34374433]
0.310 6.30e-08 [4.62694754]
0.330 6.30e-08 [4.14257211]
0.350 6.30e-08 [3.53407304]
0.370 6.30e-08 [2.913493]
0.390 6.30e-08 [2.2878666]
0.410 6.30e-08 [1.71593878]
0.430 6.30e-08 [1.19860842]
0.450 6.30e-08 [0.76355119]
0.470 6.30e-08 [0.4259241]
0.490 6.30e-08 [0.19067768]
0.510 6.30e-08 [0.06539601]
0.530 6.30e-08 [0.01498816]
0.220 1.26e-07 [49.77863544]
0.250 1.26e-07 [50.17512535]
0.270 1.26e-07 [46.68475194]
0.290 1.26e-07 [42.95108788]
0.310 1.26e-07 [36.63765271]
0.330 1.26e-07 [31.16292414]
0.350 1.26e-07 [25.59573697]
0.370 1.26e-07 [20.24110928]
0.390 1.26e-07 [15.22677539]
0.410 1.26e-07 [10.99522943]
0.430 1.26e-07 [7.39822734]
0.450 1.26e-07 [4.54326122]
0.470 1.26e-07 [2.44393625]
0.490 1.26e-07 [1.05352346]
0.510 1.26e-07 [0.3493136]
0.530 1.26e-07 [0.07679607]
0.220 2.51e-07 [291.748228]
0.250 2.51e-07 [247.2457644]
0.270 2.51e-07 [213.55465029]
0.290 2.51e-07 [179.20655035]
0.310 2.51e-07 [149.53642542]
0.330 2.51e-07 [120.14537694]
0.350 2.51e-07 [93.80946293]
0.370 2.51e-07 [70.75103735]
0.390 2.51e-07 [51.22660339]
0.410 2.51e-07 [35.26102191]
0.430 2.51e-07 [22.74573343]
0.450 2.51e-07 [13.46109452]
0.470 2.51e-07 [6.95652886]
0.490 2.51e-07 [2.86440089]
0.510 2.51e-07 [0.91321828]
0.530 2.51e-07 [0.19142899]
0.220 5.01e-07 [910.72462907]
0.250 5.01e-07 [632.88518051]
0.270 5.01e-07 [497.06106974]
0.290 5.01e-07 [361.93438275]
0.310 5.01e-07 [295.08228372]
0.330 5.01e-07 [216.33585434]
0.350 5.01e-07 [157.55574366]
0.370 5.01e-07 [110.16962153]
0.390 5.01e-07 [74.81708477]
0.410 5.01e-07 [47.33230122]
0.430 5.01e-07 [28.57535682]
0.450 5.01e-07 [15.6933576]
0.470 5.01e-07 [7.60108599]
0.490 5.01e-07 [2.89566131]
0.510 5.01e-07 [0.86175695]
0.530 5.01e-07 [0.16640869]
0.220 1.00e-06 [1302.08972979]
0.250 1.00e-06 [620.25539993]
0.270 1.00e-06 [421.90934681]
0.290 1.00e-06 [235.30696353]
0.310 1.00e-06 [182.15647879]
0.330 1.00e-06 [115.71048496]
0.350 1.00e-06 [74.80605235]
0.370 1.00e-06 [44.30181022]
0.390 1.00e-06 [26.50632078]
0.410 1.00e-06 [14.48226753]
0.430 1.00e-06 [7.1195872]
0.450 1.00e-06 [3.39979656]
0.470 1.00e-06 [1.41979804]
0.490 1.00e-06 [0.47111014]
0.510 1.00e-06 [0.11823556]
0.530 1.00e-06 [0.01909069]
0.220 1.99e-06 [493.92876653]
0.250 1.99e-06 [123.83029593]
0.270 1.99e-06 [57.83306655]
0.290 1.99e-06 [17.27780583]
0.310 1.99e-06 [10.39514825]
0.330 1.99e-06 [5.87598881]
0.350 1.99e-06 [2.55309331]
0.370 1.99e-06 [0.91437673]
0.390 1.99e-06 [0.34067541]
0.410 1.99e-06 [0.16168243]
0.430 1.99e-06 [0.]
0.450 1.99e-06 [0.]
0.470 1.99e-06 [0.]
0.490 1.99e-06 [0.]
0.510 1.99e-06 [0.]
0.530 1.99e-06 [0.]
0.220 3.98e-06 [8.87951295]
0.250 3.98e-06 [0.]
0.270 3.98e-06 [0.]
0.290 3.98e-06 [0.]
0.310 3.98e-06 [0.]
0.330 3.98e-06 [0.]
0.350 3.98e-06 [0.]
0.370 3.98e-06 [0.]
0.390 3.98e-06 [0.]
0.410 3.98e-06 [0.]
0.430 3.98e-06 [0.]
0.450 3.98e-06 [0.]
0.470 3.98e-06 [0.]
0.490 3.98e-06 [0.]
0.510 3.98e-06 [0.]
0.530 3.98e-06 [0.]
0.220 7.94e-06 [0.]
0.250 7.94e-06 [0.]
0.270 7.94e-06 [0.]
0.290 7.94e-06 [0.]
0.310 7.94e-06 [0.]
0.330 7.94e-06 [0.]
0.350 7.94e-06 [0.]
0.370 7.94e-06 [0.]
0.390 7.94e-06 [0.]
0.410 7.94e-06 [0.]
0.430 7.94e-06 [0.]
0.450 7.94e-06 [0.]
0.470 7.94e-06 [0.]
0.490 7.94e-06 [0.]
0.510 7.94e-06 [0.]
0.530 7.94e-06 [0.]
0.220 1.58e-05 [0.]
0.250 1.58e-05 [0.]
0.270 1.58e-05 [0.]
0.290 1.58e-05 [0.]
0.310 1.58e-05 [0.]
0.330 1.58e-05 [0.]
0.350 1.58e-05 [0.]
0.370 1.58e-05 [0.]
0.390 1.58e-05 [0.]
0.410 1.58e-05 [0.]
0.430 1.58e-05 [0.]
0.450 1.58e-05 [0.]
0.470 1.58e-05 [0.]
0.490 1.58e-05 [0.]
0.510 1.58e-05 [0.]
0.530 1.58e-05 [0.]
0.220 3.16e-05 [0.]
0.250 3.16e-05 [0.]
0.270 3.16e-05 [0.]
0.290 3.16e-05 [0.]
0.310 3.16e-05 [0.]
0.330 3.16e-05 [0.]
0.350 3.16e-05 [0.]
0.370 3.16e-05 [0.]
0.390 3.16e-05 [0.]
0.410 3.16e-05 [0.]
0.430 3.16e-05 [0.]
0.450 3.16e-05 [0.]
0.470 3.16e-05 [0.]
0.490 3.16e-05 [0.]
0.510 3.16e-05 [0.]
0.530 3.16e-05 [0.]
0.220 6.31e-05 [0.]
0.250 6.31e-05 [0.]
0.270 6.31e-05 [0.]
0.290 6.31e-05 [0.]
0.310 6.31e-05 [0.]
0.330 6.31e-05 [0.]
0.350 6.31e-05 [0.]
0.370 6.31e-05 [0.]
0.390 6.31e-05 [0.]
0.410 6.31e-05 [0.]
0.430 6.31e-05 [0.]
0.450 6.31e-05 [0.]
0.470 6.31e-05 [0.]
0.490 6.31e-05 [0.]
0.510 6.31e-05 [0.]
0.530 6.31e-05 [0.]
0.220 1.26e-04 [0.]
0.250 1.26e-04 [0.]
0.270 1.26e-04 [0.]
0.290 1.26e-04 [0.]
0.310 1.26e-04 [0.]
0.330 1.26e-04 [0.]
0.350 1.26e-04 [0.]
0.370 1.26e-04 [0.]
0.390 1.26e-04 [0.]
0.410 1.26e-04 [0.]
0.430 1.26e-04 [0.]
0.450 1.26e-04 [0.]
0.470 1.26e-04 [0.]
0.490 1.26e-04 [0.]
0.510 1.26e-04 [0.]
0.530 1.26e-04 [0.]
0.220 2.51e-04 [0.]
0.250 2.51e-04 [0.]
0.270 2.51e-04 [0.]
0.290 2.51e-04 [0.]
0.310 2.51e-04 [0.]
0.330 2.51e-04 [0.]
0.350 2.51e-04 [0.]
0.370 2.51e-04 [0.]
0.390 2.51e-04 [0.]
0.410 2.51e-04 [0.]
0.430 2.51e-04 [0.]
0.450 2.51e-04 [0.]
0.470 2.51e-04 [0.]
0.490 2.51e-04 [0.]
0.510 2.51e-04 [0.]
0.530 2.51e-04 [0.]
0.220 5.01e-04 [0.]
0.250 5.01e-04 [0.]
0.270 5.01e-04 [0.]
0.290 5.01e-04 [0.]
0.310 5.01e-04 [0.]
0.330 5.01e-04 [0.]
0.350 5.01e-04 [0.]
0.370 5.01e-04 [0.]
0.390 5.01e-04 [0.]
0.410 5.01e-04 [0.]
0.430 5.01e-04 [0.]
0.450 5.01e-04 [0.]
0.470 5.01e-04 [0.]
0.490 5.01e-04 [0.]
0.510 5.01e-04 [0.]
0.530 5.01e-04 [0.]
0.220 1.00e-03 [0.]
0.250 1.00e-03 [0.]
0.270 1.00e-03 [0.]
0.290 1.00e-03 [0.]
0.310 1.00e-03 [0.]
0.330 1.00e-03 [0.]
0.350 1.00e-03 [0.]
0.370 1.00e-03 [0.]
0.390 1.00e-03 [0.]
0.410 1.00e-03 [0.]
0.430 1.00e-03 [0.]
0.450 1.00e-03 [0.]
0.470 1.00e-03 [0.]
0.490 1.00e-03 [0.]
0.510 1.00e-03 [0.]
0.530 1.00e-03 [0.]
