0.001 1.00e-09 [0.]
0.002 1.00e-09 [0.]
0.003 1.00e-09 [0.]
0.004 1.00e-09 [0.]
0.005 1.00e-09 [0.]
0.007 1.00e-09 [0.]
0.010 1.00e-09 [0.]
0.020 1.00e-09 [0.]
0.040 1.00e-09 [0.]
0.060 1.00e-09 [0.]
0.080 1.00e-09 [1.45593622e-07]
0.100 1.00e-09 [4.92076794e-08]
0.120 1.00e-09 [5.19150929e-09]
0.001 2.00e-09 [0.]
0.002 2.00e-09 [0.]
0.003 2.00e-09 [0.]
0.004 2.00e-09 [0.]
0.005 2.00e-09 [0.]
0.007 2.00e-09 [0.]
0.010 2.00e-09 [0.]
0.020 2.00e-09 [0.]
0.040 2.00e-09 [1.61682641e-06]
0.060 2.00e-09 [1.10075361e-06]
0.080 2.00e-09 [1.16474898e-06]
0.100 2.00e-09 [5.90492153e-07]
0.120 2.00e-09 [6.22981115e-08]
0.001 4.00e-09 [0.]
0.002 4.00e-09 [0.]
0.003 4.00e-09 [0.]
0.004 4.00e-09 [0.]
0.005 4.00e-09 [0.]
0.007 4.00e-09 [0.]
0.010 4.00e-09 [0.]
0.020 4.00e-09 [7.97168129e-06]
0.040 4.00e-09 [1.94019169e-05]
0.060 4.00e-09 [2.64180867e-05]
0.080 4.00e-09 [1.86359836e-05]
0.100 4.00e-09 [7.87322871e-06]
0.120 4.00e-09 [1.07983393e-06]
0.001 8.00e-09 [0.]
0.002 8.00e-09 [0.]
0.003 8.00e-09 [0.]
0.004 8.00e-09 [0.]
0.005 8.00e-09 [0.]
0.007 8.00e-09 [3.38077703e-05]
0.010 8.00e-09 [3.35238567e-05]
0.020 8.00e-09 [0.00012755]
0.040 8.00e-09 [0.00031043]
0.060 8.00e-09 [0.00038747]
0.080 8.00e-09 [0.00029818]
0.100 8.00e-09 [0.00012912]
0.120 8.00e-09 [1.69450863e-05]
0.001 1.60e-08 [0.]
0.002 1.60e-08 [0.]
0.003 1.60e-08 [0.]
0.004 1.60e-08 [0.00013597]
0.005 1.60e-08 [0.00013577]
0.007 1.60e-08 [0.00040569]
0.010 1.60e-08 [0.00067048]
0.020 1.60e-08 [0.0021683]
0.040 1.60e-08 [0.00507037]
0.060 1.60e-08 [0.00619944]
0.080 1.60e-08 [0.00473354]
0.100 1.60e-08 [0.00207853]
0.120 1.60e-08 [0.00026713]
0.001 3.20e-08 [0.]
0.002 3.20e-08 [0.00054495]
0.003 3.20e-08 [0.00108901]
0.004 3.20e-08 [0.0021755]
0.005 3.20e-08 [0.00271535]
0.007 3.20e-08 [0.00540924]
0.010 3.20e-08 [0.01072763]
0.020 3.20e-08 [0.03367238]
0.040 3.20e-08 [0.08112588]
0.060 3.20e-08 [0.09778214]
0.080 3.20e-08 [0.07454393]
0.100 3.20e-08 [0.03275263]
0.120 3.20e-08 [0.00419441]
0.001 6.30e-08 [0.00211303]
0.002 6.30e-08 [0.00844889]
0.003 6.30e-08 [0.01688386]
0.004 6.30e-08 [0.0295127]
0.005 6.30e-08 [0.0442034]
0.007 6.30e-08 [0.0838644]
0.010 6.30e-08 [0.16216223]
0.020 6.30e-08 [0.51414355]
0.040 6.30e-08 [1.23209933]
0.060 6.30e-08 [1.47559297]
0.080 6.30e-08 [1.11642762]
0.100 6.30e-08 [0.48572423]
0.120 6.30e-08 [0.06177409]
0.001 1.26e-07 [0.04226051]
0.002 1.26e-07 [0.11828441]
0.003 1.26e-07 [0.25325786]
0.004 1.26e-07 [0.48063537]
0.005 1.26e-07 [0.70725432]
0.007 1.26e-07 [1.33344396]
0.010 1.26e-07 [2.54469958]
0.020 1.26e-07 [7.99690967]
0.040 1.26e-07 [18.60983362]
0.060 1.26e-07 [21.56484643]
0.080 1.26e-07 [15.83108232]
0.100 1.26e-07 [6.68647156]
0.120 1.26e-07 [0.82766567]
0.001 2.51e-07 [0.67081238]
0.002 2.51e-07 [1.87756004]
0.003 2.51e-07 [4.05353017]
0.004 2.51e-07 [7.56233062]
0.005 2.51e-07 [10.99255314]
0.007 2.51e-07 [20.63363233]
0.010 2.51e-07 [38.8086706]
0.020 2.51e-07 [115.6998294]
0.040 2.51e-07 [242.35440313]
0.060 2.51e-07 [252.6368711]
0.080 2.51e-07 [169.49943664]
0.100 2.51e-07 [66.0824353]
0.120 2.51e-07 [7.65148205]
0.001 5.01e-07 [10.55665116]
0.002 5.01e-07 [29.38708414]
0.003 5.01e-07 [62.72980041]
0.004 5.01e-07 [115.71641101]
0.005 5.01e-07 [165.99581467]
0.007 5.01e-07 [301.90828946]
0.010 5.01e-07 [541.2903943]
0.020 5.01e-07 [1367.74019017]
0.040 5.01e-07 [2190.84650422]
0.060 5.01e-07 [1864.40665904]
0.080 5.01e-07 [1079.07550603]
0.100 5.01e-07 [377.85955027]
0.120 5.01e-07 [40.39920393]
0.001 1.00e-06 [164.50613803]
0.002 1.00e-06 [443.83793057]
0.003 1.00e-06 [923.10332845]
0.004 1.00e-06 [1622.59821191]
0.005 1.00e-06 [2241.75156042]
0.007 1.00e-06 [3744.21056243]
0.010 1.00e-06 [5934.24644462]
0.020 1.00e-06 [10857.92815249]
0.040 1.00e-06 [11827.48936772]
0.060 1.00e-06 [8141.72410134]
0.080 1.00e-06 [4052.88965888]
0.100 1.00e-06 [1283.97597977]
0.120 1.00e-06 [126.15886722]
0.001 1.99e-06 [2466.39373112]
0.002 1.99e-06 [6125.51281111]
0.003 1.99e-06 [11737.24746856]
0.004 1.99e-06 [18452.28152631]
0.005 1.99e-06 [23744.05828793]
0.007 1.99e-06 [34576.62829192]
0.010 1.99e-06 [45329.32660254]
0.020 1.99e-06 [56163.60769505]
0.040 1.99e-06 [39736.18376877]
0.060 1.99e-06 [20825.21136954]
0.080 1.99e-06 [8578.41845187]
0.100 1.99e-06 [2268.50500235]
0.120 1.99e-06 [194.47391355]
0.001 3.98e-06 [32829.873815]
0.002 3.98e-06 [70661.53622437]
0.003 3.98e-06 [116523.33716332]
0.004 3.98e-06 [154082.69533358]
0.005 3.98e-06 [180842.75879985]
0.007 3.98e-06 [217081.80656666]
0.010 3.98e-06 [233638.37595468]
0.020 3.98e-06 [187920.00221934]
0.040 3.98e-06 [76129.04826965]
0.060 3.98e-06 [25565.85360331]
0.080 3.98e-06 [7196.84386147]
0.100 3.98e-06 [1402.97006101]
0.120 3.98e-06 [91.82103529]
0.001 7.94e-06 [349322.12379619]
0.002 7.94e-06 [604198.07870086]
0.003 7.94e-06 [811699.62928072]
0.004 7.94e-06 [895040.71493793]
0.005 7.94e-06 [938415.74892726]
0.007 7.94e-06 [896182.54840303]
0.010 7.94e-06 [767040.4497925]
0.020 7.94e-06 [352689.00978912]
0.040 7.94e-06 [60056.97295827]
0.060 7.94e-06 [9549.08904252]
0.080 7.94e-06 [1148.21043323]
0.100 7.94e-06 [121.07838431]
0.120 7.94e-06 [4.25800447]
0.001 1.58e-05 [2754828.57212001]
0.002 1.58e-05 [3563873.16687108]
0.003 1.58e-05 [3724159.30173271]
0.004 1.58e-05 [3442097.87543157]
0.005 1.58e-05 [3105683.01850986]
0.007 1.58e-05 [2317043.9408257]
0.010 1.58e-05 [1447997.39040397]
0.020 1.58e-05 [265570.025392]
0.040 1.58e-05 [9442.56714101]
0.060 1.58e-05 [345.62397731]
0.080 1.58e-05 [0.]
0.100 1.58e-05 [0.]
0.120 1.58e-05 [0.]
0.001 3.16e-05 [14729629.86263154]
0.002 3.16e-05 [13910311.43932158]
0.003 3.16e-05 [10821093.40402289]
0.004 3.16e-05 [8018563.44170974]
0.005 3.16e-05 [5901188.0875592]
0.007 3.16e-05 [3058589.93493089]
0.010 3.16e-05 [1108921.9898533]
0.020 3.16e-05 [45339.5779534]
0.040 3.16e-05 [0.]
0.060 3.16e-05 [0.]
0.080 3.16e-05 [0.]
0.100 3.16e-05 [0.]
0.120 3.16e-05 [0.]
0.001 6.31e-05 [50966896.1939208]
0.002 6.31e-05 [32854117.52491106]
0.003 6.31e-05 [16867611.01334883]
0.004 6.31e-05 [8747600.78748993]
0.005 6.31e-05 [4414819.18709556]
0.007 6.31e-05 [1293347.79386906]
0.010 6.31e-05 [181424.90724785]
0.020 6.31e-05 [0.]
0.040 6.31e-05 [0.]
0.060 6.31e-05 [0.]
0.080 6.31e-05 [0.]
0.100 6.31e-05 [0.]
0.120 6.31e-05 [0.]
0.001 1.26e-04 [1.0385186e+08]
0.002 1.26e-04 [36302270.79791319]
0.003 1.26e-04 [9843433.3369987]
0.004 1.26e-04 [2870498.49214204]
0.005 1.26e-04 [756486.02235474]
0.007 1.26e-04 [75349.82191981]
0.010 1.26e-04 [0.]
0.020 1.26e-04 [0.]
0.040 1.26e-04 [0.]
0.060 1.26e-04 [0.]
0.080 1.26e-04 [0.]
0.100 1.26e-04 [0.]
0.120 1.26e-04 [0.]
0.001 2.51e-04 [90595329.29703206]
0.002 2.51e-04 [11618115.68546792]
0.003 2.51e-04 [1006521.56625794]
0.004 2.51e-04 [67024.10264015]
0.005 2.51e-04 [0.]
0.007 2.51e-04 [0.]
0.010 2.51e-04 [0.]
0.020 2.51e-04 [0.]
0.040 2.51e-04 [0.]
0.060 2.51e-04 [0.]
0.080 2.51e-04 [0.]
0.100 2.51e-04 [0.]
0.120 2.51e-04 [0.]
0.001 5.01e-04 [20460425.13571782]
0.002 5.01e-04 [267354.78086601]
0.003 5.01e-04 [0.]
0.004 5.01e-04 [0.]
0.005 5.01e-04 [0.]
0.007 5.01e-04 [0.]
0.010 5.01e-04 [0.]
0.020 5.01e-04 [0.]
0.040 5.01e-04 [0.]
0.060 5.01e-04 [0.]
0.080 5.01e-04 [0.]
0.100 5.01e-04 [0.]
0.120 5.01e-04 [0.]
0.001 1.00e-03 [0.]
0.002 1.00e-03 [0.]
0.003 1.00e-03 [0.]
0.004 1.00e-03 [0.]
0.005 1.00e-03 [0.]
0.007 1.00e-03 [0.]
0.010 1.00e-03 [0.]
0.020 1.00e-03 [0.]
0.040 1.00e-03 [0.]
0.060 1.00e-03 [0.]
0.080 1.00e-03 [0.]
0.100 1.00e-03 [0.]
0.120 1.00e-03 [0.]
