0.220 1.00e-09 [0.]
0.250 1.00e-09 [0.]
0.270 1.00e-09 [0.]
0.290 1.00e-09 [0.]
0.310 1.00e-09 [0.]
0.330 1.00e-09 [1.02695149e-08]
0.350 1.00e-09 [1.0776408e-08]
0.370 1.00e-09 [1.13728387e-08]
0.390 1.00e-09 [1.20784848e-08]
0.410 1.00e-09 [1.29289794e-08]
0.430 1.00e-09 [1.39426091e-08]
0.450 1.00e-09 [1.51650007e-08]
0.470 1.00e-09 [1.66757707e-08]
0.490 1.00e-09 [1.84482221e-08]
0.510 1.00e-09 [4.13817975e-08]
0.530 1.00e-09 [4.70372317e-08]
0.550 1.00e-09 [5.42395961e-08]
0.570 1.00e-09 [6.34659418e-08]
0.590 1.00e-09 [1.12730383e-07]
0.610 1.00e-09 [1.379102e-07]
0.630 1.00e-09 [2.3270401e-07]
0.650 1.00e-09 [3.75712634e-07]
0.670 1.00e-09 [6.03531852e-07]
0.690 1.00e-09 [1.06785267e-06]
0.710 1.00e-09 [2.28713422e-06]
0.730 1.00e-09 [6.35612783e-06]
0.750 1.00e-09 [8.41033762e-05]
0.770 1.00e-09 [0.00026982]
0.790 1.00e-09 [0.00016913]
0.810 1.00e-09 [5.75010885e-06]
0.830 1.00e-09 [3.17487041e-06]
0.850 1.00e-09 [1.52357918e-06]
0.870 1.00e-09 [1.02417039e-06]
0.890 1.00e-09 [6.29703909e-07]
0.910 1.00e-09 [5.132759e-07]
0.930 1.00e-09 [4.00222065e-07]
0.950 1.00e-09 [3.44844471e-07]
0.970 1.00e-09 [2.89466876e-07]
0.990 1.00e-09 [2.57769314e-07]
1.010 1.00e-09 [3.27418239e-07]
1.030 1.00e-09 [3.87843035e-07]
1.050 1.00e-09 [2.21411481e-07]
1.070 1.00e-09 [2.06062766e-07]
1.090 1.00e-09 [1.97090735e-07]
1.110 1.00e-09 [1.88118705e-07]
1.130 1.00e-09 [1.81667845e-07]
1.150 1.00e-09 [1.98116241e-07]
1.170 1.00e-09 [1.91476498e-07]
1.190 1.00e-09 [1.82352934e-07]
1.210 1.00e-09 [1.92477079e-07]
1.230 1.00e-09 [1.78773505e-07]
1.250 1.00e-09 [1.59795017e-07]
1.270 1.00e-09 [1.54898182e-07]
1.290 1.00e-09 [1.45352813e-07]
1.310 1.00e-09 [1.21018197e-07]
1.330 1.00e-09 [1.04740547e-07]
1.350 1.00e-09 [8.40945994e-08]
1.370 1.00e-09 [7.32429993e-08]
1.390 1.00e-09 [5.99170543e-08]
1.410 1.00e-09 [4.87051155e-08]
1.430 1.00e-09 [3.9684142e-08]
1.450 1.00e-09 [3.44960647e-08]
1.470 1.00e-09 [2.52346858e-08]
1.490 1.00e-09 [2.21981487e-08]
0.220 2.00e-09 [3.44348234e-08]
0.250 2.00e-09 [3.56351057e-08]
0.270 2.00e-09 [3.66441925e-08]
0.290 2.00e-09 [7.58539812e-08]
0.310 2.00e-09 [7.87038073e-08]
0.330 2.00e-09 [8.21561196e-08]
0.350 2.00e-09 [1.29316896e-07]
0.370 2.00e-09 [1.36474065e-07]
0.390 2.00e-09 [1.44941817e-07]
0.410 2.00e-09 [2.06863671e-07]
0.430 2.00e-09 [2.23081745e-07]
0.450 2.00e-09 [3.03300015e-07]
0.470 2.00e-09 [3.33515414e-07]
0.490 2.00e-09 [4.4275733e-07]
0.510 2.00e-09 [5.79345165e-07]
0.530 2.00e-09 [6.58521244e-07]
0.550 2.00e-09 [8.67833538e-07]
0.570 2.00e-09 [1.14238695e-06]
0.590 2.00e-09 [1.65337895e-06]
0.610 2.00e-09 [2.2065632e-06]
0.630 2.00e-09 [3.49056015e-06]
0.650 2.00e-09 [5.41026193e-06]
0.670 2.00e-09 [8.8518005e-06]
0.690 2.00e-09 [1.70856427e-05]
0.710 2.00e-09 [3.76106516e-05]
0.730 2.00e-09 [9.74606267e-05]
0.750 2.00e-09 [0.00136968]
0.770 2.00e-09 [0.00431718]
0.790 2.00e-09 [0.00270606]
0.810 2.00e-09 [9.20017417e-05]
0.830 2.00e-09 [5.07979266e-05]
0.850 2.00e-09 [2.37001205e-05]
0.870 2.00e-09 [1.63867262e-05]
0.890 2.00e-09 [1.04350933e-05]
0.910 2.00e-09 [8.21241439e-06]
0.930 2.00e-09 [6.17485472e-06]
0.950 2.00e-09 [5.12340356e-06]
0.970 2.00e-09 [4.30065073e-06]
0.990 2.00e-09 [3.97701228e-06]
1.010 2.00e-09 [5.36965911e-06]
1.030 2.00e-09 [6.20548856e-06]
1.050 2.00e-09 [3.54258369e-06]
1.070 2.00e-09 [3.19397288e-06]
1.090 2.00e-09 [3.15345177e-06]
1.110 2.00e-09 [3.00989928e-06]
1.130 2.00e-09 [2.99751943e-06]
1.150 2.00e-09 [2.99375652e-06]
1.170 2.00e-09 [2.9785233e-06]
1.190 2.00e-09 [2.91764695e-06]
1.210 2.00e-09 [2.92565159e-06]
1.230 2.00e-09 [2.86037607e-06]
1.250 2.00e-09 [2.68455629e-06]
1.270 2.00e-09 [2.42204431e-06]
1.290 2.00e-09 [2.22874313e-06]
1.310 2.00e-09 [1.93629116e-06]
1.330 2.00e-09 [1.61139303e-06]
1.350 2.00e-09 [1.37138885e-06]
1.370 2.00e-09 [1.17188799e-06]
1.390 2.00e-09 [9.42694987e-07]
1.410 2.00e-09 [7.67105569e-07]
1.430 2.00e-09 [6.44867308e-07]
1.450 2.00e-09 [5.3660545e-07]
1.470 2.00e-09 [4.03754974e-07]
1.490 2.00e-09 [3.59843673e-07]
0.220 4.00e-09 [4.1321788e-07]
0.250 4.00e-09 [7.12702113e-07]
0.270 4.00e-09 [8.79460621e-07]
0.290 4.00e-09 [1.06195574e-06]
0.310 4.00e-09 [1.25926092e-06]
0.330 4.00e-09 [1.47881015e-06]
0.350 4.00e-09 [1.72422528e-06]
0.370 4.00e-09 [2.18358504e-06]
0.390 4.00e-09 [2.51232484e-06]
0.410 4.00e-09 [3.10295506e-06]
0.430 4.00e-09 [3.79238966e-06]
0.450 4.00e-09 [4.61016022e-06]
0.470 4.00e-09 [5.60305895e-06]
0.490 4.00e-09 [6.78894573e-06]
0.510 4.00e-09 [8.60741387e-06]
0.530 4.00e-09 [1.12889356e-05]
0.550 4.00e-09 [1.47531701e-05]
0.570 4.00e-09 [1.87859188e-05]
0.590 4.00e-09 [2.58528346e-05]
0.610 4.00e-09 [3.67760533e-05]
0.630 4.00e-09 [5.58489625e-05]
0.650 4.00e-09 [8.65641908e-05]
0.670 4.00e-09 [0.00014324]
0.690 4.00e-09 [0.00027337]
0.710 4.00e-09 [0.00058957]
0.730 4.00e-09 [0.00156784]
0.750 4.00e-09 [0.0217227]
0.770 4.00e-09 [0.06907483]
0.790 4.00e-09 [0.04281948]
0.810 4.00e-09 [0.00147203]
0.830 4.00e-09 [0.00081277]
0.850 4.00e-09 [0.00038191]
0.870 4.00e-09 [0.00026219]
0.890 4.00e-09 [0.0001684]
0.910 4.00e-09 [0.00013023]
0.930 4.00e-09 [9.60532956e-05]
0.950 4.00e-09 [8.1974457e-05]
0.970 4.00e-09 [6.94720502e-05]
0.990 4.00e-09 [6.24538225e-05]
1.010 4.00e-09 [8.59145458e-05]
1.030 4.00e-09 [9.83331264e-05]
1.050 4.00e-09 [5.71241621e-05]
1.070 4.00e-09 [5.1103566e-05]
1.090 4.00e-09 [4.96668653e-05]
1.110 4.00e-09 [4.7782151e-05]
1.130 4.00e-09 [4.7960311e-05]
1.150 4.00e-09 [4.75478977e-05]
1.170 4.00e-09 [4.73159702e-05]
1.190 4.00e-09 [4.70065342e-05]
1.210 4.00e-09 [4.68104255e-05]
1.230 4.00e-09 [4.54799796e-05]
1.250 4.00e-09 [4.21858845e-05]
1.270 4.00e-09 [3.89780153e-05]
1.290 4.00e-09 [3.54660864e-05]
1.310 4.00e-09 [3.0819301e-05]
1.330 4.00e-09 [2.57822885e-05]
1.350 4.00e-09 [2.18387206e-05]
1.370 4.00e-09 [1.87502078e-05]
1.390 4.00e-09 [1.48913852e-05]
1.410 4.00e-09 [1.21275738e-05]
1.430 4.00e-09 [1.02781928e-05]
1.450 4.00e-09 [8.4936977e-06]
1.470 4.00e-09 [6.46007958e-06]
1.490 4.00e-09 [5.72011241e-06]
0.220 8.00e-09 [6.61148609e-06]
0.250 8.00e-09 [1.02629104e-05]
0.270 8.00e-09 [1.28987558e-05]
0.290 8.00e-09 [1.75981236e-05]
0.310 8.00e-09 [1.95185442e-05]
0.330 8.00e-09 [2.36609624e-05]
0.350 8.00e-09 [2.82772945e-05]
0.370 8.00e-09 [3.42094989e-05]
0.390 8.00e-09 [4.09702204e-05]
0.410 8.00e-09 [4.96472809e-05]
0.430 8.00e-09 [6.06782346e-05]
0.450 8.00e-09 [7.27920035e-05]
0.470 8.00e-09 [8.96489432e-05]
0.490 8.00e-09 [0.0001098]
0.510 8.00e-09 [0.00013904]
0.530 8.00e-09 [0.00017761]
0.550 8.00e-09 [0.00023258]
0.570 8.00e-09 [0.00030057]
0.590 8.00e-09 [0.00041365]
0.610 8.00e-09 [0.00058253]
0.630 8.00e-09 [0.00088986]
0.650 8.00e-09 [0.00138503]
0.670 8.00e-09 [0.00228537]
0.690 8.00e-09 [0.00434463]
0.710 8.00e-09 [0.0093681]
0.730 8.00e-09 [0.02481432]
0.750 8.00e-09 [0.34333401]
0.770 8.00e-09 [1.09097592]
0.790 8.00e-09 [0.67619754]
0.810 8.00e-09 [0.02336844]
0.830 8.00e-09 [0.01290267]
0.850 8.00e-09 [0.0060564]
0.870 8.00e-09 [0.00415404]
0.890 8.00e-09 [0.00266563]
0.910 8.00e-09 [0.00206014]
0.930 8.00e-09 [0.00153319]
0.950 8.00e-09 [0.00130213]
0.970 8.00e-09 [0.00110361]
0.990 8.00e-09 [0.00099219]
1.010 8.00e-09 [0.00136416]
1.030 8.00e-09 [0.00155424]
1.050 8.00e-09 [0.00090513]
1.070 8.00e-09 [0.00081436]
1.090 8.00e-09 [0.00079152]
1.110 8.00e-09 [0.00076]
1.130 8.00e-09 [0.00075864]
1.150 8.00e-09 [0.00075372]
1.170 8.00e-09 [0.00074752]
1.190 8.00e-09 [0.00074562]
1.210 8.00e-09 [0.00074158]
1.230 8.00e-09 [0.00071967]
1.250 8.00e-09 [0.00066884]
1.270 8.00e-09 [0.00061644]
1.290 8.00e-09 [0.00056126]
1.310 8.00e-09 [0.00048795]
1.330 8.00e-09 [0.00040891]
1.350 8.00e-09 [0.00034569]
1.370 8.00e-09 [0.00029666]
1.390 8.00e-09 [0.00023571]
1.410 8.00e-09 [0.00019209]
1.430 8.00e-09 [0.00016239]
1.450 8.00e-09 [0.0001343]
1.470 8.00e-09 [0.00010202]
1.490 8.00e-09 [9.03254352e-05]
0.220 1.60e-08 [0.00010138]
0.250 1.60e-08 [0.00016649]
0.270 1.60e-08 [0.00020873]
0.290 1.60e-08 [0.00027914]
0.310 1.60e-08 [0.0003123]
0.330 1.60e-08 [0.00037332]
0.350 1.60e-08 [0.00045244]
0.370 1.60e-08 [0.00054735]
0.390 1.60e-08 [0.00065243]
0.410 1.60e-08 [0.00078774]
0.430 1.60e-08 [0.00095657]
0.450 1.60e-08 [0.00115691]
0.470 1.60e-08 [0.00142585]
0.490 1.60e-08 [0.00175214]
0.510 1.60e-08 [0.00220879]
0.530 1.60e-08 [0.00282374]
0.550 1.60e-08 [0.00368656]
0.570 1.60e-08 [0.00476858]
0.590 1.60e-08 [0.00657023]
0.610 1.60e-08 [0.00920284]
0.630 1.60e-08 [0.01405905]
0.650 1.60e-08 [0.02187189]
0.670 1.60e-08 [0.03610247]
0.690 1.60e-08 [0.06838162]
0.710 1.60e-08 [0.1469621]
0.730 1.60e-08 [0.38726616]
0.750 1.60e-08 [5.33955515]
0.770 1.60e-08 [16.8827]
0.790 1.60e-08 [10.4625969]
0.810 1.60e-08 [0.36481757]
0.830 1.60e-08 [0.20197256]
0.850 1.60e-08 [0.09490883]
0.870 1.60e-08 [0.06525194]
0.890 1.60e-08 [0.04193612]
0.910 1.60e-08 [0.03243669]
0.930 1.60e-08 [0.02410663]
0.950 1.60e-08 [0.020481]
0.970 1.60e-08 [0.01739315]
0.990 1.60e-08 [0.01563938]
1.010 1.60e-08 [0.0213571]
1.030 1.60e-08 [0.02420331]
1.050 1.60e-08 [0.01420576]
1.070 1.60e-08 [0.01278578]
1.090 1.60e-08 [0.0124246]
1.110 1.60e-08 [0.01194328]
1.130 1.60e-08 [0.0119116]
1.150 1.60e-08 [0.01182851]
1.170 1.60e-08 [0.01173164]
1.190 1.60e-08 [0.01168615]
1.210 1.60e-08 [0.01161884]
1.230 1.60e-08 [0.01127217]
1.250 1.60e-08 [0.01046414]
1.270 1.60e-08 [0.00962509]
1.290 1.60e-08 [0.00875683]
1.310 1.60e-08 [0.00760833]
1.330 1.60e-08 [0.00636513]
1.350 1.60e-08 [0.0053804]
1.370 1.60e-08 [0.00460585]
1.390 1.60e-08 [0.00365881]
1.410 1.60e-08 [0.00297452]
1.430 1.60e-08 [0.00251312]
1.450 1.60e-08 [0.00207332]
1.470 1.60e-08 [0.00157303]
1.490 1.60e-08 [0.00139077]
0.220 3.20e-08 [0.0016132]
0.250 3.20e-08 [0.00265467]
0.270 3.20e-08 [0.00331146]
0.290 3.20e-08 [0.00441774]
0.310 3.20e-08 [0.0049363]
0.330 3.20e-08 [0.0059205]
0.350 3.20e-08 [0.00718381]
0.370 3.20e-08 [0.00868776]
0.390 3.20e-08 [0.01031522]
0.410 3.20e-08 [0.01249788]
0.430 3.20e-08 [0.01514814]
0.450 3.20e-08 [0.01830864]
0.470 3.20e-08 [0.02252323]
0.490 3.20e-08 [0.0276375]
0.510 3.20e-08 [0.03476866]
0.530 3.20e-08 [0.04438508]
0.550 3.20e-08 [0.05784631]
0.570 3.20e-08 [0.074705]
0.590 3.20e-08 [0.10269948]
0.610 3.20e-08 [0.14357371]
0.630 3.20e-08 [0.21827264]
0.650 3.20e-08 [0.3379466]
0.670 3.20e-08 [0.55363989]
0.690 3.20e-08 [1.03833844]
0.710 3.20e-08 [2.20176414]
0.730 3.20e-08 [5.7075655]
0.750 3.20e-08 [77.32512463]
0.770 3.20e-08 [240.03908181]
0.790 3.20e-08 [148.88061455]
0.810 3.20e-08 [5.35720008]
0.830 3.20e-08 [3.00431129]
0.850 3.20e-08 [1.42354571]
0.870 3.20e-08 [0.98438342]
0.890 3.20e-08 [0.63551302]
0.910 3.20e-08 [0.49278241]
0.930 3.20e-08 [0.36702971]
0.950 3.20e-08 [0.31195695]
0.970 3.20e-08 [0.26478246]
0.990 3.20e-08 [0.23786186]
1.010 3.20e-08 [0.31686961]
1.030 3.20e-08 [0.35291473]
1.050 3.20e-08 [0.21402874]
1.070 3.20e-08 [0.19301982]
1.090 3.20e-08 [0.18736549]
1.110 3.20e-08 [0.17999198]
1.130 3.20e-08 [0.17923786]
1.150 3.20e-08 [0.17771502]
1.170 3.20e-08 [0.17598545]
1.190 3.20e-08 [0.17475798]
1.210 3.20e-08 [0.17318872]
1.230 3.20e-08 [0.16750362]
1.250 3.20e-08 [0.15505588]
1.270 3.20e-08 [0.14210528]
1.290 3.20e-08 [0.12879732]
1.310 3.20e-08 [0.11150972]
1.330 3.20e-08 [0.09289049]
1.350 3.20e-08 [0.07814412]
1.370 3.20e-08 [0.06653645]
1.390 3.20e-08 [0.05264673]
1.410 3.20e-08 [0.04250827]
1.430 3.20e-08 [0.03575255]
1.450 3.20e-08 [0.02926002]
1.470 3.20e-08 [0.02209204]
1.490 3.20e-08 [0.01938348]
0.220 6.30e-08 [0.02477177]
0.250 6.30e-08 [0.04066277]
0.270 6.30e-08 [0.05064976]
0.290 6.30e-08 [0.06736317]
0.310 6.30e-08 [0.07524343]
0.330 6.30e-08 [0.08995667]
0.350 6.30e-08 [0.10898194]
0.370 6.30e-08 [0.13139904]
0.390 6.30e-08 [0.15580339]
0.410 6.30e-08 [0.18806991]
0.430 6.30e-08 [0.22732939]
0.450 6.30e-08 [0.27386399]
0.470 6.30e-08 [0.33569607]
0.490 6.30e-08 [0.41033045]
0.510 6.30e-08 [0.51367422]
0.530 6.30e-08 [0.65211087]
0.550 6.30e-08 [0.8445315]
0.570 6.30e-08 [1.08403583]
0.590 6.30e-08 [1.47516646]
0.610 6.30e-08 [2.03966662]
0.630 6.30e-08 [3.05065812]
0.650 6.30e-08 [4.62601132]
0.670 6.30e-08 [7.37469331]
0.690 6.30e-08 [13.32281611]
0.710 6.30e-08 [26.80524965]
0.730 6.30e-08 [65.33074166]
0.750 6.30e-08 [829.74708845]
0.770 6.30e-08 [2409.5286461]
0.790 6.30e-08 [1499.18930151]
0.810 6.30e-08 [60.5567582]
0.830 6.30e-08 [35.61689796]
0.850 6.30e-08 [17.40955987]
0.870 6.30e-08 [12.30099316]
0.890 6.30e-08 [8.0773638]
0.910 6.30e-08 [6.32431719]
0.930 6.30e-08 [4.74955932]
0.950 6.30e-08 [4.04447216]
0.970 6.30e-08 [3.42813566]
0.990 6.30e-08 [3.07218233]
1.010 6.30e-08 [3.7249527]
1.030 6.30e-08 [3.88898764]
1.050 6.30e-08 [2.66281982]
1.070 6.30e-08 [2.41791008]
1.090 6.30e-08 [2.33932798]
1.110 6.30e-08 [2.24310265]
1.130 6.30e-08 [2.21954038]
1.150 6.30e-08 [2.18728948]
1.170 6.30e-08 [2.15443113]
1.190 6.30e-08 [2.11538613]
1.210 6.30e-08 [2.07272614]
1.230 6.30e-08 [1.98192076]
1.250 6.30e-08 [1.81521944]
1.270 6.30e-08 [1.64165934]
1.290 6.30e-08 [1.46630101]
1.310 6.30e-08 [1.25235754]
1.330 6.30e-08 [1.02748816]
1.350 6.30e-08 [0.85001322]
1.370 6.30e-08 [0.70918699]
1.390 6.30e-08 [0.55327473]
1.410 6.30e-08 [0.43603623]
1.430 6.30e-08 [0.36111286]
1.450 6.30e-08 [0.28724742]
1.470 6.30e-08 [0.21333884]
1.490 6.30e-08 [0.18231593]
0.220 1.26e-07 [0.38705458]
0.250 1.26e-07 [0.62882328]
0.270 1.26e-07 [0.77810828]
0.290 1.26e-07 [1.02407073]
0.310 1.26e-07 [1.1395455]
0.330 1.26e-07 [1.35224397]
0.350 1.26e-07 [1.6229242]
0.370 1.26e-07 [1.93825994]
0.390 1.26e-07 [2.27635951]
0.410 1.26e-07 [2.71682768]
0.430 1.26e-07 [3.24414753]
0.450 1.26e-07 [3.85865333]
0.470 1.26e-07 [4.66373974]
0.490 1.26e-07 [5.61282848]
0.510 1.26e-07 [6.90351869]
0.530 1.26e-07 [8.57582733]
0.550 1.26e-07 [10.83144482]
0.570 1.26e-07 [13.59081421]
0.590 1.26e-07 [17.80818684]
0.610 1.26e-07 [23.62429859]
0.630 1.26e-07 [33.25337421]
0.650 1.26e-07 [46.78919222]
0.670 1.26e-07 [67.7424188]
0.690 1.26e-07 [107.7498798]
0.710 1.26e-07 [182.80744532]
0.730 1.26e-07 [369.06949682]
0.750 1.26e-07 [3915.64327166]
0.770 1.26e-07 [9488.68840468]
0.790 1.26e-07 [5968.95861074]
0.810 1.26e-07 [330.42715901]
0.830 1.26e-07 [225.08014557]
0.850 1.26e-07 [120.99546686]
0.870 1.26e-07 [91.46910586]
0.890 1.26e-07 [63.55778122]
0.910 1.26e-07 [51.38147571]
0.930 1.26e-07 [39.68934182]
0.950 1.26e-07 [34.0357437]
0.970 1.26e-07 [28.67836454]
0.990 1.26e-07 [25.537406]
1.010 1.26e-07 [23.05041898]
1.030 1.26e-07 [20.04327134]
1.050 1.26e-07 [19.61046346]
1.070 1.26e-07 [18.20563303]
1.090 1.26e-07 [17.42586183]
1.110 1.26e-07 [16.62512945]
1.130 1.26e-07 [16.11739986]
1.150 1.26e-07 [15.60065544]
1.170 1.26e-07 [15.11158563]
1.190 1.26e-07 [14.34715104]
1.210 1.26e-07 [13.59846471]
1.230 1.26e-07 [12.58546644]
1.250 1.26e-07 [11.17735278]
1.270 1.26e-07 [9.77137456]
1.290 1.26e-07 [8.32858974]
1.310 1.26e-07 [6.8746776]
1.330 1.26e-07 [5.41056571]
1.350 1.26e-07 [4.286858]
1.370 1.26e-07 [3.39564228]
1.390 1.26e-07 [2.55605377]
1.410 1.26e-07 [1.89835845]
1.430 1.26e-07 [1.51733752]
1.450 1.26e-07 [1.13414202]
1.470 1.26e-07 [0.81424983]
1.490 1.26e-07 [0.65566406]
0.220 2.51e-07 [5.67902095]
0.250 2.51e-07 [8.83650614]
0.270 2.51e-07 [10.66582797]
0.290 2.51e-07 [13.48658732]
0.310 2.51e-07 [14.78662396]
0.330 2.51e-07 [17.04364996]
0.350 2.51e-07 [19.75806018]
0.370 2.51e-07 [22.75747977]
0.390 2.51e-07 [25.79414655]
0.410 2.51e-07 [29.53517079]
0.430 2.51e-07 [33.71468404]
0.450 2.51e-07 [38.29857372]
0.470 2.51e-07 [43.99136466]
0.490 2.51e-07 [50.17344828]
0.510 2.51e-07 [57.99481987]
0.530 2.51e-07 [66.96081994]
0.550 2.51e-07 [77.87682106]
0.570 2.51e-07 [90.95400886]
0.590 2.51e-07 [105.79091457]
0.610 2.51e-07 [124.80423019]
0.630 2.51e-07 [147.63209449]
0.650 2.51e-07 [172.08287487]
0.670 2.51e-07 [198.08139265]
0.690 2.51e-07 [246.07560405]
0.710 2.51e-07 [306.48313727]
0.730 2.51e-07 [462.97816572]
0.750 2.51e-07 [3881.97909915]
0.770 2.51e-07 [7060.64805453]
0.790 2.51e-07 [4655.73691322]
0.810 2.51e-07 [394.29266018]
0.830 2.51e-07 [347.71478677]
0.850 2.51e-07 [216.8133289]
0.870 2.51e-07 [181.87634444]
0.890 2.51e-07 [141.42492689]
0.910 2.51e-07 [121.42966009]
0.930 2.51e-07 [99.31588143]
0.950 2.51e-07 [86.97046624]
0.970 2.51e-07 [71.88647662]
0.990 2.51e-07 [63.84067727]
1.010 2.51e-07 [35.22382032]
1.030 2.51e-07 [23.19397832]
1.050 2.51e-07 [39.859681]
1.070 2.51e-07 [38.40772135]
1.090 2.51e-07 [36.19064629]
1.110 2.51e-07 [34.31798185]
1.130 2.51e-07 [31.96087703]
1.150 2.51e-07 [30.30929415]
1.170 2.51e-07 [28.35390692]
1.190 2.51e-07 [25.80681453]
1.210 2.51e-07 [23.22782885]
1.230 2.51e-07 [20.45794893]
1.250 2.51e-07 [17.51398763]
1.270 2.51e-07 [14.70021166]
1.290 2.51e-07 [11.61078532]
1.310 2.51e-07 [9.06525401]
1.330 2.51e-07 [6.83022337]
1.350 2.51e-07 [5.01357965]
1.370 2.51e-07 [3.7073265]
1.390 2.51e-07 [2.6295496]
1.410 2.51e-07 [1.75746675]
1.430 2.51e-07 [1.35585752]
1.450 2.51e-07 [0.91942096]
1.470 2.51e-07 [0.61993775]
1.490 2.51e-07 [0.44685933]
0.220 5.01e-07 [67.55937818]
0.250 5.01e-07 [89.55851328]
0.270 5.01e-07 [98.80430402]
0.290 5.01e-07 [108.51520353]
0.310 5.01e-07 [113.26129995]
0.330 5.01e-07 [118.58002496]
0.350 5.01e-07 [122.88041044]
0.370 5.01e-07 [126.27867015]
0.390 5.01e-07 [128.99327195]
0.410 5.01e-07 [131.27429485]
0.430 5.01e-07 [132.76115998]
0.450 5.01e-07 [134.65247359]
0.470 5.01e-07 [136.37217777]
0.490 5.01e-07 [138.48965782]
0.510 5.01e-07 [139.28796084]
0.530 5.01e-07 [140.89748439]
0.550 5.01e-07 [141.26086521]
0.570 5.01e-07 [146.77915685]
0.590 5.01e-07 [141.85446717]
0.610 5.01e-07 [144.79704688]
0.630 5.01e-07 [130.50017259]
0.650 5.01e-07 [118.69132504]
0.670 5.01e-07 [95.71459834]
0.690 5.01e-07 [80.94569068]
0.710 5.01e-07 [54.21800331]
0.730 5.01e-07 [38.68831521]
0.750 5.01e-07 [158.32523638]
0.770 5.01e-07 [123.50031215]
0.790 5.01e-07 [84.90308325]
0.810 5.01e-07 [28.50484068]
0.830 5.01e-07 [45.34336238]
0.850 5.01e-07 [40.96142005]
0.870 5.01e-07 [43.60512411]
0.890 5.01e-07 [41.34301502]
0.910 5.01e-07 [40.28784579]
0.930 5.01e-07 [36.00635024]
0.950 5.01e-07 [32.50807585]
0.970 5.01e-07 [26.86213688]
0.990 5.01e-07 [22.87619719]
1.010 5.01e-07 [4.16664288]
1.030 5.01e-07 [1.16818788]
1.050 5.01e-07 [9.37125059]
1.070 5.01e-07 [9.94354688]
1.090 5.01e-07 [8.97261612]
1.110 5.01e-07 [8.49333469]
1.130 5.01e-07 [6.94241892]
1.150 5.01e-07 [6.20487128]
1.170 5.01e-07 [5.35076823]
1.190 5.01e-07 [4.3177092]
1.210 5.01e-07 [3.35284858]
1.230 5.01e-07 [2.52631209]
1.250 5.01e-07 [1.94527239]
1.270 5.01e-07 [1.37138948]
1.290 5.01e-07 [0.90905223]
1.310 5.01e-07 [0.5822007]
1.330 5.01e-07 [0.3842382]
1.350 5.01e-07 [0.21432564]
1.370 5.01e-07 [0.12606217]
1.390 5.01e-07 [0.06717527]
1.410 5.01e-07 [0.03285478]
1.430 5.01e-07 [0.02116661]
1.450 5.01e-07 [0.00962061]
1.470 5.01e-07 [0.00492639]
1.490 5.01e-07 [0.002346]
0.220 1.00e-06 [383.81915001]
0.250 1.00e-06 [320.03888401]
0.270 1.00e-06 [283.01225997]
0.290 1.00e-06 [227.04044742]
0.310 1.00e-06 [217.86197653]
0.330 1.00e-06 [192.93337732]
0.350 1.00e-06 [166.51705599]
0.370 1.00e-06 [142.74049896]
0.390 1.00e-06 [128.80496175]
0.410 1.00e-06 [110.05147274]
0.430 1.00e-06 [95.5208146]
0.450 1.00e-06 [86.07654416]
0.470 1.00e-06 [71.95595051]
0.490 1.00e-06 [62.50257647]
0.510 1.00e-06 [49.67884786]
0.530 1.00e-06 [40.99294741]
0.550 1.00e-06 [31.73016374]
0.570 1.00e-06 [24.91038215]
0.590 1.00e-06 [15.85740725]
0.610 1.00e-06 [9.7916242]
0.630 1.00e-06 [4.36320019]
0.650 1.00e-06 [1.50285054]
0.670 1.00e-06 [0.40235457]
0.690 1.00e-06 [0.]
0.710 1.00e-06 [0.]
0.730 1.00e-06 [0.]
0.750 1.00e-06 [0.]
0.770 1.00e-06 [0.]
0.790 1.00e-06 [0.]
0.810 1.00e-06 [0.]
0.830 1.00e-06 [0.]
0.850 1.00e-06 [0.]
0.870 1.00e-06 [0.]
0.890 1.00e-06 [0.]
0.910 1.00e-06 [0.]
0.930 1.00e-06 [0.]
0.950 1.00e-06 [0.0492635]
0.970 1.00e-06 [0.04135241]
0.990 1.00e-06 [0.]
1.010 1.00e-06 [0.]
1.030 1.00e-06 [0.]
1.050 1.00e-06 [0.]
1.070 1.00e-06 [0.]
1.090 1.00e-06 [0.]
1.110 1.00e-06 [0.]
1.130 1.00e-06 [0.]
1.150 1.00e-06 [0.]
1.170 1.00e-06 [0.]
1.190 1.00e-06 [0.]
1.210 1.00e-06 [0.]
1.230 1.00e-06 [0.]
1.250 1.00e-06 [0.]
1.270 1.00e-06 [0.]
1.290 1.00e-06 [0.]
1.310 1.00e-06 [0.]
1.330 1.00e-06 [0.]
1.350 1.00e-06 [0.]
1.370 1.00e-06 [0.]
1.390 1.00e-06 [0.]
1.410 1.00e-06 [0.]
1.430 1.00e-06 [0.]
1.450 1.00e-06 [0.]
1.470 1.00e-06 [0.]
1.490 1.00e-06 [0.]
0.220 1.99e-06 [445.48576387]
0.250 1.99e-06 [199.5528563]
0.270 1.99e-06 [132.64584776]
0.290 1.99e-06 [69.70133368]
0.310 1.99e-06 [57.12771412]
0.330 1.99e-06 [37.80745676]
0.350 1.99e-06 [22.81767851]
0.370 1.99e-06 [13.30766965]
0.390 1.99e-06 [8.02813613]
0.410 1.99e-06 [4.06515524]
0.430 1.99e-06 [2.10869344]
0.450 1.99e-06 [1.14678456]
0.470 1.99e-06 [0.46458989]
0.490 1.99e-06 [0.22027316]
0.510 1.99e-06 [0.08235029]
0.530 1.99e-06 [0.]
0.550 1.99e-06 [0.]
0.570 1.99e-06 [0.]
0.590 1.99e-06 [0.]
0.610 1.99e-06 [0.]
0.630 1.99e-06 [0.]
0.650 1.99e-06 [0.]
0.670 1.99e-06 [0.]
0.690 1.99e-06 [0.]
0.710 1.99e-06 [0.]
0.730 1.99e-06 [0.]
0.750 1.99e-06 [0.]
0.770 1.99e-06 [0.]
0.790 1.99e-06 [0.]
0.810 1.99e-06 [0.]
0.830 1.99e-06 [0.]
0.850 1.99e-06 [0.]
0.870 1.99e-06 [0.]
0.890 1.99e-06 [0.]
0.910 1.99e-06 [0.]
0.930 1.99e-06 [0.]
0.950 1.99e-06 [0.]
0.970 1.99e-06 [0.]
0.990 1.99e-06 [0.]
1.010 1.99e-06 [0.]
1.030 1.99e-06 [0.]
1.050 1.99e-06 [0.]
1.070 1.99e-06 [0.]
1.090 1.99e-06 [0.]
1.110 1.99e-06 [0.]
1.130 1.99e-06 [0.]
1.150 1.99e-06 [0.]
1.170 1.99e-06 [0.]
1.190 1.99e-06 [0.]
1.210 1.99e-06 [0.]
1.230 1.99e-06 [0.]
1.250 1.99e-06 [0.]
1.270 1.99e-06 [0.]
1.290 1.99e-06 [0.]
1.310 1.99e-06 [0.]
1.330 1.99e-06 [0.]
1.350 1.99e-06 [0.]
1.370 1.99e-06 [0.]
1.390 1.99e-06 [0.]
1.410 1.99e-06 [0.]
1.430 1.99e-06 [0.]
1.450 1.99e-06 [0.]
1.470 1.99e-06 [0.]
1.490 1.99e-06 [0.]
0.220 3.98e-06 [48.70689443]
0.250 3.98e-06 [3.67092712]
0.270 3.98e-06 [0.87112559]
0.290 3.98e-06 [0.15027016]
0.310 3.98e-06 [0.]
0.330 3.98e-06 [0.]
0.350 3.98e-06 [0.]
0.370 3.98e-06 [0.]
0.390 3.98e-06 [0.]
0.410 3.98e-06 [0.]
0.430 3.98e-06 [0.]
0.450 3.98e-06 [0.]
0.470 3.98e-06 [0.]
0.490 3.98e-06 [0.]
0.510 3.98e-06 [0.]
0.530 3.98e-06 [0.]
0.550 3.98e-06 [0.]
0.570 3.98e-06 [0.]
0.590 3.98e-06 [0.]
0.610 3.98e-06 [0.]
0.630 3.98e-06 [0.]
0.650 3.98e-06 [0.]
0.670 3.98e-06 [0.]
0.690 3.98e-06 [0.]
0.710 3.98e-06 [0.]
0.730 3.98e-06 [0.]
0.750 3.98e-06 [0.]
0.770 3.98e-06 [0.]
0.790 3.98e-06 [0.]
0.810 3.98e-06 [0.]
0.830 3.98e-06 [0.]
0.850 3.98e-06 [0.]
0.870 3.98e-06 [0.]
0.890 3.98e-06 [0.]
0.910 3.98e-06 [0.]
0.930 3.98e-06 [0.]
0.950 3.98e-06 [0.]
0.970 3.98e-06 [0.]
0.990 3.98e-06 [0.]
1.010 3.98e-06 [0.]
1.030 3.98e-06 [0.]
1.050 3.98e-06 [0.]
1.070 3.98e-06 [0.]
1.090 3.98e-06 [0.]
1.110 3.98e-06 [0.]
1.130 3.98e-06 [0.]
1.150 3.98e-06 [0.]
1.170 3.98e-06 [0.]
1.190 3.98e-06 [0.]
1.210 3.98e-06 [0.]
1.230 3.98e-06 [0.]
1.250 3.98e-06 [0.]
1.270 3.98e-06 [0.]
1.290 3.98e-06 [0.]
1.310 3.98e-06 [0.]
1.330 3.98e-06 [0.]
1.350 3.98e-06 [0.]
1.370 3.98e-06 [0.]
1.390 3.98e-06 [0.]
1.410 3.98e-06 [0.]
1.430 3.98e-06 [0.]
1.450 3.98e-06 [0.]
1.470 3.98e-06 [0.]
1.490 3.98e-06 [0.]
0.220 7.94e-06 [0.]
0.250 7.94e-06 [0.]
0.270 7.94e-06 [0.]
0.290 7.94e-06 [0.]
0.310 7.94e-06 [0.]
0.330 7.94e-06 [0.]
0.350 7.94e-06 [0.]
0.370 7.94e-06 [0.]
0.390 7.94e-06 [0.]
0.410 7.94e-06 [0.]
0.430 7.94e-06 [0.]
0.450 7.94e-06 [0.]
0.470 7.94e-06 [0.]
0.490 7.94e-06 [0.]
0.510 7.94e-06 [0.]
0.530 7.94e-06 [0.]
0.550 7.94e-06 [0.]
0.570 7.94e-06 [0.]
0.590 7.94e-06 [0.]
0.610 7.94e-06 [0.]
0.630 7.94e-06 [0.]
0.650 7.94e-06 [0.]
0.670 7.94e-06 [0.]
0.690 7.94e-06 [0.]
0.710 7.94e-06 [0.]
0.730 7.94e-06 [0.]
0.750 7.94e-06 [0.]
0.770 7.94e-06 [0.]
0.790 7.94e-06 [0.]
0.810 7.94e-06 [0.]
0.830 7.94e-06 [0.]
0.850 7.94e-06 [0.]
0.870 7.94e-06 [0.]
0.890 7.94e-06 [0.]
0.910 7.94e-06 [0.]
0.930 7.94e-06 [0.]
0.950 7.94e-06 [0.]
0.970 7.94e-06 [0.]
0.990 7.94e-06 [0.]
1.010 7.94e-06 [0.]
1.030 7.94e-06 [0.]
1.050 7.94e-06 [0.]
1.070 7.94e-06 [0.]
1.090 7.94e-06 [0.]
1.110 7.94e-06 [0.]
1.130 7.94e-06 [0.]
1.150 7.94e-06 [0.]
1.170 7.94e-06 [0.]
1.190 7.94e-06 [0.]
1.210 7.94e-06 [0.]
1.230 7.94e-06 [0.]
1.250 7.94e-06 [0.]
1.270 7.94e-06 [0.]
1.290 7.94e-06 [0.]
1.310 7.94e-06 [0.]
1.330 7.94e-06 [0.]
1.350 7.94e-06 [0.]
1.370 7.94e-06 [0.]
1.390 7.94e-06 [0.]
1.410 7.94e-06 [0.]
1.430 7.94e-06 [0.]
1.450 7.94e-06 [0.]
1.470 7.94e-06 [0.]
1.490 7.94e-06 [0.]
0.220 1.58e-05 [0.]
0.250 1.58e-05 [0.]
0.270 1.58e-05 [0.]
0.290 1.58e-05 [0.]
0.310 1.58e-05 [0.]
0.330 1.58e-05 [0.]
0.350 1.58e-05 [0.]
0.370 1.58e-05 [0.]
0.390 1.58e-05 [0.]
0.410 1.58e-05 [0.]
0.430 1.58e-05 [0.]
0.450 1.58e-05 [0.]
0.470 1.58e-05 [0.]
0.490 1.58e-05 [0.]
0.510 1.58e-05 [0.]
0.530 1.58e-05 [0.]
0.550 1.58e-05 [0.]
0.570 1.58e-05 [0.]
0.590 1.58e-05 [0.]
0.610 1.58e-05 [0.]
0.630 1.58e-05 [0.]
0.650 1.58e-05 [0.]
0.670 1.58e-05 [0.]
0.690 1.58e-05 [0.]
0.710 1.58e-05 [0.]
0.730 1.58e-05 [0.]
0.750 1.58e-05 [0.]
0.770 1.58e-05 [0.]
0.790 1.58e-05 [0.]
0.810 1.58e-05 [0.]
0.830 1.58e-05 [0.]
0.850 1.58e-05 [0.]
0.870 1.58e-05 [0.]
0.890 1.58e-05 [0.]
0.910 1.58e-05 [0.]
0.930 1.58e-05 [0.]
0.950 1.58e-05 [0.]
0.970 1.58e-05 [0.]
0.990 1.58e-05 [0.]
1.010 1.58e-05 [0.]
1.030 1.58e-05 [0.]
1.050 1.58e-05 [0.]
1.070 1.58e-05 [0.]
1.090 1.58e-05 [0.]
1.110 1.58e-05 [0.]
1.130 1.58e-05 [0.]
1.150 1.58e-05 [0.]
1.170 1.58e-05 [0.]
1.190 1.58e-05 [0.]
1.210 1.58e-05 [0.]
1.230 1.58e-05 [0.]
1.250 1.58e-05 [0.]
1.270 1.58e-05 [0.]
1.290 1.58e-05 [0.]
1.310 1.58e-05 [0.]
1.330 1.58e-05 [0.]
1.350 1.58e-05 [0.]
1.370 1.58e-05 [0.]
1.390 1.58e-05 [0.]
1.410 1.58e-05 [0.]
1.430 1.58e-05 [0.]
1.450 1.58e-05 [0.]
1.470 1.58e-05 [0.]
1.490 1.58e-05 [0.]
0.220 3.16e-05 [0.]
0.250 3.16e-05 [0.]
0.270 3.16e-05 [0.]
0.290 3.16e-05 [0.]
0.310 3.16e-05 [0.]
0.330 3.16e-05 [0.]
0.350 3.16e-05 [0.]
0.370 3.16e-05 [0.]
0.390 3.16e-05 [0.]
0.410 3.16e-05 [0.]
0.430 3.16e-05 [0.]
0.450 3.16e-05 [0.]
0.470 3.16e-05 [0.]
0.490 3.16e-05 [0.]
0.510 3.16e-05 [0.]
0.530 3.16e-05 [0.]
0.550 3.16e-05 [0.]
0.570 3.16e-05 [0.]
0.590 3.16e-05 [0.]
0.610 3.16e-05 [0.]
0.630 3.16e-05 [0.]
0.650 3.16e-05 [0.]
0.670 3.16e-05 [0.]
0.690 3.16e-05 [0.]
0.710 3.16e-05 [0.]
0.730 3.16e-05 [0.]
0.750 3.16e-05 [0.]
0.770 3.16e-05 [0.]
0.790 3.16e-05 [0.]
0.810 3.16e-05 [0.]
0.830 3.16e-05 [0.]
0.850 3.16e-05 [0.]
0.870 3.16e-05 [0.]
0.890 3.16e-05 [0.]
0.910 3.16e-05 [0.]
0.930 3.16e-05 [0.]
0.950 3.16e-05 [0.]
0.970 3.16e-05 [0.]
0.990 3.16e-05 [0.]
1.010 3.16e-05 [0.]
1.030 3.16e-05 [0.]
1.050 3.16e-05 [0.]
1.070 3.16e-05 [0.]
1.090 3.16e-05 [0.]
1.110 3.16e-05 [0.]
1.130 3.16e-05 [0.]
1.150 3.16e-05 [0.]
1.170 3.16e-05 [0.]
1.190 3.16e-05 [0.]
1.210 3.16e-05 [0.]
1.230 3.16e-05 [0.]
1.250 3.16e-05 [0.]
1.270 3.16e-05 [0.]
1.290 3.16e-05 [0.]
1.310 3.16e-05 [0.]
1.330 3.16e-05 [0.]
1.350 3.16e-05 [0.]
1.370 3.16e-05 [0.]
1.390 3.16e-05 [0.]
1.410 3.16e-05 [0.]
1.430 3.16e-05 [0.]
1.450 3.16e-05 [0.]
1.470 3.16e-05 [0.]
1.490 3.16e-05 [0.]
0.220 6.31e-05 [0.]
0.250 6.31e-05 [0.]
0.270 6.31e-05 [0.]
0.290 6.31e-05 [0.]
0.310 6.31e-05 [0.]
0.330 6.31e-05 [0.]
0.350 6.31e-05 [0.]
0.370 6.31e-05 [0.]
0.390 6.31e-05 [0.]
0.410 6.31e-05 [0.]
0.430 6.31e-05 [0.]
0.450 6.31e-05 [0.]
0.470 6.31e-05 [0.]
0.490 6.31e-05 [0.]
0.510 6.31e-05 [0.]
0.530 6.31e-05 [0.]
0.550 6.31e-05 [0.]
0.570 6.31e-05 [0.]
0.590 6.31e-05 [0.]
0.610 6.31e-05 [0.]
0.630 6.31e-05 [0.]
0.650 6.31e-05 [0.]
0.670 6.31e-05 [0.]
0.690 6.31e-05 [0.]
0.710 6.31e-05 [0.]
0.730 6.31e-05 [0.]
0.750 6.31e-05 [0.]
0.770 6.31e-05 [0.]
0.790 6.31e-05 [0.]
0.810 6.31e-05 [0.]
0.830 6.31e-05 [0.]
0.850 6.31e-05 [0.]
0.870 6.31e-05 [0.]
0.890 6.31e-05 [0.]
0.910 6.31e-05 [0.]
0.930 6.31e-05 [0.]
0.950 6.31e-05 [0.]
0.970 6.31e-05 [0.]
0.990 6.31e-05 [0.]
1.010 6.31e-05 [0.]
1.030 6.31e-05 [0.]
1.050 6.31e-05 [0.]
1.070 6.31e-05 [0.]
1.090 6.31e-05 [0.]
1.110 6.31e-05 [0.]
1.130 6.31e-05 [0.]
1.150 6.31e-05 [0.]
1.170 6.31e-05 [0.]
1.190 6.31e-05 [0.]
1.210 6.31e-05 [0.]
1.230 6.31e-05 [0.]
1.250 6.31e-05 [0.]
1.270 6.31e-05 [0.]
1.290 6.31e-05 [0.]
1.310 6.31e-05 [0.]
1.330 6.31e-05 [0.]
1.350 6.31e-05 [0.]
1.370 6.31e-05 [0.]
1.390 6.31e-05 [0.]
1.410 6.31e-05 [0.]
1.430 6.31e-05 [0.]
1.450 6.31e-05 [0.]
1.470 6.31e-05 [0.]
1.490 6.31e-05 [0.]
0.220 1.26e-04 [0.]
0.250 1.26e-04 [0.]
0.270 1.26e-04 [0.]
0.290 1.26e-04 [0.]
0.310 1.26e-04 [0.]
0.330 1.26e-04 [0.]
0.350 1.26e-04 [0.]
0.370 1.26e-04 [0.]
0.390 1.26e-04 [0.]
0.410 1.26e-04 [0.]
0.430 1.26e-04 [0.]
0.450 1.26e-04 [0.]
0.470 1.26e-04 [0.]
0.490 1.26e-04 [0.]
0.510 1.26e-04 [0.]
0.530 1.26e-04 [0.]
0.550 1.26e-04 [0.]
0.570 1.26e-04 [0.]
0.590 1.26e-04 [0.]
0.610 1.26e-04 [0.]
0.630 1.26e-04 [0.]
0.650 1.26e-04 [0.]
0.670 1.26e-04 [0.]
0.690 1.26e-04 [0.]
0.710 1.26e-04 [0.]
0.730 1.26e-04 [0.]
0.750 1.26e-04 [0.]
0.770 1.26e-04 [0.]
0.790 1.26e-04 [0.]
0.810 1.26e-04 [0.]
0.830 1.26e-04 [0.]
0.850 1.26e-04 [0.]
0.870 1.26e-04 [0.]
0.890 1.26e-04 [0.]
0.910 1.26e-04 [0.]
0.930 1.26e-04 [0.]
0.950 1.26e-04 [0.]
0.970 1.26e-04 [0.]
0.990 1.26e-04 [0.]
1.010 1.26e-04 [0.]
1.030 1.26e-04 [0.]
1.050 1.26e-04 [0.]
1.070 1.26e-04 [0.]
1.090 1.26e-04 [0.]
1.110 1.26e-04 [0.]
1.130 1.26e-04 [0.]
1.150 1.26e-04 [0.]
1.170 1.26e-04 [0.]
1.190 1.26e-04 [0.]
1.210 1.26e-04 [0.]
1.230 1.26e-04 [0.]
1.250 1.26e-04 [0.]
1.270 1.26e-04 [0.]
1.290 1.26e-04 [0.]
1.310 1.26e-04 [0.]
1.330 1.26e-04 [0.]
1.350 1.26e-04 [0.]
1.370 1.26e-04 [0.]
1.390 1.26e-04 [0.]
1.410 1.26e-04 [0.]
1.430 1.26e-04 [0.]
1.450 1.26e-04 [0.]
1.470 1.26e-04 [0.]
1.490 1.26e-04 [0.]
0.220 2.51e-04 [0.]
0.250 2.51e-04 [0.]
0.270 2.51e-04 [0.]
0.290 2.51e-04 [0.]
0.310 2.51e-04 [0.]
0.330 2.51e-04 [0.]
0.350 2.51e-04 [0.]
0.370 2.51e-04 [0.]
0.390 2.51e-04 [0.]
0.410 2.51e-04 [0.]
0.430 2.51e-04 [0.]
0.450 2.51e-04 [0.]
0.470 2.51e-04 [0.]
0.490 2.51e-04 [0.]
0.510 2.51e-04 [0.]
0.530 2.51e-04 [0.]
0.550 2.51e-04 [0.]
0.570 2.51e-04 [0.]
0.590 2.51e-04 [0.]
0.610 2.51e-04 [0.]
0.630 2.51e-04 [0.]
0.650 2.51e-04 [0.]
0.670 2.51e-04 [0.]
0.690 2.51e-04 [0.]
0.710 2.51e-04 [0.]
0.730 2.51e-04 [0.]
0.750 2.51e-04 [0.]
0.770 2.51e-04 [0.]
0.790 2.51e-04 [0.]
0.810 2.51e-04 [0.]
0.830 2.51e-04 [0.]
0.850 2.51e-04 [0.]
0.870 2.51e-04 [0.]
0.890 2.51e-04 [0.]
0.910 2.51e-04 [0.]
0.930 2.51e-04 [0.]
0.950 2.51e-04 [0.]
0.970 2.51e-04 [0.]
0.990 2.51e-04 [0.]
1.010 2.51e-04 [0.]
1.030 2.51e-04 [0.]
1.050 2.51e-04 [0.]
1.070 2.51e-04 [0.]
1.090 2.51e-04 [0.]
1.110 2.51e-04 [0.]
1.130 2.51e-04 [0.]
1.150 2.51e-04 [0.]
1.170 2.51e-04 [0.]
1.190 2.51e-04 [0.]
1.210 2.51e-04 [0.]
1.230 2.51e-04 [0.]
1.250 2.51e-04 [0.]
1.270 2.51e-04 [0.]
1.290 2.51e-04 [0.]
1.310 2.51e-04 [0.]
1.330 2.51e-04 [0.]
1.350 2.51e-04 [0.]
1.370 2.51e-04 [0.]
1.390 2.51e-04 [0.]
1.410 2.51e-04 [0.]
1.430 2.51e-04 [0.]
1.450 2.51e-04 [0.]
1.470 2.51e-04 [0.]
1.490 2.51e-04 [0.]
0.220 5.01e-04 [0.]
0.250 5.01e-04 [0.]
0.270 5.01e-04 [0.]
0.290 5.01e-04 [0.]
0.310 5.01e-04 [0.]
0.330 5.01e-04 [0.]
0.350 5.01e-04 [0.]
0.370 5.01e-04 [0.]
0.390 5.01e-04 [0.]
0.410 5.01e-04 [0.]
0.430 5.01e-04 [0.]
0.450 5.01e-04 [0.]
0.470 5.01e-04 [0.]
0.490 5.01e-04 [0.]
0.510 5.01e-04 [0.]
0.530 5.01e-04 [0.]
0.550 5.01e-04 [0.]
0.570 5.01e-04 [0.]
0.590 5.01e-04 [0.]
0.610 5.01e-04 [0.]
0.630 5.01e-04 [0.]
0.650 5.01e-04 [0.]
0.670 5.01e-04 [0.]
0.690 5.01e-04 [0.]
0.710 5.01e-04 [0.]
0.730 5.01e-04 [0.]
0.750 5.01e-04 [0.]
0.770 5.01e-04 [0.]
0.790 5.01e-04 [0.]
0.810 5.01e-04 [0.]
0.830 5.01e-04 [0.]
0.850 5.01e-04 [0.]
0.870 5.01e-04 [0.]
0.890 5.01e-04 [0.]
0.910 5.01e-04 [0.]
0.930 5.01e-04 [0.]
0.950 5.01e-04 [0.]
0.970 5.01e-04 [0.]
0.990 5.01e-04 [0.]
1.010 5.01e-04 [0.]
1.030 5.01e-04 [0.]
1.050 5.01e-04 [0.]
1.070 5.01e-04 [0.]
1.090 5.01e-04 [0.]
1.110 5.01e-04 [0.]
1.130 5.01e-04 [0.]
1.150 5.01e-04 [0.]
1.170 5.01e-04 [0.]
1.190 5.01e-04 [0.]
1.210 5.01e-04 [0.]
1.230 5.01e-04 [0.]
1.250 5.01e-04 [0.]
1.270 5.01e-04 [0.]
1.290 5.01e-04 [0.]
1.310 5.01e-04 [0.]
1.330 5.01e-04 [0.]
1.350 5.01e-04 [0.]
1.370 5.01e-04 [0.]
1.390 5.01e-04 [0.]
1.410 5.01e-04 [0.]
1.430 5.01e-04 [0.]
1.450 5.01e-04 [0.]
1.470 5.01e-04 [0.]
1.490 5.01e-04 [0.]
0.220 1.00e-03 [0.]
0.250 1.00e-03 [0.]
0.270 1.00e-03 [0.]
0.290 1.00e-03 [0.]
0.310 1.00e-03 [0.]
0.330 1.00e-03 [0.]
0.350 1.00e-03 [0.]
0.370 1.00e-03 [0.]
0.390 1.00e-03 [0.]
0.410 1.00e-03 [0.]
0.430 1.00e-03 [0.]
0.450 1.00e-03 [0.]
0.470 1.00e-03 [0.]
0.490 1.00e-03 [0.]
0.510 1.00e-03 [0.]
0.530 1.00e-03 [0.]
0.550 1.00e-03 [0.]
0.570 1.00e-03 [0.]
0.590 1.00e-03 [0.]
0.610 1.00e-03 [0.]
0.630 1.00e-03 [0.]
0.650 1.00e-03 [0.]
0.670 1.00e-03 [0.]
0.690 1.00e-03 [0.]
0.710 1.00e-03 [0.]
0.730 1.00e-03 [0.]
0.750 1.00e-03 [0.]
0.770 1.00e-03 [0.]
0.790 1.00e-03 [0.]
0.810 1.00e-03 [0.]
0.830 1.00e-03 [0.]
0.850 1.00e-03 [0.]
0.870 1.00e-03 [0.]
0.890 1.00e-03 [0.]
0.910 1.00e-03 [0.]
0.930 1.00e-03 [0.]
0.950 1.00e-03 [0.]
0.970 1.00e-03 [0.]
0.990 1.00e-03 [0.]
1.010 1.00e-03 [0.]
1.030 1.00e-03 [0.]
1.050 1.00e-03 [0.]
1.070 1.00e-03 [0.]
1.090 1.00e-03 [0.]
1.110 1.00e-03 [0.]
1.130 1.00e-03 [0.]
1.150 1.00e-03 [0.]
1.170 1.00e-03 [0.]
1.190 1.00e-03 [0.]
1.210 1.00e-03 [0.]
1.230 1.00e-03 [0.]
1.250 1.00e-03 [0.]
1.270 1.00e-03 [0.]
1.290 1.00e-03 [0.]
1.310 1.00e-03 [0.]
1.330 1.00e-03 [0.]
1.350 1.00e-03 [0.]
1.370 1.00e-03 [0.]
1.390 1.00e-03 [0.]
1.410 1.00e-03 [0.]
1.430 1.00e-03 [0.]
1.450 1.00e-03 [0.]
1.470 1.00e-03 [0.]
1.490 1.00e-03 [0.]
