0.001 1.00e-09 [0.]
0.002 1.00e-09 [0.]
0.003 1.00e-09 [0.]
0.004 1.00e-09 [0.]
0.005 1.00e-09 [0.]
0.007 1.00e-09 [0.]
0.010 1.00e-09 [0.]
0.020 1.00e-09 [0.]
0.040 1.00e-09 [0.]
0.060 1.00e-09 [0.]
0.080 1.00e-09 [1.45593622e-06]
0.100 1.00e-09 [4.92076794e-07]
0.120 1.00e-09 [5.19150929e-08]
0.001 2.00e-09 [0.]
0.002 2.00e-09 [0.]
0.003 2.00e-09 [0.]
0.004 2.00e-09 [0.]
0.005 2.00e-09 [0.]
0.007 2.00e-09 [0.]
0.010 2.00e-09 [0.]
0.020 2.00e-09 [0.]
0.040 2.00e-09 [1.61682641e-05]
0.060 2.00e-09 [1.10075361e-05]
0.080 2.00e-09 [1.16474898e-05]
0.100 2.00e-09 [5.90492153e-06]
0.120 2.00e-09 [6.22981115e-07]
0.001 4.00e-09 [0.]
0.002 4.00e-09 [0.]
0.003 4.00e-09 [0.]
0.004 4.00e-09 [0.]
0.005 4.00e-09 [0.]
0.007 4.00e-09 [0.]
0.010 4.00e-09 [0.]
0.020 4.00e-09 [7.97168129e-05]
0.040 4.00e-09 [0.00019402]
0.060 4.00e-09 [0.00026418]
0.080 4.00e-09 [0.00018636]
0.100 4.00e-09 [7.87322871e-05]
0.120 4.00e-09 [1.07983393e-05]
0.001 8.00e-09 [0.]
0.002 8.00e-09 [0.]
0.003 8.00e-09 [0.]
0.004 8.00e-09 [0.]
0.005 8.00e-09 [0.]
0.007 8.00e-09 [0.00033808]
0.010 8.00e-09 [0.00033524]
0.020 8.00e-09 [0.00127547]
0.040 8.00e-09 [0.00310431]
0.060 8.00e-09 [0.00387465]
0.080 8.00e-09 [0.00298176]
0.100 8.00e-09 [0.00129121]
0.120 8.00e-09 [0.00016945]
0.001 1.60e-08 [0.]
0.002 1.60e-08 [0.]
0.003 1.60e-08 [0.]
0.004 1.60e-08 [0.00135969]
0.005 1.60e-08 [0.00135767]
0.007 1.60e-08 [0.00405693]
0.010 1.60e-08 [0.00670477]
0.020 1.60e-08 [0.02168297]
0.040 1.60e-08 [0.05070368]
0.060 1.60e-08 [0.06199444]
0.080 1.60e-08 [0.0473354]
0.100 1.60e-08 [0.02078532]
0.120 1.60e-08 [0.00267134]
0.001 3.20e-08 [0.]
0.002 3.20e-08 [0.00544952]
0.003 3.20e-08 [0.01089007]
0.004 3.20e-08 [0.02175503]
0.005 3.20e-08 [0.02715346]
0.007 3.20e-08 [0.05409243]
0.010 3.20e-08 [0.10727634]
0.020 3.20e-08 [0.33672382]
0.040 3.20e-08 [0.81125882]
0.060 3.20e-08 [0.97782145]
0.080 3.20e-08 [0.74543935]
0.100 3.20e-08 [0.32752631]
0.120 3.20e-08 [0.04194407]
0.001 6.30e-08 [0.02113025]
0.002 6.30e-08 [0.08448886]
0.003 6.30e-08 [0.16883858]
0.004 6.30e-08 [0.29512698]
0.005 6.30e-08 [0.44203395]
0.007 6.30e-08 [0.838644]
0.010 6.30e-08 [1.62162228]
0.020 6.30e-08 [5.1414355]
0.040 6.30e-08 [12.32099329]
0.060 6.30e-08 [14.75592966]
0.080 6.30e-08 [11.16427619]
0.100 6.30e-08 [4.85724231]
0.120 6.30e-08 [0.61774091]
0.001 1.26e-07 [0.42260509]
0.002 1.26e-07 [1.18284405]
0.003 1.26e-07 [2.53257865]
0.004 1.26e-07 [4.80635367]
0.005 1.26e-07 [7.07254321]
0.007 1.26e-07 [13.33443964]
0.010 1.26e-07 [25.4469958]
0.020 1.26e-07 [79.96909672]
0.040 1.26e-07 [186.09833618]
0.060 1.26e-07 [215.64846428]
0.080 1.26e-07 [158.31082317]
0.100 1.26e-07 [66.86471556]
0.120 1.26e-07 [8.27665672]
0.001 2.51e-07 [6.70812376]
0.002 2.51e-07 [18.77560041]
0.003 2.51e-07 [40.53530166]
0.004 2.51e-07 [75.62330621]
0.005 2.51e-07 [109.92553141]
0.007 2.51e-07 [206.33632333]
0.010 2.51e-07 [388.08670603]
0.020 2.51e-07 [1156.99829397]
0.040 2.51e-07 [2423.54403127]
0.060 2.51e-07 [2526.36871098]
0.080 2.51e-07 [1694.9943664]
0.100 2.51e-07 [660.82435299]
0.120 2.51e-07 [76.51482053]
0.001 5.01e-07 [105.56651155]
0.002 5.01e-07 [293.87084137]
0.003 5.01e-07 [627.29800412]
0.004 5.01e-07 [1157.16411014]
0.005 5.01e-07 [1659.95814672]
0.007 5.01e-07 [3019.08289459]
0.010 5.01e-07 [5412.903943]
0.020 5.01e-07 [13677.40190167]
0.040 5.01e-07 [21908.46504216]
0.060 5.01e-07 [18644.06659036]
0.080 5.01e-07 [10790.75506033]
0.100 5.01e-07 [3778.59550265]
0.120 5.01e-07 [403.99203934]
0.001 1.00e-06 [1645.06138032]
0.002 1.00e-06 [4438.37930575]
0.003 1.00e-06 [9231.0332845]
0.004 1.00e-06 [16225.98211915]
0.005 1.00e-06 [22417.51560418]
0.007 1.00e-06 [37442.10562434]
0.010 1.00e-06 [59342.46444615]
0.020 1.00e-06 [108579.28152491]
0.040 1.00e-06 [118274.89367723]
0.060 1.00e-06 [81417.24101345]
0.080 1.00e-06 [40528.89658881]
0.100 1.00e-06 [12839.75979766]
0.120 1.00e-06 [1261.58867223]
0.001 1.99e-06 [24663.93731115]
0.002 1.99e-06 [61255.12811109]
0.003 1.99e-06 [117372.47468562]
0.004 1.99e-06 [184522.81526311]
0.005 1.99e-06 [237440.58287927]
0.007 1.99e-06 [345766.28291922]
0.010 1.99e-06 [453293.26602542]
0.020 1.99e-06 [561636.07695049]
0.040 1.99e-06 [397361.83768774]
0.060 1.99e-06 [208252.11369539]
0.080 1.99e-06 [85784.18451866]
0.100 1.99e-06 [22685.05002352]
0.120 1.99e-06 [1944.73913551]
0.001 3.98e-06 [328298.73814996]
0.002 3.98e-06 [706615.36224372]
0.003 3.98e-06 [1165233.37163317]
0.004 3.98e-06 [1540826.95333581]
0.005 3.98e-06 [1808427.58799848]
0.007 3.98e-06 [2170818.06566656]
0.010 3.98e-06 [2336383.75954679]
0.020 3.98e-06 [1879200.02219339]
0.040 3.98e-06 [761290.48269649]
0.060 3.98e-06 [255658.53603314]
0.080 3.98e-06 [71968.43861472]
0.100 3.98e-06 [14029.7006101]
0.120 3.98e-06 [918.21035288]
0.001 7.94e-06 [3493221.23796191]
0.002 7.94e-06 [6041980.78700861]
0.003 7.94e-06 [8116996.29280717]
0.004 7.94e-06 [8950407.14937934]
0.005 7.94e-06 [9384157.4892726]
0.007 7.94e-06 [8961825.48403027]
0.010 7.94e-06 [7670404.497925]
0.020 7.94e-06 [3526890.09789124]
0.040 7.94e-06 [600569.72958268]
0.060 7.94e-06 [95490.8904252]
0.080 7.94e-06 [11482.10433227]
0.100 7.94e-06 [1210.78384307]
0.120 7.94e-06 [42.58004468]
0.001 1.58e-05 [27548285.72120013]
0.002 1.58e-05 [35638731.66871079]
0.003 1.58e-05 [37241593.01732715]
0.004 1.58e-05 [34420978.75431575]
0.005 1.58e-05 [31056830.18509861]
0.007 1.58e-05 [23170439.40825699]
0.010 1.58e-05 [14479973.90403966]
0.020 1.58e-05 [2655700.25391998]
0.040 1.58e-05 [94425.67141009]
0.060 1.58e-05 [3456.2397731]
0.080 1.58e-05 [0.]
0.100 1.58e-05 [0.]
0.120 1.58e-05 [0.]
0.001 3.16e-05 [1.47296299e+08]
0.002 3.16e-05 [1.39103114e+08]
0.003 3.16e-05 [1.08210934e+08]
0.004 3.16e-05 [80185634.41709743]
0.005 3.16e-05 [59011880.87559201]
0.007 3.16e-05 [30585899.3493089]
0.010 3.16e-05 [11089219.89853303]
0.020 3.16e-05 [453395.77953395]
0.040 3.16e-05 [0.]
0.060 3.16e-05 [0.]
0.080 3.16e-05 [0.]
0.100 3.16e-05 [0.]
0.120 3.16e-05 [0.]
0.001 6.31e-05 [5.09668962e+08]
0.002 6.31e-05 [3.28541175e+08]
0.003 6.31e-05 [1.6867611e+08]
0.004 6.31e-05 [87476007.87489924]
0.005 6.31e-05 [44148191.87095565]
0.007 6.31e-05 [12933477.93869064]
0.010 6.31e-05 [1814249.07247845]
0.020 6.31e-05 [0.]
0.040 6.31e-05 [0.]
0.060 6.31e-05 [0.]
0.080 6.31e-05 [0.]
0.100 6.31e-05 [0.]
0.120 6.31e-05 [0.]
0.001 1.26e-04 [1.0385186e+09]
0.002 1.26e-04 [3.63022708e+08]
0.003 1.26e-04 [98434333.36998701]
0.004 1.26e-04 [28704984.92142039]
0.005 1.26e-04 [7564860.22354738]
0.007 1.26e-04 [753498.21919807]
0.010 1.26e-04 [0.]
0.020 1.26e-04 [0.]
0.040 1.26e-04 [0.]
0.060 1.26e-04 [0.]
0.080 1.26e-04 [0.]
0.100 1.26e-04 [0.]
0.120 1.26e-04 [0.]
0.001 2.51e-04 [9.05953293e+08]
0.002 2.51e-04 [1.16181157e+08]
0.003 2.51e-04 [10065215.66257937]
0.004 2.51e-04 [670241.02640152]
0.005 2.51e-04 [0.]
0.007 2.51e-04 [0.]
0.010 2.51e-04 [0.]
0.020 2.51e-04 [0.]
0.040 2.51e-04 [0.]
0.060 2.51e-04 [0.]
0.080 2.51e-04 [0.]
0.100 2.51e-04 [0.]
0.120 2.51e-04 [0.]
0.001 5.01e-04 [2.04604251e+08]
0.002 5.01e-04 [2673547.80866014]
0.003 5.01e-04 [0.]
0.004 5.01e-04 [0.]
0.005 5.01e-04 [0.]
0.007 5.01e-04 [0.]
0.010 5.01e-04 [0.]
0.020 5.01e-04 [0.]
0.040 5.01e-04 [0.]
0.060 5.01e-04 [0.]
0.080 5.01e-04 [0.]
0.100 5.01e-04 [0.]
0.120 5.01e-04 [0.]
0.001 1.00e-03 [0.]
0.002 1.00e-03 [0.]
0.003 1.00e-03 [0.]
0.004 1.00e-03 [0.]
0.005 1.00e-03 [0.]
0.007 1.00e-03 [0.]
0.010 1.00e-03 [0.]
0.020 1.00e-03 [0.]
0.040 1.00e-03 [0.]
0.060 1.00e-03 [0.]
0.080 1.00e-03 [0.]
0.100 1.00e-03 [0.]
0.120 1.00e-03 [0.]
