0.001 1.00e-09 [0.]
0.002 1.00e-09 [0.]
0.003 1.00e-09 [0.]
0.004 1.00e-09 [0.]
0.005 1.00e-09 [0.]
0.007 1.00e-09 [0.]
0.010 1.00e-09 [0.]
0.020 1.00e-09 [0.]
0.040 1.00e-09 [0.]
0.060 1.00e-09 [0.]
0.080 1.00e-09 [0.]
0.100 1.00e-09 [2.14394854e-07]
0.120 1.00e-09 [2.04791337e-07]
0.140 1.00e-09 [1.93812771e-07]
0.160 1.00e-09 [1.81645594e-07]
0.180 1.00e-09 [1.68497516e-07]
0.200 1.00e-09 [3.09103565e-07]
0.220 1.00e-09 [4.2020968e-07]
0.250 1.00e-09 [4.71408246e-07]
0.270 1.00e-09 [4.12222127e-07]
0.290 1.00e-09 [4.42972446e-07]
0.310 1.00e-09 [3.73118555e-07]
0.330 1.00e-09 [3.69092456e-07]
0.350 1.00e-09 [3.45410532e-07]
0.370 1.00e-09 [2.68031695e-07]
0.390 1.00e-09 [2.28256799e-07]
0.410 1.00e-09 [1.82805621e-07]
0.430 1.00e-09 [1.22050066e-07]
0.450 1.00e-09 [8.29218673e-08]
0.470 1.00e-09 [4.89585531e-08]
0.490 1.00e-09 [2.29809827e-08]
0.510 1.00e-09 [8.26377569e-09]
0.530 1.00e-09 [1.96521763e-09]
0.001 2.00e-09 [0.]
0.002 2.00e-09 [0.]
0.003 2.00e-09 [0.]
0.004 2.00e-09 [0.]
0.005 2.00e-09 [0.]
0.007 2.00e-09 [0.]
0.010 2.00e-09 [0.]
0.020 2.00e-09 [0.]
0.040 2.00e-09 [0.]
0.060 2.00e-09 [9.15584265e-07]
0.080 2.00e-09 [8.89884887e-07]
0.100 2.00e-09 [1.71515883e-06]
0.120 2.00e-09 [2.45749605e-06]
0.140 2.00e-09 [3.10100434e-06]
0.160 2.00e-09 [2.9063295e-06]
0.180 2.00e-09 [3.36995031e-06]
0.200 2.00e-09 [3.70924277e-06]
0.220 2.00e-09 [5.60279574e-06]
0.250 2.00e-09 [7.07112369e-06]
0.270 2.00e-09 [7.00777616e-06]
0.290 2.00e-09 [7.4419371e-06]
0.310 2.00e-09 [6.56688658e-06]
0.330 2.00e-09 [5.9054793e-06]
0.350 2.00e-09 [5.13181362e-06]
0.370 2.00e-09 [4.44166809e-06]
0.390 2.00e-09 [3.65210878e-06]
0.410 2.00e-09 [2.76239605e-06]
0.430 2.00e-09 [2.00704553e-06]
0.450 2.00e-09 [1.32674988e-06]
0.470 2.00e-09 [7.65533739e-07]
0.490 2.00e-09 [3.60035395e-07]
0.510 2.00e-09 [1.27135011e-07]
0.530 2.00e-09 [3.03205005e-08]
0.001 4.00e-09 [0.]
0.002 4.00e-09 [0.]
0.003 4.00e-09 [0.]
0.004 4.00e-09 [0.]
0.005 4.00e-09 [0.]
0.007 4.00e-09 [0.]
0.010 4.00e-09 [0.]
0.020 4.00e-09 [0.]
0.040 4.00e-09 [7.47378547e-06]
0.060 4.00e-09 [1.46493482e-05]
0.080 4.00e-09 [2.13572373e-05]
0.100 4.00e-09 [3.08728589e-05]
0.120 4.00e-09 [3.60432754e-05]
0.140 4.00e-09 [4.34140607e-05]
0.160 4.00e-09 [5.2313931e-05]
0.180 4.00e-09 [5.66151652e-05]
0.200 4.00e-09 [6.18207129e-05]
0.220 4.00e-09 [8.96447318e-05]
0.250 4.00e-09 [0.00010937]
0.270 4.00e-09 [0.00011212]
0.290 4.00e-09 [0.00011765]
0.310 4.00e-09 [0.00010268]
0.330 4.00e-09 [9.44876687e-05]
0.350 4.00e-09 [8.28985277e-05]
0.370 4.00e-09 [7.10666895e-05]
0.390 4.00e-09 [5.70641997e-05]
0.410 4.00e-09 [4.45233246e-05]
0.430 4.00e-09 [3.21127285e-05]
0.450 4.00e-09 [2.1095323e-05]
0.470 4.00e-09 [1.21773274e-05]
0.490 4.00e-09 [5.66864239e-06]
0.510 4.00e-09 [2.01381857e-06]
0.530 4.00e-09 [4.82882046e-07]
0.001 8.00e-09 [0.]
0.002 8.00e-09 [0.]
0.003 8.00e-09 [0.]
0.004 8.00e-09 [0.]
0.005 8.00e-09 [0.]
0.007 8.00e-09 [0.]
0.010 8.00e-09 [0.]
0.020 8.00e-09 [3.02570341e-05]
0.040 8.00e-09 [0.00010463]
0.060 8.00e-09 [0.00020509]
0.080 8.00e-09 [0.00032748]
0.100 8.00e-09 [0.00046652]
0.120 8.00e-09 [0.0005898]
0.140 8.00e-09 [0.00071943]
0.160 8.00e-09 [0.0008254]
0.180 8.00e-09 [0.00091663]
0.200 8.00e-09 [0.00096935]
0.220 8.00e-09 [0.00142535]
0.250 8.00e-09 [0.00174232]
0.270 8.00e-09 [0.0017874]
0.290 8.00e-09 [0.00185978]
0.310 8.00e-09 [0.00163814]
0.330 8.00e-09 [0.00149212]
0.350 8.00e-09 [0.0013169]
0.370 8.00e-09 [0.00112236]
0.390 8.00e-09 [0.00090755]
0.410 8.00e-09 [0.00070327]
0.430 8.00e-09 [0.00050686]
0.450 8.00e-09 [0.00033381]
0.470 8.00e-09 [0.00019227]
0.490 8.00e-09 [8.94726258e-05]
0.510 8.00e-09 [3.17735818e-05]
0.530 8.00e-09 [7.61830651e-06]
0.001 1.60e-08 [0.]
0.002 1.60e-08 [0.]
0.003 1.60e-08 [0.]
0.004 1.60e-08 [0.]
0.005 1.60e-08 [0.]
0.007 1.60e-08 [6.0726792e-05]
0.010 1.60e-08 [0.00012139]
0.020 1.60e-08 [0.0004236]
0.040 1.60e-08 [0.00161434]
0.060 1.60e-08 [0.00334005]
0.080 1.60e-08 [0.00518269]
0.100 1.60e-08 [0.00740949]
0.120 1.60e-08 [0.00943678]
0.140 1.60e-08 [0.01131246]
0.160 1.60e-08 [0.01311336]
0.180 1.60e-08 [0.01453662]
0.200 1.60e-08 [0.01531175]
0.220 1.60e-08 [0.02255461]
0.250 1.60e-08 [0.02748499]
0.270 1.60e-08 [0.0280443]
0.290 1.60e-08 [0.0291894]
0.310 1.60e-08 [0.02561802]
0.330 1.60e-08 [0.02332271]
0.350 1.60e-08 [0.02056515]
0.370 1.60e-08 [0.0174775]
0.390 1.60e-08 [0.01410444]
0.410 1.60e-08 [0.01091439]
0.430 1.60e-08 [0.00785286]
0.450 1.60e-08 [0.0051584]
0.470 1.60e-08 [0.002967]
0.490 1.60e-08 [0.00137665]
0.510 1.60e-08 [0.00048787]
0.530 1.60e-08 [0.00011661]
0.001 3.20e-08 [0.]
0.002 3.20e-08 [0.]
0.003 3.20e-08 [0.000243]
0.004 3.20e-08 [0.00024299]
0.005 3.20e-08 [0.00048593]
0.007 3.20e-08 [0.00097163]
0.010 3.20e-08 [0.00194227]
0.020 3.20e-08 [0.00677758]
0.040 3.20e-08 [0.02559024]
0.060 3.20e-08 [0.05297204]
0.080 3.20e-08 [0.08178398]
0.100 3.20e-08 [0.11679546]
0.120 3.20e-08 [0.14889149]
0.140 3.20e-08 [0.17802246]
0.160 3.20e-08 [0.20572163]
0.180 3.20e-08 [0.22706456]
0.200 3.20e-08 [0.23881589]
0.220 3.20e-08 [0.34767813]
0.250 3.20e-08 [0.41815797]
0.270 3.20e-08 [0.42348733]
0.290 3.20e-08 [0.43645756]
0.310 3.20e-08 [0.38230264]
0.330 3.20e-08 [0.34582487]
0.350 3.20e-08 [0.30296964]
0.370 3.20e-08 [0.25568325]
0.390 3.20e-08 [0.20495634]
0.410 3.20e-08 [0.15747087]
0.430 3.20e-08 [0.11243968]
0.450 3.20e-08 [0.07329603]
0.470 3.20e-08 [0.04183418]
0.490 3.20e-08 [0.01923]
0.510 3.20e-08 [0.00675667]
0.530 3.20e-08 [0.00159711]
0.001 6.30e-08 [0.]
0.002 6.30e-08 [0.00094193]
0.003 6.30e-08 [0.00282564]
0.004 6.30e-08 [0.00470906]
0.005 6.30e-08 [0.00753383]
0.007 6.30e-08 [0.01412254]
0.010 6.30e-08 [0.02823068]
0.020 6.30e-08 [0.10320249]
0.040 6.30e-08 [0.39211379]
0.060 6.30e-08 [0.80310382]
0.080 6.30e-08 [1.23265164]
0.100 6.30e-08 [1.74186021]
0.120 6.30e-08 [2.20273358]
0.140 6.30e-08 [2.61004112]
0.160 6.30e-08 [2.98690149]
0.180 6.30e-08 [3.26625627]
0.200 6.30e-08 [3.40445893]
0.220 6.30e-08 [4.74103421]
0.250 6.30e-08 [5.43577891]
0.270 6.30e-08 [5.36643956]
0.290 6.30e-08 [5.3500737]
0.310 6.30e-08 [4.64442225]
0.330 6.30e-08 [4.11620341]
0.350 6.30e-08 [3.53231041]
0.370 6.30e-08 [2.913493]
0.390 6.30e-08 [2.28684741]
0.410 6.30e-08 [1.71730927]
0.430 6.30e-08 [1.19780106]
0.450 6.30e-08 [0.76374866]
0.470 6.30e-08 [0.42611841]
0.490 6.30e-08 [0.19068528]
0.510 6.30e-08 [0.06541367]
0.530 6.30e-08 [0.0149915]
0.001 1.26e-07 [0.00753558]
0.002 1.26e-07 [0.01883852]
0.003 1.26e-07 [0.04144267]
0.004 1.26e-07 [0.07157778]
0.005 1.26e-07 [0.11300738]
0.007 1.26e-07 [0.22219459]
0.010 1.26e-07 [0.44416266]
0.020 1.26e-07 [1.62872291]
0.040 1.26e-07 [6.02909713]
0.060 1.26e-07 [11.95934245]
0.080 1.26e-07 [17.90700231]
0.100 1.26e-07 [24.40816718]
0.120 1.26e-07 [29.91491017]
0.140 1.26e-07 [34.47438927]
0.160 1.26e-07 [38.03162625]
0.180 1.26e-07 [40.40688034]
0.200 1.26e-07 [40.89767314]
0.220 1.26e-07 [49.76751669]
0.250 1.26e-07 [50.16951229]
0.270 1.26e-07 [46.58494925]
0.290 1.26e-07 [42.94968135]
0.310 1.26e-07 [36.62106654]
0.330 1.26e-07 [31.10921011]
0.350 1.26e-07 [25.54559994]
0.370 1.26e-07 [20.19004603]
0.390 1.26e-07 [15.27071402]
0.410 1.26e-07 [10.9955519]
0.430 1.26e-07 [7.38789311]
0.450 1.26e-07 [4.54339286]
0.470 1.26e-07 [2.44697465]
0.490 1.26e-07 [1.05346265]
0.510 1.26e-07 [0.34925305]
0.530 1.26e-07 [0.07678715]
0.001 2.51e-07 [0.08971072]
0.002 2.51e-07 [0.2840774]
0.003 2.51e-07 [0.65783056]
0.004 2.51e-07 [1.10627403]
0.005 2.51e-07 [1.76389988]
0.007 2.51e-07 [3.48212004]
0.010 2.51e-07 [6.91587898]
0.020 2.51e-07 [24.5575187]
0.040 2.51e-07 [83.62107534]
0.060 2.51e-07 [149.64340751]
0.080 2.51e-07 [207.68774621]
0.100 2.51e-07 [255.62168167]
0.120 2.51e-07 [288.58035466]
0.140 2.51e-07 [308.65445035]
0.160 2.51e-07 [313.50438195]
0.180 2.51e-07 [312.07482106]
0.200 2.51e-07 [298.90387297]
0.220 2.51e-07 [292.47184055]
0.250 2.51e-07 [246.74087815]
0.270 2.51e-07 [213.67151711]
0.290 2.51e-07 [178.4865315]
0.310 2.51e-07 [149.18382279]
0.330 2.51e-07 [120.55230783]
0.350 2.51e-07 [93.95246516]
0.370 2.51e-07 [70.94402323]
0.390 2.51e-07 [51.29491032]
0.410 2.51e-07 [35.18552199]
0.430 2.51e-07 [22.76623817]
0.450 2.51e-07 [13.43079439]
0.470 2.51e-07 [6.94839716]
0.490 2.51e-07 [2.86657263]
0.510 2.51e-07 [0.91325833]
0.530 2.51e-07 [0.19140246]
0.001 5.01e-07 [1.48922776]
0.002 5.01e-07 [4.58671558]
0.003 5.01e-07 [10.42383262]
0.004 5.01e-07 [17.39169288]
0.005 5.01e-07 [27.57407306]
0.007 5.01e-07 [53.52732222]
0.010 5.01e-07 [103.48895102]
0.020 5.01e-07 [333.50735937]
0.040 5.01e-07 [900.32801515]
0.060 5.01e-07 [1298.67081142]
0.080 5.01e-07 [1546.00005969]
0.100 5.01e-07 [1631.61994382]
0.120 5.01e-07 [1637.02594191]
0.140 5.01e-07 [1565.90469914]
0.160 5.01e-07 [1459.84949385]
0.180 5.01e-07 [1321.82682515]
0.200 5.01e-07 [1181.54659153]
0.220 5.01e-07 [915.68186242]
0.250 5.01e-07 [632.26397982]
0.270 5.01e-07 [497.7853469]
0.290 5.01e-07 [361.86767084]
0.310 5.01e-07 [294.96989996]
0.330 5.01e-07 [219.16145289]
0.350 5.01e-07 [157.95207915]
0.370 5.01e-07 [110.18884331]
0.390 5.01e-07 [74.22267316]
0.410 5.01e-07 [47.64329545]
0.430 5.01e-07 [28.62981849]
0.450 5.01e-07 [15.77453014]
0.470 5.01e-07 [7.5876802]
0.490 5.01e-07 [2.88748963]
0.510 5.01e-07 [0.86143784]
0.530 5.01e-07 [0.16633823]
0.001 1.00e-06 [23.73261872]
0.002 1.00e-06 [71.19621218]
0.003 1.00e-06 [161.13270696]
0.004 1.00e-06 [265.76732012]
0.005 1.00e-06 [408.8177622]
0.007 1.00e-06 [759.32211445]
0.010 1.00e-06 [1366.60474187]
0.020 1.00e-06 [3555.91065328]
0.040 1.00e-06 [6360.65854501]
0.060 1.00e-06 [7036.72287077]
0.080 1.00e-06 [6751.77911224]
0.100 1.00e-06 [6059.65614631]
0.120 1.00e-06 [5202.72392556]
0.140 1.00e-06 [4351.4843339]
0.160 1.00e-06 [3616.20048262]
0.180 1.00e-06 [2908.94110807]
0.200 1.00e-06 [2351.04171172]
0.220 1.00e-06 [1276.0367296]
0.250 1.00e-06 [629.56571279]
0.270 1.00e-06 [413.25268215]
0.290 1.00e-06 [243.72344001]
0.310 1.00e-06 [180.8878757]
0.330 1.00e-06 [112.38865285]
0.350 1.00e-06 [74.90474107]
0.370 1.00e-06 [43.99548828]
0.390 1.00e-06 [25.65035779]
0.410 1.00e-06 [13.97447414]
0.430 1.00e-06 [7.58066522]
0.450 1.00e-06 [3.42467312]
0.470 1.00e-06 [1.43760115]
0.490 1.00e-06 [0.46727998]
0.510 1.00e-06 [0.11887123]
0.530 1.00e-06 [0.01895031]
0.001 1.99e-06 [371.21371423]
0.002 1.99e-06 [1066.38831089]
0.003 1.99e-06 [2331.95850783]
0.004 1.99e-06 [3722.93946387]
0.005 1.99e-06 [5366.70761828]
0.007 1.99e-06 [9008.77181141]
0.010 1.99e-06 [14162.09724756]
0.020 1.99e-06 [25519.48651885]
0.040 1.99e-06 [27838.40018384]
0.060 1.99e-06 [22313.41854111]
0.080 1.99e-06 [16414.30571747]
0.100 1.99e-06 [11630.43644421]
0.120 1.99e-06 [7910.29940513]
0.140 1.99e-06 [5442.08359861]
0.160 1.99e-06 [3561.27142722]
0.180 1.99e-06 [2367.30386456]
0.200 1.99e-06 [1635.60396615]
0.220 1.99e-06 [478.87676123]
0.250 1.99e-06 [128.52083745]
0.270 1.99e-06 [60.7042117]
0.290 1.99e-06 [20.80388865]
0.310 1.99e-06 [12.17717367]
0.330 1.99e-06 [4.89665734]
0.350 1.99e-06 [2.9458769]
0.370 1.99e-06 [0.76198061]
0.390 1.99e-06 [0.22711694]
0.410 1.99e-06 [0.08084122]
0.430 1.99e-06 [0.05397359]
0.450 1.99e-06 [0.]
0.470 1.99e-06 [0.]
0.490 1.99e-06 [0.]
0.510 1.99e-06 [0.]
0.530 1.99e-06 [0.]
0.001 3.98e-06 [5596.71186197]
0.002 3.98e-06 [14589.47851389]
0.003 3.98e-06 [28936.79755869]
0.004 3.98e-06 [42807.97117632]
0.005 3.98e-06 [55713.41807702]
0.007 3.98e-06 [78722.95845921]
0.010 3.98e-06 [100949.99848297]
0.020 3.98e-06 [111789.12547972]
0.040 3.98e-06 [66833.86088936]
0.060 3.98e-06 [34680.11880916]
0.080 3.98e-06 [16627.69277771]
0.100 3.98e-06 [7583.90531044]
0.120 3.98e-06 [3735.69370777]
0.140 3.98e-06 [1744.67718413]
0.160 3.98e-06 [794.54464499]
0.180 3.98e-06 [389.87978024]
0.200 3.98e-06 [149.41293874]
0.220 3.98e-06 [11.09939119]
0.250 3.98e-06 [0.]
0.270 3.98e-06 [0.]
0.290 3.98e-06 [0.]
0.310 3.98e-06 [0.]
0.330 3.98e-06 [0.]
0.350 3.98e-06 [0.]
0.370 3.98e-06 [0.]
0.390 3.98e-06 [0.]
0.410 3.98e-06 [0.]
0.430 3.98e-06 [0.]
0.450 3.98e-06 [0.]
0.470 3.98e-06 [0.]
0.490 3.98e-06 [0.]
0.510 3.98e-06 [0.]
0.530 3.98e-06 [0.]
0.001 7.94e-06 [75944.09866617]
0.002 7.94e-06 [166632.95711492]
0.003 7.94e-06 [275127.52169668]
0.004 7.94e-06 [348915.6277781]
0.005 7.94e-06 [397386.12041892]
0.007 7.94e-06 [450555.32920423]
0.010 7.94e-06 [447139.51339662]
0.020 7.94e-06 [275500.8480676]
0.040 7.94e-06 [68209.82809647]
0.060 7.94e-06 [15495.55644144]
0.080 7.94e-06 [3859.89649478]
0.100 7.94e-06 [541.05756408]
0.120 7.94e-06 [155.0464951]
0.140 7.94e-06 [24.45577959]
0.160 7.94e-06 [0.]
0.180 7.94e-06 [0.]
0.200 7.94e-06 [0.]
0.220 7.94e-06 [0.]
0.250 7.94e-06 [0.]
0.270 7.94e-06 [0.]
0.290 7.94e-06 [0.]
0.310 7.94e-06 [0.]
0.330 7.94e-06 [0.]
0.350 7.94e-06 [0.]
0.370 7.94e-06 [0.]
0.390 7.94e-06 [0.]
0.410 7.94e-06 [0.]
0.430 7.94e-06 [0.]
0.450 7.94e-06 [0.]
0.470 7.94e-06 [0.]
0.490 7.94e-06 [0.]
0.510 7.94e-06 [0.]
0.530 7.94e-06 [0.]
0.001 1.58e-05 [819575.40389567]
0.002 1.58e-05 [1365549.91838551]
0.003 1.58e-05 [1733870.23243832]
0.004 1.58e-05 [1828343.10615319]
0.005 1.58e-05 [1797484.4718727]
0.007 1.58e-05 [1536007.45820064]
0.010 1.58e-05 [1100289.90667876]
0.020 1.58e-05 [282398.22424757]
0.040 1.58e-05 [14197.43032179]
0.060 1.58e-05 [632.46244869]
0.080 1.58e-05 [0.]
0.100 1.58e-05 [0.]
0.120 1.58e-05 [0.]
0.140 1.58e-05 [0.]
0.160 1.58e-05 [0.]
0.180 1.58e-05 [0.]
0.200 1.58e-05 [0.]
0.220 1.58e-05 [0.]
0.250 1.58e-05 [0.]
0.270 1.58e-05 [0.]
0.290 1.58e-05 [0.]
0.310 1.58e-05 [0.]
0.330 1.58e-05 [0.]
0.350 1.58e-05 [0.]
0.370 1.58e-05 [0.]
0.390 1.58e-05 [0.]
0.410 1.58e-05 [0.]
0.430 1.58e-05 [0.]
0.450 1.58e-05 [0.]
0.470 1.58e-05 [0.]
0.490 1.58e-05 [0.]
0.510 1.58e-05 [0.]
0.530 1.58e-05 [0.]
0.001 3.16e-05 [6131646.00617268]
0.002 3.16e-05 [7250724.69293218]
0.003 3.16e-05 [6606297.01569065]
0.004 3.16e-05 [5525428.11146073]
0.005 3.16e-05 [4443909.4895329]
0.007 3.16e-05 [2622438.16882255]
0.010 3.16e-05 [1114827.59994309]
0.020 3.16e-05 [58151.05897132]
0.040 3.16e-05 [0.]
0.060 3.16e-05 [0.]
0.080 3.16e-05 [0.]
0.100 3.16e-05 [0.]
0.120 3.16e-05 [0.]
0.140 3.16e-05 [0.]
0.160 3.16e-05 [0.]
0.180 3.16e-05 [0.]
0.200 3.16e-05 [0.]
0.220 3.16e-05 [0.]
0.250 3.16e-05 [0.]
0.270 3.16e-05 [0.]
0.290 3.16e-05 [0.]
0.310 3.16e-05 [0.]
0.330 3.16e-05 [0.]
0.350 3.16e-05 [0.]
0.370 3.16e-05 [0.]
0.390 3.16e-05 [0.]
0.410 3.16e-05 [0.]
0.430 3.16e-05 [0.]
0.450 3.16e-05 [0.]
0.470 3.16e-05 [0.]
0.490 3.16e-05 [0.]
0.510 3.16e-05 [0.]
0.530 3.16e-05 [0.]
0.001 6.31e-05 [28509014.42749499]
0.002 6.31e-05 [22421018.08322442]
0.003 6.31e-05 [13431531.90085198]
0.004 6.31e-05 [7914574.40373362]
0.005 6.31e-05 [4539749.62363674]
0.007 6.31e-05 [1405228.53824737]
0.010 6.31e-05 [253907.12431931]
0.020 6.31e-05 [0.]
0.040 6.31e-05 [0.]
0.060 6.31e-05 [0.]
0.080 6.31e-05 [0.]
0.100 6.31e-05 [0.]
0.120 6.31e-05 [0.]
0.140 6.31e-05 [0.]
0.160 6.31e-05 [0.]
0.180 6.31e-05 [0.]
0.200 6.31e-05 [0.]
0.220 6.31e-05 [0.]
0.250 6.31e-05 [0.]
0.270 6.31e-05 [0.]
0.290 6.31e-05 [0.]
0.310 6.31e-05 [0.]
0.330 6.31e-05 [0.]
0.350 6.31e-05 [0.]
0.370 6.31e-05 [0.]
0.390 6.31e-05 [0.]
0.410 6.31e-05 [0.]
0.430 6.31e-05 [0.]
0.450 6.31e-05 [0.]
0.470 6.31e-05 [0.]
0.490 6.31e-05 [0.]
0.510 6.31e-05 [0.]
0.530 6.31e-05 [0.]
0.001 1.26e-04 [76153182.97172847]
0.002 1.26e-04 [32505216.39330951]
0.003 1.26e-04 [10012099.23764952]
0.004 1.26e-04 [3245618.84127635]
0.005 1.26e-04 [958932.03037585]
0.007 1.26e-04 [82711.56165638]
0.010 1.26e-04 [0.]
0.020 1.26e-04 [0.]
0.040 1.26e-04 [0.]
0.060 1.26e-04 [0.]
0.080 1.26e-04 [0.]
0.100 1.26e-04 [0.]
0.120 1.26e-04 [0.]
0.140 1.26e-04 [0.]
0.160 1.26e-04 [0.]
0.180 1.26e-04 [0.]
0.200 1.26e-04 [0.]
0.220 1.26e-04 [0.]
0.250 1.26e-04 [0.]
0.270 1.26e-04 [0.]
0.290 1.26e-04 [0.]
0.310 1.26e-04 [0.]
0.330 1.26e-04 [0.]
0.350 1.26e-04 [0.]
0.370 1.26e-04 [0.]
0.390 1.26e-04 [0.]
0.410 1.26e-04 [0.]
0.430 1.26e-04 [0.]
0.450 1.26e-04 [0.]
0.470 1.26e-04 [0.]
0.490 1.26e-04 [0.]
0.510 1.26e-04 [0.]
0.530 1.26e-04 [0.]
0.001 2.51e-04 [87659626.1561136]
0.002 2.51e-04 [14270190.42796198]
0.003 2.51e-04 [1272723.57433679]
0.004 2.51e-04 [74860.85669772]
0.005 2.51e-04 [0.]
0.007 2.51e-04 [0.]
0.010 2.51e-04 [0.]
0.020 2.51e-04 [0.]
0.040 2.51e-04 [0.]
0.060 2.51e-04 [0.]
0.080 2.51e-04 [0.]
0.100 2.51e-04 [0.]
0.120 2.51e-04 [0.]
0.140 2.51e-04 [0.]
0.160 2.51e-04 [0.]
0.180 2.51e-04 [0.]
0.200 2.51e-04 [0.]
0.220 2.51e-04 [0.]
0.250 2.51e-04 [0.]
0.270 2.51e-04 [0.]
0.290 2.51e-04 [0.]
0.310 2.51e-04 [0.]
0.330 2.51e-04 [0.]
0.350 2.51e-04 [0.]
0.370 2.51e-04 [0.]
0.390 2.51e-04 [0.]
0.410 2.51e-04 [0.]
0.430 2.51e-04 [0.]
0.450 2.51e-04 [0.]
0.470 2.51e-04 [0.]
0.490 2.51e-04 [0.]
0.510 2.51e-04 [0.]
0.530 2.51e-04 [0.]
0.001 5.01e-04 [23130071.90263149]
0.002 5.01e-04 [417285.47614356]
0.003 5.01e-04 [0.]
0.004 5.01e-04 [0.]
0.005 5.01e-04 [0.]
0.007 5.01e-04 [0.]
0.010 5.01e-04 [0.]
0.020 5.01e-04 [0.]
0.040 5.01e-04 [0.]
0.060 5.01e-04 [0.]
0.080 5.01e-04 [0.]
0.100 5.01e-04 [0.]
0.120 5.01e-04 [0.]
0.140 5.01e-04 [0.]
0.160 5.01e-04 [0.]
0.180 5.01e-04 [0.]
0.200 5.01e-04 [0.]
0.220 5.01e-04 [0.]
0.250 5.01e-04 [0.]
0.270 5.01e-04 [0.]
0.290 5.01e-04 [0.]
0.310 5.01e-04 [0.]
0.330 5.01e-04 [0.]
0.350 5.01e-04 [0.]
0.370 5.01e-04 [0.]
0.390 5.01e-04 [0.]
0.410 5.01e-04 [0.]
0.430 5.01e-04 [0.]
0.450 5.01e-04 [0.]
0.470 5.01e-04 [0.]
0.490 5.01e-04 [0.]
0.510 5.01e-04 [0.]
0.530 5.01e-04 [0.]
0.001 1.00e-03 [237326.18723372]
0.002 1.00e-03 [0.]
0.003 1.00e-03 [0.]
0.004 1.00e-03 [0.]
0.005 1.00e-03 [0.]
0.007 1.00e-03 [0.]
0.010 1.00e-03 [0.]
0.020 1.00e-03 [0.]
0.040 1.00e-03 [0.]
0.060 1.00e-03 [0.]
0.080 1.00e-03 [0.]
0.100 1.00e-03 [0.]
0.120 1.00e-03 [0.]
0.140 1.00e-03 [0.]
0.160 1.00e-03 [0.]
0.180 1.00e-03 [0.]
0.200 1.00e-03 [0.]
0.220 1.00e-03 [0.]
0.250 1.00e-03 [0.]
0.270 1.00e-03 [0.]
0.290 1.00e-03 [0.]
0.310 1.00e-03 [0.]
0.330 1.00e-03 [0.]
0.350 1.00e-03 [0.]
0.370 1.00e-03 [0.]
0.390 1.00e-03 [0.]
0.410 1.00e-03 [0.]
0.430 1.00e-03 [0.]
0.450 1.00e-03 [0.]
0.470 1.00e-03 [0.]
0.490 1.00e-03 [0.]
0.510 1.00e-03 [0.]
0.530 1.00e-03 [0.]
