0.220 1.00e-09 [0.]
0.250 1.00e-09 [0.]
0.270 1.00e-09 [0.]
0.290 1.00e-09 [0.]
0.310 1.00e-09 [0.]
0.330 1.00e-09 [1.02695149e-10]
0.350 1.00e-09 [1.0776408e-10]
0.370 1.00e-09 [1.13728387e-10]
0.390 1.00e-09 [1.20784848e-10]
0.410 1.00e-09 [1.29289794e-10]
0.430 1.00e-09 [1.39426091e-10]
0.450 1.00e-09 [1.51650007e-10]
0.470 1.00e-09 [1.66757707e-10]
0.490 1.00e-09 [1.84482221e-10]
0.510 1.00e-09 [4.13817975e-10]
0.530 1.00e-09 [4.70372317e-10]
0.550 1.00e-09 [5.42395961e-10]
0.570 1.00e-09 [6.34659418e-10]
0.590 1.00e-09 [1.12730383e-09]
0.610 1.00e-09 [1.379102e-09]
0.630 1.00e-09 [2.3270401e-09]
0.650 1.00e-09 [3.75712634e-09]
0.670 1.00e-09 [6.03531852e-09]
0.690 1.00e-09 [1.06785267e-08]
0.710 1.00e-09 [2.28713422e-08]
0.730 1.00e-09 [6.35612783e-08]
0.750 1.00e-09 [8.41033762e-07]
0.770 1.00e-09 [2.69823537e-06]
0.790 1.00e-09 [1.69128974e-06]
0.810 1.00e-09 [5.75010885e-08]
0.830 1.00e-09 [3.17487041e-08]
0.850 1.00e-09 [1.52357918e-08]
0.870 1.00e-09 [1.02417039e-08]
0.890 1.00e-09 [6.29703909e-09]
0.910 1.00e-09 [5.132759e-09]
0.930 1.00e-09 [4.00222065e-09]
0.950 1.00e-09 [3.44844471e-09]
0.970 1.00e-09 [2.89466876e-09]
0.990 1.00e-09 [2.57769314e-09]
1.010 1.00e-09 [3.27418239e-09]
1.030 1.00e-09 [3.87843035e-09]
1.050 1.00e-09 [2.21411481e-09]
1.070 1.00e-09 [2.06062766e-09]
1.090 1.00e-09 [1.97090735e-09]
1.110 1.00e-09 [1.88118705e-09]
1.130 1.00e-09 [1.81667845e-09]
1.150 1.00e-09 [1.98116241e-09]
1.170 1.00e-09 [1.91476498e-09]
1.190 1.00e-09 [1.82352934e-09]
1.210 1.00e-09 [1.92477079e-09]
1.230 1.00e-09 [1.78773505e-09]
1.250 1.00e-09 [1.59795017e-09]
1.270 1.00e-09 [1.54898182e-09]
1.290 1.00e-09 [1.45352813e-09]
1.310 1.00e-09 [1.21018197e-09]
1.330 1.00e-09 [1.04740547e-09]
1.350 1.00e-09 [8.40945994e-10]
1.370 1.00e-09 [7.32429993e-10]
1.390 1.00e-09 [5.99170543e-10]
1.410 1.00e-09 [4.87051155e-10]
1.430 1.00e-09 [3.9684142e-10]
1.450 1.00e-09 [3.44960647e-10]
1.470 1.00e-09 [2.52346858e-10]
1.490 1.00e-09 [2.21981487e-10]
0.220 2.00e-09 [3.44348234e-10]
0.250 2.00e-09 [3.56351057e-10]
0.270 2.00e-09 [3.66441925e-10]
0.290 2.00e-09 [7.58539812e-10]
0.310 2.00e-09 [7.87038073e-10]
0.330 2.00e-09 [8.21561196e-10]
0.350 2.00e-09 [1.29316896e-09]
0.370 2.00e-09 [1.36474065e-09]
0.390 2.00e-09 [1.44941817e-09]
0.410 2.00e-09 [2.06863671e-09]
0.430 2.00e-09 [2.23081745e-09]
0.450 2.00e-09 [3.03300015e-09]
0.470 2.00e-09 [3.33515414e-09]
0.490 2.00e-09 [4.4275733e-09]
0.510 2.00e-09 [5.79345165e-09]
0.530 2.00e-09 [6.58521244e-09]
0.550 2.00e-09 [8.67833538e-09]
0.570 2.00e-09 [1.14238695e-08]
0.590 2.00e-09 [1.65337895e-08]
0.610 2.00e-09 [2.2065632e-08]
0.630 2.00e-09 [3.49056015e-08]
0.650 2.00e-09 [5.41026193e-08]
0.670 2.00e-09 [8.8518005e-08]
0.690 2.00e-09 [1.70856427e-07]
0.710 2.00e-09 [3.76106516e-07]
0.730 2.00e-09 [9.74606267e-07]
0.750 2.00e-09 [1.36968355e-05]
0.770 2.00e-09 [4.31717659e-05]
0.790 2.00e-09 [2.70606359e-05]
0.810 2.00e-09 [9.20017417e-07]
0.830 2.00e-09 [5.07979266e-07]
0.850 2.00e-09 [2.37001205e-07]
0.870 2.00e-09 [1.63867262e-07]
0.890 2.00e-09 [1.04350933e-07]
0.910 2.00e-09 [8.21241439e-08]
0.930 2.00e-09 [6.17485472e-08]
0.950 2.00e-09 [5.12340356e-08]
0.970 2.00e-09 [4.30065073e-08]
0.990 2.00e-09 [3.97701228e-08]
1.010 2.00e-09 [5.36965911e-08]
1.030 2.00e-09 [6.20548856e-08]
1.050 2.00e-09 [3.54258369e-08]
1.070 2.00e-09 [3.19397288e-08]
1.090 2.00e-09 [3.15345177e-08]
1.110 2.00e-09 [3.00989928e-08]
1.130 2.00e-09 [2.99751943e-08]
1.150 2.00e-09 [2.99375652e-08]
1.170 2.00e-09 [2.9785233e-08]
1.190 2.00e-09 [2.91764695e-08]
1.210 2.00e-09 [2.92565159e-08]
1.230 2.00e-09 [2.86037607e-08]
1.250 2.00e-09 [2.68455629e-08]
1.270 2.00e-09 [2.42204431e-08]
1.290 2.00e-09 [2.22874313e-08]
1.310 2.00e-09 [1.93629116e-08]
1.330 2.00e-09 [1.61139303e-08]
1.350 2.00e-09 [1.37138885e-08]
1.370 2.00e-09 [1.17188799e-08]
1.390 2.00e-09 [9.42694987e-09]
1.410 2.00e-09 [7.67105569e-09]
1.430 2.00e-09 [6.44867308e-09]
1.450 2.00e-09 [5.3660545e-09]
1.470 2.00e-09 [4.03754974e-09]
1.490 2.00e-09 [3.59843673e-09]
0.220 4.00e-09 [4.1321788e-09]
0.250 4.00e-09 [7.12702113e-09]
0.270 4.00e-09 [8.79460621e-09]
0.290 4.00e-09 [1.06195574e-08]
0.310 4.00e-09 [1.25926092e-08]
0.330 4.00e-09 [1.47881015e-08]
0.350 4.00e-09 [1.72422528e-08]
0.370 4.00e-09 [2.18358504e-08]
0.390 4.00e-09 [2.51232484e-08]
0.410 4.00e-09 [3.10295506e-08]
0.430 4.00e-09 [3.79238966e-08]
0.450 4.00e-09 [4.61016022e-08]
0.470 4.00e-09 [5.60305895e-08]
0.490 4.00e-09 [6.78894573e-08]
0.510 4.00e-09 [8.60741387e-08]
0.530 4.00e-09 [1.12889356e-07]
0.550 4.00e-09 [1.47531701e-07]
0.570 4.00e-09 [1.87859188e-07]
0.590 4.00e-09 [2.58528346e-07]
0.610 4.00e-09 [3.67760533e-07]
0.630 4.00e-09 [5.58489625e-07]
0.650 4.00e-09 [8.65641908e-07]
0.670 4.00e-09 [1.43238226e-06]
0.690 4.00e-09 [2.73370284e-06]
0.710 4.00e-09 [5.89572377e-06]
0.730 4.00e-09 [1.56784486e-05]
0.750 4.00e-09 [0.00021723]
0.770 4.00e-09 [0.00069075]
0.790 4.00e-09 [0.00042819]
0.810 4.00e-09 [1.47202787e-05]
0.830 4.00e-09 [8.12766825e-06]
0.850 4.00e-09 [3.81910513e-06]
0.870 4.00e-09 [2.62187619e-06]
0.890 4.00e-09 [1.68400817e-06]
0.910 4.00e-09 [1.30225428e-06]
0.930 4.00e-09 [9.60532956e-07]
0.950 4.00e-09 [8.1974457e-07]
0.970 4.00e-09 [6.94720502e-07]
0.990 4.00e-09 [6.24538225e-07]
1.010 4.00e-09 [8.59145458e-07]
1.030 4.00e-09 [9.83331264e-07]
1.050 4.00e-09 [5.71241621e-07]
1.070 4.00e-09 [5.1103566e-07]
1.090 4.00e-09 [4.96668653e-07]
1.110 4.00e-09 [4.7782151e-07]
1.130 4.00e-09 [4.7960311e-07]
1.150 4.00e-09 [4.75478977e-07]
1.170 4.00e-09 [4.73159702e-07]
1.190 4.00e-09 [4.70065342e-07]
1.210 4.00e-09 [4.68104255e-07]
1.230 4.00e-09 [4.54799796e-07]
1.250 4.00e-09 [4.21858845e-07]
1.270 4.00e-09 [3.89780153e-07]
1.290 4.00e-09 [3.54660864e-07]
1.310 4.00e-09 [3.0819301e-07]
1.330 4.00e-09 [2.57822885e-07]
1.350 4.00e-09 [2.18387206e-07]
1.370 4.00e-09 [1.87502078e-07]
1.390 4.00e-09 [1.48913852e-07]
1.410 4.00e-09 [1.21275738e-07]
1.430 4.00e-09 [1.02781928e-07]
1.450 4.00e-09 [8.4936977e-08]
1.470 4.00e-09 [6.46007958e-08]
1.490 4.00e-09 [5.72011241e-08]
0.220 8.00e-09 [6.61148609e-08]
0.250 8.00e-09 [1.02629104e-07]
0.270 8.00e-09 [1.28987558e-07]
0.290 8.00e-09 [1.75981236e-07]
0.310 8.00e-09 [1.95185442e-07]
0.330 8.00e-09 [2.36609624e-07]
0.350 8.00e-09 [2.82772945e-07]
0.370 8.00e-09 [3.42094989e-07]
0.390 8.00e-09 [4.09702204e-07]
0.410 8.00e-09 [4.96472809e-07]
0.430 8.00e-09 [6.06782346e-07]
0.450 8.00e-09 [7.27920035e-07]
0.470 8.00e-09 [8.96489432e-07]
0.490 8.00e-09 [1.09803818e-06]
0.510 8.00e-09 [1.39042839e-06]
0.530 8.00e-09 [1.77612587e-06]
0.550 8.00e-09 [2.32579388e-06]
0.570 8.00e-09 [3.005747e-06]
0.590 8.00e-09 [4.13645353e-06]
0.610 8.00e-09 [5.82532685e-06]
0.630 8.00e-09 [8.89860135e-06]
0.650 8.00e-09 [1.38502705e-05]
0.670 8.00e-09 [2.28537395e-05]
0.690 8.00e-09 [4.34463487e-05]
0.710 8.00e-09 [9.36810176e-05]
0.730 8.00e-09 [0.00024814]
0.750 8.00e-09 [0.00343334]
0.770 8.00e-09 [0.01090976]
0.790 8.00e-09 [0.00676198]
0.810 8.00e-09 [0.00023368]
0.830 8.00e-09 [0.00012903]
0.850 8.00e-09 [6.05639651e-05]
0.870 8.00e-09 [4.15403509e-05]
0.890 8.00e-09 [2.6656266e-05]
0.910 8.00e-09 [2.06014281e-05]
0.930 8.00e-09 [1.53319356e-05]
0.950 8.00e-09 [1.30213272e-05]
0.970 8.00e-09 [1.10361314e-05]
0.990 8.00e-09 [9.92190915e-06]
1.010 8.00e-09 [1.36415535e-05]
1.030 8.00e-09 [1.55423621e-05]
1.050 8.00e-09 [9.05130134e-06]
1.070 8.00e-09 [8.14360052e-06]
1.090 8.00e-09 [7.91516394e-06]
1.110 8.00e-09 [7.59999567e-06]
1.130 8.00e-09 [7.58644919e-06]
1.150 8.00e-09 [7.53722231e-06]
1.170 8.00e-09 [7.47524248e-06]
1.190 8.00e-09 [7.45620887e-06]
1.210 8.00e-09 [7.41575688e-06]
1.230 8.00e-09 [7.1967062e-06]
1.250 8.00e-09 [6.68838023e-06]
1.270 8.00e-09 [6.16438439e-06]
1.290 8.00e-09 [5.61255662e-06]
1.310 8.00e-09 [4.87945372e-06]
1.330 8.00e-09 [4.08907096e-06]
1.350 8.00e-09 [3.45693492e-06]
1.370 8.00e-09 [2.96655074e-06]
1.390 8.00e-09 [2.35705703e-06]
1.410 8.00e-09 [1.92092975e-06]
1.430 8.00e-09 [1.62387509e-06]
1.450 8.00e-09 [1.34304678e-06]
1.470 8.00e-09 [1.02015423e-06]
1.490 8.00e-09 [9.03254352e-07]
0.220 1.60e-08 [1.0137612e-06]
0.250 1.60e-08 [1.66487214e-06]
0.270 1.60e-08 [2.08725321e-06]
0.290 1.60e-08 [2.79142651e-06]
0.310 1.60e-08 [3.12296707e-06]
0.330 1.60e-08 [3.73317407e-06]
0.350 1.60e-08 [4.52436712e-06]
0.370 1.60e-08 [5.47351983e-06]
0.390 1.60e-08 [6.52431434e-06]
0.410 1.60e-08 [7.87736858e-06]
0.430 1.60e-08 [9.56574522e-06]
0.450 1.60e-08 [1.15690758e-05]
0.470 1.60e-08 [1.4258451e-05]
0.490 1.60e-08 [1.75213834e-05]
0.510 1.60e-08 [2.20879482e-05]
0.530 1.60e-08 [2.82373909e-05]
0.550 1.60e-08 [3.68655687e-05]
0.570 1.60e-08 [4.768577e-05]
0.590 1.60e-08 [6.57022735e-05]
0.610 1.60e-08 [9.20283958e-05]
0.630 1.60e-08 [0.00014059]
0.650 1.60e-08 [0.00021872]
0.670 1.60e-08 [0.00036102]
0.690 1.60e-08 [0.00068382]
0.710 1.60e-08 [0.00146962]
0.730 1.60e-08 [0.00387266]
0.750 1.60e-08 [0.05339555]
0.770 1.60e-08 [0.168827]
0.790 1.60e-08 [0.10462597]
0.810 1.60e-08 [0.00364818]
0.830 1.60e-08 [0.00201973]
0.850 1.60e-08 [0.00094909]
0.870 1.60e-08 [0.00065252]
0.890 1.60e-08 [0.00041936]
0.910 1.60e-08 [0.00032437]
0.930 1.60e-08 [0.00024107]
0.950 1.60e-08 [0.00020481]
0.970 1.60e-08 [0.00017393]
0.990 1.60e-08 [0.00015639]
1.010 1.60e-08 [0.00021357]
1.030 1.60e-08 [0.00024203]
1.050 1.60e-08 [0.00014206]
1.070 1.60e-08 [0.00012786]
1.090 1.60e-08 [0.00012425]
1.110 1.60e-08 [0.00011943]
1.130 1.60e-08 [0.00011912]
1.150 1.60e-08 [0.00011829]
1.170 1.60e-08 [0.00011732]
1.190 1.60e-08 [0.00011686]
1.210 1.60e-08 [0.00011619]
1.230 1.60e-08 [0.00011272]
1.250 1.60e-08 [0.00010464]
1.270 1.60e-08 [9.62509142e-05]
1.290 1.60e-08 [8.75682868e-05]
1.310 1.60e-08 [7.6083334e-05]
1.330 1.60e-08 [6.36513138e-05]
1.350 1.60e-08 [5.38039834e-05]
1.370 1.60e-08 [4.60585462e-05]
1.390 1.60e-08 [3.65880696e-05]
1.410 1.60e-08 [2.97451881e-05]
1.430 1.60e-08 [2.51311735e-05]
1.450 1.60e-08 [2.07332081e-05]
1.470 1.60e-08 [1.57302938e-05]
1.490 1.60e-08 [1.39077243e-05]
0.220 3.20e-08 [1.61320261e-05]
0.250 3.20e-08 [2.65467283e-05]
0.270 3.20e-08 [3.31146239e-05]
0.290 3.20e-08 [4.41773586e-05]
0.310 3.20e-08 [4.93630279e-05]
0.330 3.20e-08 [5.9204986e-05]
0.350 3.20e-08 [7.18381219e-05]
0.370 3.20e-08 [8.687757e-05]
0.390 3.20e-08 [0.00010315]
0.410 3.20e-08 [0.00012498]
0.430 3.20e-08 [0.00015148]
0.450 3.20e-08 [0.00018309]
0.470 3.20e-08 [0.00022523]
0.490 3.20e-08 [0.00027638]
0.510 3.20e-08 [0.00034769]
0.530 3.20e-08 [0.00044385]
0.550 3.20e-08 [0.00057846]
0.570 3.20e-08 [0.00074705]
0.590 3.20e-08 [0.00102699]
0.610 3.20e-08 [0.00143574]
0.630 3.20e-08 [0.00218273]
0.650 3.20e-08 [0.00337947]
0.670 3.20e-08 [0.0055364]
0.690 3.20e-08 [0.01038338]
0.710 3.20e-08 [0.02201764]
0.730 3.20e-08 [0.05707565]
0.750 3.20e-08 [0.77325125]
0.770 3.20e-08 [2.40039082]
0.790 3.20e-08 [1.48880615]
0.810 3.20e-08 [0.053572]
0.830 3.20e-08 [0.03004311]
0.850 3.20e-08 [0.01423546]
0.870 3.20e-08 [0.00984383]
0.890 3.20e-08 [0.00635513]
0.910 3.20e-08 [0.00492782]
0.930 3.20e-08 [0.0036703]
0.950 3.20e-08 [0.00311957]
0.970 3.20e-08 [0.00264782]
0.990 3.20e-08 [0.00237862]
1.010 3.20e-08 [0.0031687]
1.030 3.20e-08 [0.00352915]
1.050 3.20e-08 [0.00214029]
1.070 3.20e-08 [0.0019302]
1.090 3.20e-08 [0.00187365]
1.110 3.20e-08 [0.00179992]
1.130 3.20e-08 [0.00179238]
1.150 3.20e-08 [0.00177715]
1.170 3.20e-08 [0.00175985]
1.190 3.20e-08 [0.00174758]
1.210 3.20e-08 [0.00173189]
1.230 3.20e-08 [0.00167504]
1.250 3.20e-08 [0.00155056]
1.270 3.20e-08 [0.00142105]
1.290 3.20e-08 [0.00128797]
1.310 3.20e-08 [0.0011151]
1.330 3.20e-08 [0.0009289]
1.350 3.20e-08 [0.00078144]
1.370 3.20e-08 [0.00066536]
1.390 3.20e-08 [0.00052647]
1.410 3.20e-08 [0.00042508]
1.430 3.20e-08 [0.00035753]
1.450 3.20e-08 [0.0002926]
1.470 3.20e-08 [0.00022092]
1.490 3.20e-08 [0.00019383]
0.220 6.30e-08 [0.00024772]
0.250 6.30e-08 [0.00040663]
0.270 6.30e-08 [0.0005065]
0.290 6.30e-08 [0.00067363]
0.310 6.30e-08 [0.00075243]
0.330 6.30e-08 [0.00089957]
0.350 6.30e-08 [0.00108982]
0.370 6.30e-08 [0.00131399]
0.390 6.30e-08 [0.00155803]
0.410 6.30e-08 [0.0018807]
0.430 6.30e-08 [0.00227329]
0.450 6.30e-08 [0.00273864]
0.470 6.30e-08 [0.00335696]
0.490 6.30e-08 [0.0041033]
0.510 6.30e-08 [0.00513674]
0.530 6.30e-08 [0.00652111]
0.550 6.30e-08 [0.00844532]
0.570 6.30e-08 [0.01084036]
0.590 6.30e-08 [0.01475166]
0.610 6.30e-08 [0.02039667]
0.630 6.30e-08 [0.03050658]
0.650 6.30e-08 [0.04626011]
0.670 6.30e-08 [0.07374693]
0.690 6.30e-08 [0.13322816]
0.710 6.30e-08 [0.2680525]
0.730 6.30e-08 [0.65330742]
0.750 6.30e-08 [8.29747088]
0.770 6.30e-08 [24.09528646]
0.790 6.30e-08 [14.99189302]
0.810 6.30e-08 [0.60556758]
0.830 6.30e-08 [0.35616898]
0.850 6.30e-08 [0.1740956]
0.870 6.30e-08 [0.12300993]
0.890 6.30e-08 [0.08077364]
0.910 6.30e-08 [0.06324317]
0.930 6.30e-08 [0.04749559]
0.950 6.30e-08 [0.04044472]
0.970 6.30e-08 [0.03428136]
0.990 6.30e-08 [0.03072182]
1.010 6.30e-08 [0.03724953]
1.030 6.30e-08 [0.03888988]
1.050 6.30e-08 [0.0266282]
1.070 6.30e-08 [0.0241791]
1.090 6.30e-08 [0.02339328]
1.110 6.30e-08 [0.02243103]
1.130 6.30e-08 [0.0221954]
1.150 6.30e-08 [0.02187289]
1.170 6.30e-08 [0.02154431]
1.190 6.30e-08 [0.02115386]
1.210 6.30e-08 [0.02072726]
1.230 6.30e-08 [0.01981921]
1.250 6.30e-08 [0.01815219]
1.270 6.30e-08 [0.01641659]
1.290 6.30e-08 [0.01466301]
1.310 6.30e-08 [0.01252358]
1.330 6.30e-08 [0.01027488]
1.350 6.30e-08 [0.00850013]
1.370 6.30e-08 [0.00709187]
1.390 6.30e-08 [0.00553275]
1.410 6.30e-08 [0.00436036]
1.430 6.30e-08 [0.00361113]
1.450 6.30e-08 [0.00287247]
1.470 6.30e-08 [0.00213339]
1.490 6.30e-08 [0.00182316]
0.220 1.26e-07 [0.00387055]
0.250 1.26e-07 [0.00628823]
0.270 1.26e-07 [0.00778108]
0.290 1.26e-07 [0.01024071]
0.310 1.26e-07 [0.01139545]
0.330 1.26e-07 [0.01352244]
0.350 1.26e-07 [0.01622924]
0.370 1.26e-07 [0.0193826]
0.390 1.26e-07 [0.0227636]
0.410 1.26e-07 [0.02716828]
0.430 1.26e-07 [0.03244148]
0.450 1.26e-07 [0.03858653]
0.470 1.26e-07 [0.0466374]
0.490 1.26e-07 [0.05612828]
0.510 1.26e-07 [0.06903519]
0.530 1.26e-07 [0.08575827]
0.550 1.26e-07 [0.10831445]
0.570 1.26e-07 [0.13590814]
0.590 1.26e-07 [0.17808187]
0.610 1.26e-07 [0.23624299]
0.630 1.26e-07 [0.33253374]
0.650 1.26e-07 [0.46789192]
0.670 1.26e-07 [0.67742419]
0.690 1.26e-07 [1.0774988]
0.710 1.26e-07 [1.82807445]
0.730 1.26e-07 [3.69069497]
0.750 1.26e-07 [39.15643272]
0.770 1.26e-07 [94.88688405]
0.790 1.26e-07 [59.68958611]
0.810 1.26e-07 [3.30427159]
0.830 1.26e-07 [2.25080146]
0.850 1.26e-07 [1.20995467]
0.870 1.26e-07 [0.91469106]
0.890 1.26e-07 [0.63557781]
0.910 1.26e-07 [0.51381476]
0.930 1.26e-07 [0.39689342]
0.950 1.26e-07 [0.34035744]
0.970 1.26e-07 [0.28678365]
0.990 1.26e-07 [0.25537406]
1.010 1.26e-07 [0.23050419]
1.030 1.26e-07 [0.20043271]
1.050 1.26e-07 [0.19610463]
1.070 1.26e-07 [0.18205633]
1.090 1.26e-07 [0.17425862]
1.110 1.26e-07 [0.16625129]
1.130 1.26e-07 [0.161174]
1.150 1.26e-07 [0.15600655]
1.170 1.26e-07 [0.15111586]
1.190 1.26e-07 [0.14347151]
1.210 1.26e-07 [0.13598465]
1.230 1.26e-07 [0.12585466]
1.250 1.26e-07 [0.11177353]
1.270 1.26e-07 [0.09771375]
1.290 1.26e-07 [0.0832859]
1.310 1.26e-07 [0.06874678]
1.330 1.26e-07 [0.05410566]
1.350 1.26e-07 [0.04286858]
1.370 1.26e-07 [0.03395642]
1.390 1.26e-07 [0.02556054]
1.410 1.26e-07 [0.01898358]
1.430 1.26e-07 [0.01517338]
1.450 1.26e-07 [0.01134142]
1.470 1.26e-07 [0.0081425]
1.490 1.26e-07 [0.00655664]
0.220 2.51e-07 [0.05679021]
0.250 2.51e-07 [0.08836506]
0.270 2.51e-07 [0.10665828]
0.290 2.51e-07 [0.13486587]
0.310 2.51e-07 [0.14786624]
0.330 2.51e-07 [0.1704365]
0.350 2.51e-07 [0.1975806]
0.370 2.51e-07 [0.2275748]
0.390 2.51e-07 [0.25794147]
0.410 2.51e-07 [0.29535171]
0.430 2.51e-07 [0.33714684]
0.450 2.51e-07 [0.38298574]
0.470 2.51e-07 [0.43991365]
0.490 2.51e-07 [0.50173448]
0.510 2.51e-07 [0.5799482]
0.530 2.51e-07 [0.6696082]
0.550 2.51e-07 [0.77876821]
0.570 2.51e-07 [0.90954009]
0.590 2.51e-07 [1.05790915]
0.610 2.51e-07 [1.2480423]
0.630 2.51e-07 [1.47632094]
0.650 2.51e-07 [1.72082875]
0.670 2.51e-07 [1.98081393]
0.690 2.51e-07 [2.46075604]
0.710 2.51e-07 [3.06483137]
0.730 2.51e-07 [4.62978166]
0.750 2.51e-07 [38.81979099]
0.770 2.51e-07 [70.60648055]
0.790 2.51e-07 [46.55736913]
0.810 2.51e-07 [3.9429266]
0.830 2.51e-07 [3.47714787]
0.850 2.51e-07 [2.16813329]
0.870 2.51e-07 [1.81876344]
0.890 2.51e-07 [1.41424927]
0.910 2.51e-07 [1.2142966]
0.930 2.51e-07 [0.99315881]
0.950 2.51e-07 [0.86970466]
0.970 2.51e-07 [0.71886477]
0.990 2.51e-07 [0.63840677]
1.010 2.51e-07 [0.3522382]
1.030 2.51e-07 [0.23193978]
1.050 2.51e-07 [0.39859681]
1.070 2.51e-07 [0.38407721]
1.090 2.51e-07 [0.36190646]
1.110 2.51e-07 [0.34317982]
1.130 2.51e-07 [0.31960877]
1.150 2.51e-07 [0.30309294]
1.170 2.51e-07 [0.28353907]
1.190 2.51e-07 [0.25806815]
1.210 2.51e-07 [0.23227829]
1.230 2.51e-07 [0.20457949]
1.250 2.51e-07 [0.17513988]
1.270 2.51e-07 [0.14700212]
1.290 2.51e-07 [0.11610785]
1.310 2.51e-07 [0.09065254]
1.330 2.51e-07 [0.06830223]
1.350 2.51e-07 [0.0501358]
1.370 2.51e-07 [0.03707327]
1.390 2.51e-07 [0.0262955]
1.410 2.51e-07 [0.01757467]
1.430 2.51e-07 [0.01355858]
1.450 2.51e-07 [0.00919421]
1.470 2.51e-07 [0.00619938]
1.490 2.51e-07 [0.00446859]
0.220 5.01e-07 [0.67559378]
0.250 5.01e-07 [0.89558513]
0.270 5.01e-07 [0.98804304]
0.290 5.01e-07 [1.08515204]
0.310 5.01e-07 [1.132613]
0.330 5.01e-07 [1.18580025]
0.350 5.01e-07 [1.2288041]
0.370 5.01e-07 [1.2627867]
0.390 5.01e-07 [1.28993272]
0.410 5.01e-07 [1.31274295]
0.430 5.01e-07 [1.3276116]
0.450 5.01e-07 [1.34652474]
0.470 5.01e-07 [1.36372178]
0.490 5.01e-07 [1.38489658]
0.510 5.01e-07 [1.39287961]
0.530 5.01e-07 [1.40897484]
0.550 5.01e-07 [1.41260865]
0.570 5.01e-07 [1.46779157]
0.590 5.01e-07 [1.41854467]
0.610 5.01e-07 [1.44797047]
0.630 5.01e-07 [1.30500173]
0.650 5.01e-07 [1.18691325]
0.670 5.01e-07 [0.95714598]
0.690 5.01e-07 [0.80945691]
0.710 5.01e-07 [0.54218003]
0.730 5.01e-07 [0.38688315]
0.750 5.01e-07 [1.58325236]
0.770 5.01e-07 [1.23500312]
0.790 5.01e-07 [0.84903083]
0.810 5.01e-07 [0.28504841]
0.830 5.01e-07 [0.45343362]
0.850 5.01e-07 [0.4096142]
0.870 5.01e-07 [0.43605124]
0.890 5.01e-07 [0.41343015]
0.910 5.01e-07 [0.40287846]
0.930 5.01e-07 [0.3600635]
0.950 5.01e-07 [0.32508076]
0.970 5.01e-07 [0.26862137]
0.990 5.01e-07 [0.22876197]
1.010 5.01e-07 [0.04166643]
1.030 5.01e-07 [0.01168188]
1.050 5.01e-07 [0.09371251]
1.070 5.01e-07 [0.09943547]
1.090 5.01e-07 [0.08972616]
1.110 5.01e-07 [0.08493335]
1.130 5.01e-07 [0.06942419]
1.150 5.01e-07 [0.06204871]
1.170 5.01e-07 [0.05350768]
1.190 5.01e-07 [0.04317709]
1.210 5.01e-07 [0.03352849]
1.230 5.01e-07 [0.02526312]
1.250 5.01e-07 [0.01945272]
1.270 5.01e-07 [0.01371389]
1.290 5.01e-07 [0.00909052]
1.310 5.01e-07 [0.00582201]
1.330 5.01e-07 [0.00384238]
1.350 5.01e-07 [0.00214326]
1.370 5.01e-07 [0.00126062]
1.390 5.01e-07 [0.00067175]
1.410 5.01e-07 [0.00032855]
1.430 5.01e-07 [0.00021167]
1.450 5.01e-07 [9.62060747e-05]
1.470 5.01e-07 [4.92639108e-05]
1.490 5.01e-07 [2.34600316e-05]
0.220 1.00e-06 [3.8381915]
0.250 1.00e-06 [3.20038884]
0.270 1.00e-06 [2.8301226]
0.290 1.00e-06 [2.27040447]
0.310 1.00e-06 [2.17861977]
0.330 1.00e-06 [1.92933377]
0.350 1.00e-06 [1.66517056]
0.370 1.00e-06 [1.42740499]
0.390 1.00e-06 [1.28804962]
0.410 1.00e-06 [1.10051473]
0.430 1.00e-06 [0.95520815]
0.450 1.00e-06 [0.86076544]
0.470 1.00e-06 [0.71955951]
0.490 1.00e-06 [0.62502576]
0.510 1.00e-06 [0.49678848]
0.530 1.00e-06 [0.40992947]
0.550 1.00e-06 [0.31730164]
0.570 1.00e-06 [0.24910382]
0.590 1.00e-06 [0.15857407]
0.610 1.00e-06 [0.09791624]
0.630 1.00e-06 [0.043632]
0.650 1.00e-06 [0.01502851]
0.670 1.00e-06 [0.00402355]
0.690 1.00e-06 [0.]
0.710 1.00e-06 [0.]
0.730 1.00e-06 [0.]
0.750 1.00e-06 [0.]
0.770 1.00e-06 [0.]
0.790 1.00e-06 [0.]
0.810 1.00e-06 [0.]
0.830 1.00e-06 [0.]
0.850 1.00e-06 [0.]
0.870 1.00e-06 [0.]
0.890 1.00e-06 [0.]
0.910 1.00e-06 [0.]
0.930 1.00e-06 [0.]
0.950 1.00e-06 [0.00049263]
0.970 1.00e-06 [0.00041352]
0.990 1.00e-06 [0.]
1.010 1.00e-06 [0.]
1.030 1.00e-06 [0.]
1.050 1.00e-06 [0.]
1.070 1.00e-06 [0.]
1.090 1.00e-06 [0.]
1.110 1.00e-06 [0.]
1.130 1.00e-06 [0.]
1.150 1.00e-06 [0.]
1.170 1.00e-06 [0.]
1.190 1.00e-06 [0.]
1.210 1.00e-06 [0.]
1.230 1.00e-06 [0.]
1.250 1.00e-06 [0.]
1.270 1.00e-06 [0.]
1.290 1.00e-06 [0.]
1.310 1.00e-06 [0.]
1.330 1.00e-06 [0.]
1.350 1.00e-06 [0.]
1.370 1.00e-06 [0.]
1.390 1.00e-06 [0.]
1.410 1.00e-06 [0.]
1.430 1.00e-06 [0.]
1.450 1.00e-06 [0.]
1.470 1.00e-06 [0.]
1.490 1.00e-06 [0.]
0.220 1.99e-06 [4.45485764]
0.250 1.99e-06 [1.99552856]
0.270 1.99e-06 [1.32645848]
0.290 1.99e-06 [0.69701334]
0.310 1.99e-06 [0.57127714]
0.330 1.99e-06 [0.37807457]
0.350 1.99e-06 [0.22817679]
0.370 1.99e-06 [0.1330767]
0.390 1.99e-06 [0.08028136]
0.410 1.99e-06 [0.04065155]
0.430 1.99e-06 [0.02108693]
0.450 1.99e-06 [0.01146785]
0.470 1.99e-06 [0.0046459]
0.490 1.99e-06 [0.00220273]
0.510 1.99e-06 [0.0008235]
0.530 1.99e-06 [0.]
0.550 1.99e-06 [0.]
0.570 1.99e-06 [0.]
0.590 1.99e-06 [0.]
0.610 1.99e-06 [0.]
0.630 1.99e-06 [0.]
0.650 1.99e-06 [0.]
0.670 1.99e-06 [0.]
0.690 1.99e-06 [0.]
0.710 1.99e-06 [0.]
0.730 1.99e-06 [0.]
0.750 1.99e-06 [0.]
0.770 1.99e-06 [0.]
0.790 1.99e-06 [0.]
0.810 1.99e-06 [0.]
0.830 1.99e-06 [0.]
0.850 1.99e-06 [0.]
0.870 1.99e-06 [0.]
0.890 1.99e-06 [0.]
0.910 1.99e-06 [0.]
0.930 1.99e-06 [0.]
0.950 1.99e-06 [0.]
0.970 1.99e-06 [0.]
0.990 1.99e-06 [0.]
1.010 1.99e-06 [0.]
1.030 1.99e-06 [0.]
1.050 1.99e-06 [0.]
1.070 1.99e-06 [0.]
1.090 1.99e-06 [0.]
1.110 1.99e-06 [0.]
1.130 1.99e-06 [0.]
1.150 1.99e-06 [0.]
1.170 1.99e-06 [0.]
1.190 1.99e-06 [0.]
1.210 1.99e-06 [0.]
1.230 1.99e-06 [0.]
1.250 1.99e-06 [0.]
1.270 1.99e-06 [0.]
1.290 1.99e-06 [0.]
1.310 1.99e-06 [0.]
1.330 1.99e-06 [0.]
1.350 1.99e-06 [0.]
1.370 1.99e-06 [0.]
1.390 1.99e-06 [0.]
1.410 1.99e-06 [0.]
1.430 1.99e-06 [0.]
1.450 1.99e-06 [0.]
1.470 1.99e-06 [0.]
1.490 1.99e-06 [0.]
0.220 3.98e-06 [0.48706894]
0.250 3.98e-06 [0.03670927]
0.270 3.98e-06 [0.00871126]
0.290 3.98e-06 [0.0015027]
0.310 3.98e-06 [0.]
0.330 3.98e-06 [0.]
0.350 3.98e-06 [0.]
0.370 3.98e-06 [0.]
0.390 3.98e-06 [0.]
0.410 3.98e-06 [0.]
0.430 3.98e-06 [0.]
0.450 3.98e-06 [0.]
0.470 3.98e-06 [0.]
0.490 3.98e-06 [0.]
0.510 3.98e-06 [0.]
0.530 3.98e-06 [0.]
0.550 3.98e-06 [0.]
0.570 3.98e-06 [0.]
0.590 3.98e-06 [0.]
0.610 3.98e-06 [0.]
0.630 3.98e-06 [0.]
0.650 3.98e-06 [0.]
0.670 3.98e-06 [0.]
0.690 3.98e-06 [0.]
0.710 3.98e-06 [0.]
0.730 3.98e-06 [0.]
0.750 3.98e-06 [0.]
0.770 3.98e-06 [0.]
0.790 3.98e-06 [0.]
0.810 3.98e-06 [0.]
0.830 3.98e-06 [0.]
0.850 3.98e-06 [0.]
0.870 3.98e-06 [0.]
0.890 3.98e-06 [0.]
0.910 3.98e-06 [0.]
0.930 3.98e-06 [0.]
0.950 3.98e-06 [0.]
0.970 3.98e-06 [0.]
0.990 3.98e-06 [0.]
1.010 3.98e-06 [0.]
1.030 3.98e-06 [0.]
1.050 3.98e-06 [0.]
1.070 3.98e-06 [0.]
1.090 3.98e-06 [0.]
1.110 3.98e-06 [0.]
1.130 3.98e-06 [0.]
1.150 3.98e-06 [0.]
1.170 3.98e-06 [0.]
1.190 3.98e-06 [0.]
1.210 3.98e-06 [0.]
1.230 3.98e-06 [0.]
1.250 3.98e-06 [0.]
1.270 3.98e-06 [0.]
1.290 3.98e-06 [0.]
1.310 3.98e-06 [0.]
1.330 3.98e-06 [0.]
1.350 3.98e-06 [0.]
1.370 3.98e-06 [0.]
1.390 3.98e-06 [0.]
1.410 3.98e-06 [0.]
1.430 3.98e-06 [0.]
1.450 3.98e-06 [0.]
1.470 3.98e-06 [0.]
1.490 3.98e-06 [0.]
0.220 7.94e-06 [0.]
0.250 7.94e-06 [0.]
0.270 7.94e-06 [0.]
0.290 7.94e-06 [0.]
0.310 7.94e-06 [0.]
0.330 7.94e-06 [0.]
0.350 7.94e-06 [0.]
0.370 7.94e-06 [0.]
0.390 7.94e-06 [0.]
0.410 7.94e-06 [0.]
0.430 7.94e-06 [0.]
0.450 7.94e-06 [0.]
0.470 7.94e-06 [0.]
0.490 7.94e-06 [0.]
0.510 7.94e-06 [0.]
0.530 7.94e-06 [0.]
0.550 7.94e-06 [0.]
0.570 7.94e-06 [0.]
0.590 7.94e-06 [0.]
0.610 7.94e-06 [0.]
0.630 7.94e-06 [0.]
0.650 7.94e-06 [0.]
0.670 7.94e-06 [0.]
0.690 7.94e-06 [0.]
0.710 7.94e-06 [0.]
0.730 7.94e-06 [0.]
0.750 7.94e-06 [0.]
0.770 7.94e-06 [0.]
0.790 7.94e-06 [0.]
0.810 7.94e-06 [0.]
0.830 7.94e-06 [0.]
0.850 7.94e-06 [0.]
0.870 7.94e-06 [0.]
0.890 7.94e-06 [0.]
0.910 7.94e-06 [0.]
0.930 7.94e-06 [0.]
0.950 7.94e-06 [0.]
0.970 7.94e-06 [0.]
0.990 7.94e-06 [0.]
1.010 7.94e-06 [0.]
1.030 7.94e-06 [0.]
1.050 7.94e-06 [0.]
1.070 7.94e-06 [0.]
1.090 7.94e-06 [0.]
1.110 7.94e-06 [0.]
1.130 7.94e-06 [0.]
1.150 7.94e-06 [0.]
1.170 7.94e-06 [0.]
1.190 7.94e-06 [0.]
1.210 7.94e-06 [0.]
1.230 7.94e-06 [0.]
1.250 7.94e-06 [0.]
1.270 7.94e-06 [0.]
1.290 7.94e-06 [0.]
1.310 7.94e-06 [0.]
1.330 7.94e-06 [0.]
1.350 7.94e-06 [0.]
1.370 7.94e-06 [0.]
1.390 7.94e-06 [0.]
1.410 7.94e-06 [0.]
1.430 7.94e-06 [0.]
1.450 7.94e-06 [0.]
1.470 7.94e-06 [0.]
1.490 7.94e-06 [0.]
0.220 1.58e-05 [0.]
0.250 1.58e-05 [0.]
0.270 1.58e-05 [0.]
0.290 1.58e-05 [0.]
0.310 1.58e-05 [0.]
0.330 1.58e-05 [0.]
0.350 1.58e-05 [0.]
0.370 1.58e-05 [0.]
0.390 1.58e-05 [0.]
0.410 1.58e-05 [0.]
0.430 1.58e-05 [0.]
0.450 1.58e-05 [0.]
0.470 1.58e-05 [0.]
0.490 1.58e-05 [0.]
0.510 1.58e-05 [0.]
0.530 1.58e-05 [0.]
0.550 1.58e-05 [0.]
0.570 1.58e-05 [0.]
0.590 1.58e-05 [0.]
0.610 1.58e-05 [0.]
0.630 1.58e-05 [0.]
0.650 1.58e-05 [0.]
0.670 1.58e-05 [0.]
0.690 1.58e-05 [0.]
0.710 1.58e-05 [0.]
0.730 1.58e-05 [0.]
0.750 1.58e-05 [0.]
0.770 1.58e-05 [0.]
0.790 1.58e-05 [0.]
0.810 1.58e-05 [0.]
0.830 1.58e-05 [0.]
0.850 1.58e-05 [0.]
0.870 1.58e-05 [0.]
0.890 1.58e-05 [0.]
0.910 1.58e-05 [0.]
0.930 1.58e-05 [0.]
0.950 1.58e-05 [0.]
0.970 1.58e-05 [0.]
0.990 1.58e-05 [0.]
1.010 1.58e-05 [0.]
1.030 1.58e-05 [0.]
1.050 1.58e-05 [0.]
1.070 1.58e-05 [0.]
1.090 1.58e-05 [0.]
1.110 1.58e-05 [0.]
1.130 1.58e-05 [0.]
1.150 1.58e-05 [0.]
1.170 1.58e-05 [0.]
1.190 1.58e-05 [0.]
1.210 1.58e-05 [0.]
1.230 1.58e-05 [0.]
1.250 1.58e-05 [0.]
1.270 1.58e-05 [0.]
1.290 1.58e-05 [0.]
1.310 1.58e-05 [0.]
1.330 1.58e-05 [0.]
1.350 1.58e-05 [0.]
1.370 1.58e-05 [0.]
1.390 1.58e-05 [0.]
1.410 1.58e-05 [0.]
1.430 1.58e-05 [0.]
1.450 1.58e-05 [0.]
1.470 1.58e-05 [0.]
1.490 1.58e-05 [0.]
0.220 3.16e-05 [0.]
0.250 3.16e-05 [0.]
0.270 3.16e-05 [0.]
0.290 3.16e-05 [0.]
0.310 3.16e-05 [0.]
0.330 3.16e-05 [0.]
0.350 3.16e-05 [0.]
0.370 3.16e-05 [0.]
0.390 3.16e-05 [0.]
0.410 3.16e-05 [0.]
0.430 3.16e-05 [0.]
0.450 3.16e-05 [0.]
0.470 3.16e-05 [0.]
0.490 3.16e-05 [0.]
0.510 3.16e-05 [0.]
0.530 3.16e-05 [0.]
0.550 3.16e-05 [0.]
0.570 3.16e-05 [0.]
0.590 3.16e-05 [0.]
0.610 3.16e-05 [0.]
0.630 3.16e-05 [0.]
0.650 3.16e-05 [0.]
0.670 3.16e-05 [0.]
0.690 3.16e-05 [0.]
0.710 3.16e-05 [0.]
0.730 3.16e-05 [0.]
0.750 3.16e-05 [0.]
0.770 3.16e-05 [0.]
0.790 3.16e-05 [0.]
0.810 3.16e-05 [0.]
0.830 3.16e-05 [0.]
0.850 3.16e-05 [0.]
0.870 3.16e-05 [0.]
0.890 3.16e-05 [0.]
0.910 3.16e-05 [0.]
0.930 3.16e-05 [0.]
0.950 3.16e-05 [0.]
0.970 3.16e-05 [0.]
0.990 3.16e-05 [0.]
1.010 3.16e-05 [0.]
1.030 3.16e-05 [0.]
1.050 3.16e-05 [0.]
1.070 3.16e-05 [0.]
1.090 3.16e-05 [0.]
1.110 3.16e-05 [0.]
1.130 3.16e-05 [0.]
1.150 3.16e-05 [0.]
1.170 3.16e-05 [0.]
1.190 3.16e-05 [0.]
1.210 3.16e-05 [0.]
1.230 3.16e-05 [0.]
1.250 3.16e-05 [0.]
1.270 3.16e-05 [0.]
1.290 3.16e-05 [0.]
1.310 3.16e-05 [0.]
1.330 3.16e-05 [0.]
1.350 3.16e-05 [0.]
1.370 3.16e-05 [0.]
1.390 3.16e-05 [0.]
1.410 3.16e-05 [0.]
1.430 3.16e-05 [0.]
1.450 3.16e-05 [0.]
1.470 3.16e-05 [0.]
1.490 3.16e-05 [0.]
0.220 6.31e-05 [0.]
0.250 6.31e-05 [0.]
0.270 6.31e-05 [0.]
0.290 6.31e-05 [0.]
0.310 6.31e-05 [0.]
0.330 6.31e-05 [0.]
0.350 6.31e-05 [0.]
0.370 6.31e-05 [0.]
0.390 6.31e-05 [0.]
0.410 6.31e-05 [0.]
0.430 6.31e-05 [0.]
0.450 6.31e-05 [0.]
0.470 6.31e-05 [0.]
0.490 6.31e-05 [0.]
0.510 6.31e-05 [0.]
0.530 6.31e-05 [0.]
0.550 6.31e-05 [0.]
0.570 6.31e-05 [0.]
0.590 6.31e-05 [0.]
0.610 6.31e-05 [0.]
0.630 6.31e-05 [0.]
0.650 6.31e-05 [0.]
0.670 6.31e-05 [0.]
0.690 6.31e-05 [0.]
0.710 6.31e-05 [0.]
0.730 6.31e-05 [0.]
0.750 6.31e-05 [0.]
0.770 6.31e-05 [0.]
0.790 6.31e-05 [0.]
0.810 6.31e-05 [0.]
0.830 6.31e-05 [0.]
0.850 6.31e-05 [0.]
0.870 6.31e-05 [0.]
0.890 6.31e-05 [0.]
0.910 6.31e-05 [0.]
0.930 6.31e-05 [0.]
0.950 6.31e-05 [0.]
0.970 6.31e-05 [0.]
0.990 6.31e-05 [0.]
1.010 6.31e-05 [0.]
1.030 6.31e-05 [0.]
1.050 6.31e-05 [0.]
1.070 6.31e-05 [0.]
1.090 6.31e-05 [0.]
1.110 6.31e-05 [0.]
1.130 6.31e-05 [0.]
1.150 6.31e-05 [0.]
1.170 6.31e-05 [0.]
1.190 6.31e-05 [0.]
1.210 6.31e-05 [0.]
1.230 6.31e-05 [0.]
1.250 6.31e-05 [0.]
1.270 6.31e-05 [0.]
1.290 6.31e-05 [0.]
1.310 6.31e-05 [0.]
1.330 6.31e-05 [0.]
1.350 6.31e-05 [0.]
1.370 6.31e-05 [0.]
1.390 6.31e-05 [0.]
1.410 6.31e-05 [0.]
1.430 6.31e-05 [0.]
1.450 6.31e-05 [0.]
1.470 6.31e-05 [0.]
1.490 6.31e-05 [0.]
0.220 1.26e-04 [0.]
0.250 1.26e-04 [0.]
0.270 1.26e-04 [0.]
0.290 1.26e-04 [0.]
0.310 1.26e-04 [0.]
0.330 1.26e-04 [0.]
0.350 1.26e-04 [0.]
0.370 1.26e-04 [0.]
0.390 1.26e-04 [0.]
0.410 1.26e-04 [0.]
0.430 1.26e-04 [0.]
0.450 1.26e-04 [0.]
0.470 1.26e-04 [0.]
0.490 1.26e-04 [0.]
0.510 1.26e-04 [0.]
0.530 1.26e-04 [0.]
0.550 1.26e-04 [0.]
0.570 1.26e-04 [0.]
0.590 1.26e-04 [0.]
0.610 1.26e-04 [0.]
0.630 1.26e-04 [0.]
0.650 1.26e-04 [0.]
0.670 1.26e-04 [0.]
0.690 1.26e-04 [0.]
0.710 1.26e-04 [0.]
0.730 1.26e-04 [0.]
0.750 1.26e-04 [0.]
0.770 1.26e-04 [0.]
0.790 1.26e-04 [0.]
0.810 1.26e-04 [0.]
0.830 1.26e-04 [0.]
0.850 1.26e-04 [0.]
0.870 1.26e-04 [0.]
0.890 1.26e-04 [0.]
0.910 1.26e-04 [0.]
0.930 1.26e-04 [0.]
0.950 1.26e-04 [0.]
0.970 1.26e-04 [0.]
0.990 1.26e-04 [0.]
1.010 1.26e-04 [0.]
1.030 1.26e-04 [0.]
1.050 1.26e-04 [0.]
1.070 1.26e-04 [0.]
1.090 1.26e-04 [0.]
1.110 1.26e-04 [0.]
1.130 1.26e-04 [0.]
1.150 1.26e-04 [0.]
1.170 1.26e-04 [0.]
1.190 1.26e-04 [0.]
1.210 1.26e-04 [0.]
1.230 1.26e-04 [0.]
1.250 1.26e-04 [0.]
1.270 1.26e-04 [0.]
1.290 1.26e-04 [0.]
1.310 1.26e-04 [0.]
1.330 1.26e-04 [0.]
1.350 1.26e-04 [0.]
1.370 1.26e-04 [0.]
1.390 1.26e-04 [0.]
1.410 1.26e-04 [0.]
1.430 1.26e-04 [0.]
1.450 1.26e-04 [0.]
1.470 1.26e-04 [0.]
1.490 1.26e-04 [0.]
0.220 2.51e-04 [0.]
0.250 2.51e-04 [0.]
0.270 2.51e-04 [0.]
0.290 2.51e-04 [0.]
0.310 2.51e-04 [0.]
0.330 2.51e-04 [0.]
0.350 2.51e-04 [0.]
0.370 2.51e-04 [0.]
0.390 2.51e-04 [0.]
0.410 2.51e-04 [0.]
0.430 2.51e-04 [0.]
0.450 2.51e-04 [0.]
0.470 2.51e-04 [0.]
0.490 2.51e-04 [0.]
0.510 2.51e-04 [0.]
0.530 2.51e-04 [0.]
0.550 2.51e-04 [0.]
0.570 2.51e-04 [0.]
0.590 2.51e-04 [0.]
0.610 2.51e-04 [0.]
0.630 2.51e-04 [0.]
0.650 2.51e-04 [0.]
0.670 2.51e-04 [0.]
0.690 2.51e-04 [0.]
0.710 2.51e-04 [0.]
0.730 2.51e-04 [0.]
0.750 2.51e-04 [0.]
0.770 2.51e-04 [0.]
0.790 2.51e-04 [0.]
0.810 2.51e-04 [0.]
0.830 2.51e-04 [0.]
0.850 2.51e-04 [0.]
0.870 2.51e-04 [0.]
0.890 2.51e-04 [0.]
0.910 2.51e-04 [0.]
0.930 2.51e-04 [0.]
0.950 2.51e-04 [0.]
0.970 2.51e-04 [0.]
0.990 2.51e-04 [0.]
1.010 2.51e-04 [0.]
1.030 2.51e-04 [0.]
1.050 2.51e-04 [0.]
1.070 2.51e-04 [0.]
1.090 2.51e-04 [0.]
1.110 2.51e-04 [0.]
1.130 2.51e-04 [0.]
1.150 2.51e-04 [0.]
1.170 2.51e-04 [0.]
1.190 2.51e-04 [0.]
1.210 2.51e-04 [0.]
1.230 2.51e-04 [0.]
1.250 2.51e-04 [0.]
1.270 2.51e-04 [0.]
1.290 2.51e-04 [0.]
1.310 2.51e-04 [0.]
1.330 2.51e-04 [0.]
1.350 2.51e-04 [0.]
1.370 2.51e-04 [0.]
1.390 2.51e-04 [0.]
1.410 2.51e-04 [0.]
1.430 2.51e-04 [0.]
1.450 2.51e-04 [0.]
1.470 2.51e-04 [0.]
1.490 2.51e-04 [0.]
0.220 5.01e-04 [0.]
0.250 5.01e-04 [0.]
0.270 5.01e-04 [0.]
0.290 5.01e-04 [0.]
0.310 5.01e-04 [0.]
0.330 5.01e-04 [0.]
0.350 5.01e-04 [0.]
0.370 5.01e-04 [0.]
0.390 5.01e-04 [0.]
0.410 5.01e-04 [0.]
0.430 5.01e-04 [0.]
0.450 5.01e-04 [0.]
0.470 5.01e-04 [0.]
0.490 5.01e-04 [0.]
0.510 5.01e-04 [0.]
0.530 5.01e-04 [0.]
0.550 5.01e-04 [0.]
0.570 5.01e-04 [0.]
0.590 5.01e-04 [0.]
0.610 5.01e-04 [0.]
0.630 5.01e-04 [0.]
0.650 5.01e-04 [0.]
0.670 5.01e-04 [0.]
0.690 5.01e-04 [0.]
0.710 5.01e-04 [0.]
0.730 5.01e-04 [0.]
0.750 5.01e-04 [0.]
0.770 5.01e-04 [0.]
0.790 5.01e-04 [0.]
0.810 5.01e-04 [0.]
0.830 5.01e-04 [0.]
0.850 5.01e-04 [0.]
0.870 5.01e-04 [0.]
0.890 5.01e-04 [0.]
0.910 5.01e-04 [0.]
0.930 5.01e-04 [0.]
0.950 5.01e-04 [0.]
0.970 5.01e-04 [0.]
0.990 5.01e-04 [0.]
1.010 5.01e-04 [0.]
1.030 5.01e-04 [0.]
1.050 5.01e-04 [0.]
1.070 5.01e-04 [0.]
1.090 5.01e-04 [0.]
1.110 5.01e-04 [0.]
1.130 5.01e-04 [0.]
1.150 5.01e-04 [0.]
1.170 5.01e-04 [0.]
1.190 5.01e-04 [0.]
1.210 5.01e-04 [0.]
1.230 5.01e-04 [0.]
1.250 5.01e-04 [0.]
1.270 5.01e-04 [0.]
1.290 5.01e-04 [0.]
1.310 5.01e-04 [0.]
1.330 5.01e-04 [0.]
1.350 5.01e-04 [0.]
1.370 5.01e-04 [0.]
1.390 5.01e-04 [0.]
1.410 5.01e-04 [0.]
1.430 5.01e-04 [0.]
1.450 5.01e-04 [0.]
1.470 5.01e-04 [0.]
1.490 5.01e-04 [0.]
0.220 1.00e-03 [0.]
0.250 1.00e-03 [0.]
0.270 1.00e-03 [0.]
0.290 1.00e-03 [0.]
0.310 1.00e-03 [0.]
0.330 1.00e-03 [0.]
0.350 1.00e-03 [0.]
0.370 1.00e-03 [0.]
0.390 1.00e-03 [0.]
0.410 1.00e-03 [0.]
0.430 1.00e-03 [0.]
0.450 1.00e-03 [0.]
0.470 1.00e-03 [0.]
0.490 1.00e-03 [0.]
0.510 1.00e-03 [0.]
0.530 1.00e-03 [0.]
0.550 1.00e-03 [0.]
0.570 1.00e-03 [0.]
0.590 1.00e-03 [0.]
0.610 1.00e-03 [0.]
0.630 1.00e-03 [0.]
0.650 1.00e-03 [0.]
0.670 1.00e-03 [0.]
0.690 1.00e-03 [0.]
0.710 1.00e-03 [0.]
0.730 1.00e-03 [0.]
0.750 1.00e-03 [0.]
0.770 1.00e-03 [0.]
0.790 1.00e-03 [0.]
0.810 1.00e-03 [0.]
0.830 1.00e-03 [0.]
0.850 1.00e-03 [0.]
0.870 1.00e-03 [0.]
0.890 1.00e-03 [0.]
0.910 1.00e-03 [0.]
0.930 1.00e-03 [0.]
0.950 1.00e-03 [0.]
0.970 1.00e-03 [0.]
0.990 1.00e-03 [0.]
1.010 1.00e-03 [0.]
1.030 1.00e-03 [0.]
1.050 1.00e-03 [0.]
1.070 1.00e-03 [0.]
1.090 1.00e-03 [0.]
1.110 1.00e-03 [0.]
1.130 1.00e-03 [0.]
1.150 1.00e-03 [0.]
1.170 1.00e-03 [0.]
1.190 1.00e-03 [0.]
1.210 1.00e-03 [0.]
1.230 1.00e-03 [0.]
1.250 1.00e-03 [0.]
1.270 1.00e-03 [0.]
1.290 1.00e-03 [0.]
1.310 1.00e-03 [0.]
1.330 1.00e-03 [0.]
1.350 1.00e-03 [0.]
1.370 1.00e-03 [0.]
1.390 1.00e-03 [0.]
1.410 1.00e-03 [0.]
1.430 1.00e-03 [0.]
1.450 1.00e-03 [0.]
1.470 1.00e-03 [0.]
1.490 1.00e-03 [0.]
0.220 1.00e-09 [0.]
0.250 1.00e-09 [0.]
0.270 1.00e-09 [0.]
0.290 1.00e-09 [0.]
0.310 1.00e-09 [0.]
0.330 1.00e-09 [1.02695149e-10]
0.350 1.00e-09 [1.0776408e-10]
0.370 1.00e-09 [1.13728387e-10]
0.390 1.00e-09 [1.20784848e-10]
0.410 1.00e-09 [1.29289794e-10]
0.430 1.00e-09 [1.39426091e-10]
0.450 1.00e-09 [1.51650007e-10]
0.470 1.00e-09 [1.66757707e-10]
0.490 1.00e-09 [1.84482221e-10]
0.510 1.00e-09 [4.13817975e-10]
0.530 1.00e-09 [4.70372317e-10]
0.550 1.00e-09 [5.42395961e-10]
0.570 1.00e-09 [6.34659418e-10]
0.590 1.00e-09 [1.12730383e-09]
0.610 1.00e-09 [1.379102e-09]
0.630 1.00e-09 [2.3270401e-09]
0.650 1.00e-09 [3.75712634e-09]
0.670 1.00e-09 [6.03531852e-09]
0.690 1.00e-09 [1.06785267e-08]
0.710 1.00e-09 [2.28713422e-08]
0.730 1.00e-09 [6.35612783e-08]
0.750 1.00e-09 [8.41033762e-07]
0.770 1.00e-09 [2.69823537e-06]
0.790 1.00e-09 [1.69128974e-06]
0.810 1.00e-09 [5.75010885e-08]
0.830 1.00e-09 [3.17487041e-08]
0.850 1.00e-09 [1.52357918e-08]
0.870 1.00e-09 [1.02417039e-08]
0.890 1.00e-09 [6.29703909e-09]
0.910 1.00e-09 [5.132759e-09]
0.930 1.00e-09 [4.00222065e-09]
0.950 1.00e-09 [3.44844471e-09]
0.970 1.00e-09 [2.89466876e-09]
0.990 1.00e-09 [2.57769314e-09]
1.010 1.00e-09 [3.27418239e-09]
1.030 1.00e-09 [3.87843035e-09]
1.050 1.00e-09 [2.21411481e-09]
1.070 1.00e-09 [2.06062766e-09]
1.090 1.00e-09 [1.97090735e-09]
1.110 1.00e-09 [1.88118705e-09]
1.130 1.00e-09 [1.81667845e-09]
1.150 1.00e-09 [1.98116241e-09]
1.170 1.00e-09 [1.91476498e-09]
1.190 1.00e-09 [1.82352934e-09]
1.210 1.00e-09 [1.92477079e-09]
1.230 1.00e-09 [1.78773505e-09]
1.250 1.00e-09 [1.59795017e-09]
1.270 1.00e-09 [1.54898182e-09]
1.290 1.00e-09 [1.45352813e-09]
1.310 1.00e-09 [1.21018197e-09]
1.330 1.00e-09 [1.04740547e-09]
1.350 1.00e-09 [8.40945994e-10]
1.370 1.00e-09 [7.32429993e-10]
1.390 1.00e-09 [5.99170543e-10]
1.410 1.00e-09 [4.87051155e-10]
1.430 1.00e-09 [3.9684142e-10]
1.450 1.00e-09 [3.44960647e-10]
1.470 1.00e-09 [2.52346858e-10]
1.490 1.00e-09 [2.21981487e-10]
0.220 2.00e-09 [3.44348234e-10]
0.250 2.00e-09 [3.56351057e-10]
0.270 2.00e-09 [3.66441925e-10]
0.290 2.00e-09 [7.58539812e-10]
0.310 2.00e-09 [7.87038073e-10]
0.330 2.00e-09 [8.21561196e-10]
0.350 2.00e-09 [1.29316896e-09]
0.370 2.00e-09 [1.36474065e-09]
0.390 2.00e-09 [1.44941817e-09]
0.410 2.00e-09 [2.06863671e-09]
0.430 2.00e-09 [2.23081745e-09]
0.450 2.00e-09 [3.03300015e-09]
0.470 2.00e-09 [3.33515414e-09]
0.490 2.00e-09 [4.4275733e-09]
0.510 2.00e-09 [5.79345165e-09]
0.530 2.00e-09 [6.58521244e-09]
0.550 2.00e-09 [8.67833538e-09]
0.570 2.00e-09 [1.14238695e-08]
0.590 2.00e-09 [1.65337895e-08]
0.610 2.00e-09 [2.2065632e-08]
0.630 2.00e-09 [3.49056015e-08]
0.650 2.00e-09 [5.41026193e-08]
0.670 2.00e-09 [8.8518005e-08]
0.690 2.00e-09 [1.70856427e-07]
0.710 2.00e-09 [3.76106516e-07]
0.730 2.00e-09 [9.74606267e-07]
0.750 2.00e-09 [1.36968355e-05]
0.770 2.00e-09 [4.31717659e-05]
0.790 2.00e-09 [2.70606359e-05]
0.810 2.00e-09 [9.20017417e-07]
0.830 2.00e-09 [5.07979266e-07]
0.850 2.00e-09 [2.37001205e-07]
0.870 2.00e-09 [1.63867262e-07]
0.890 2.00e-09 [1.04350933e-07]
0.910 2.00e-09 [8.21241439e-08]
0.930 2.00e-09 [6.17485472e-08]
0.950 2.00e-09 [5.12340356e-08]
0.970 2.00e-09 [4.30065073e-08]
0.990 2.00e-09 [3.97701228e-08]
1.010 2.00e-09 [5.36965911e-08]
1.030 2.00e-09 [6.20548856e-08]
1.050 2.00e-09 [3.54258369e-08]
1.070 2.00e-09 [3.19397288e-08]
1.090 2.00e-09 [3.15345177e-08]
1.110 2.00e-09 [3.00989928e-08]
1.130 2.00e-09 [2.99751943e-08]
1.150 2.00e-09 [2.99375652e-08]
1.170 2.00e-09 [2.9785233e-08]
1.190 2.00e-09 [2.91764695e-08]
1.210 2.00e-09 [2.92565159e-08]
1.230 2.00e-09 [2.86037607e-08]
1.250 2.00e-09 [2.68455629e-08]
1.270 2.00e-09 [2.42204431e-08]
1.290 2.00e-09 [2.22874313e-08]
1.310 2.00e-09 [1.93629116e-08]
1.330 2.00e-09 [1.61139303e-08]
1.350 2.00e-09 [1.37138885e-08]
1.370 2.00e-09 [1.17188799e-08]
1.390 2.00e-09 [9.42694987e-09]
1.410 2.00e-09 [7.67105569e-09]
1.430 2.00e-09 [6.44867308e-09]
1.450 2.00e-09 [5.3660545e-09]
1.470 2.00e-09 [4.03754974e-09]
1.490 2.00e-09 [3.59843673e-09]
0.220 4.00e-09 [4.1321788e-09]
0.250 4.00e-09 [7.12702113e-09]
0.270 4.00e-09 [8.79460621e-09]
0.290 4.00e-09 [1.06195574e-08]
0.310 4.00e-09 [1.25926092e-08]
0.330 4.00e-09 [1.47881015e-08]
0.350 4.00e-09 [1.72422528e-08]
0.370 4.00e-09 [2.18358504e-08]
0.390 4.00e-09 [2.51232484e-08]
0.410 4.00e-09 [3.10295506e-08]
0.430 4.00e-09 [3.79238966e-08]
0.450 4.00e-09 [4.61016022e-08]
0.470 4.00e-09 [5.60305895e-08]
0.490 4.00e-09 [6.78894573e-08]
0.510 4.00e-09 [8.60741387e-08]
0.530 4.00e-09 [1.12889356e-07]
0.550 4.00e-09 [1.47531701e-07]
0.570 4.00e-09 [1.87859188e-07]
0.590 4.00e-09 [2.58528346e-07]
0.610 4.00e-09 [3.67760533e-07]
0.630 4.00e-09 [5.58489625e-07]
0.650 4.00e-09 [8.65641908e-07]
0.670 4.00e-09 [1.43238226e-06]
0.690 4.00e-09 [2.73370284e-06]
0.710 4.00e-09 [5.89572377e-06]
0.730 4.00e-09 [1.56784486e-05]
0.750 4.00e-09 [0.00021723]
0.770 4.00e-09 [0.00069075]
0.790 4.00e-09 [0.00042819]
0.810 4.00e-09 [1.47202787e-05]
0.830 4.00e-09 [8.12766825e-06]
0.850 4.00e-09 [3.81910513e-06]
0.870 4.00e-09 [2.62187619e-06]
0.890 4.00e-09 [1.68400817e-06]
0.910 4.00e-09 [1.30225428e-06]
0.930 4.00e-09 [9.60532956e-07]
0.950 4.00e-09 [8.1974457e-07]
0.970 4.00e-09 [6.94720502e-07]
0.990 4.00e-09 [6.24538225e-07]
1.010 4.00e-09 [8.59145458e-07]
1.030 4.00e-09 [9.83331264e-07]
1.050 4.00e-09 [5.71241621e-07]
1.070 4.00e-09 [5.1103566e-07]
1.090 4.00e-09 [4.96668653e-07]
1.110 4.00e-09 [4.7782151e-07]
1.130 4.00e-09 [4.7960311e-07]
1.150 4.00e-09 [4.75478977e-07]
1.170 4.00e-09 [4.73159702e-07]
1.190 4.00e-09 [4.70065342e-07]
1.210 4.00e-09 [4.68104255e-07]
1.230 4.00e-09 [4.54799796e-07]
1.250 4.00e-09 [4.21858845e-07]
1.270 4.00e-09 [3.89780153e-07]
1.290 4.00e-09 [3.54660864e-07]
1.310 4.00e-09 [3.0819301e-07]
1.330 4.00e-09 [2.57822885e-07]
1.350 4.00e-09 [2.18387206e-07]
1.370 4.00e-09 [1.87502078e-07]
1.390 4.00e-09 [1.48913852e-07]
1.410 4.00e-09 [1.21275738e-07]
1.430 4.00e-09 [1.02781928e-07]
1.450 4.00e-09 [8.4936977e-08]
1.470 4.00e-09 [6.46007958e-08]
1.490 4.00e-09 [5.72011241e-08]
0.220 8.00e-09 [6.61148609e-08]
0.250 8.00e-09 [1.02629104e-07]
0.270 8.00e-09 [1.28987558e-07]
0.290 8.00e-09 [1.75981236e-07]
0.310 8.00e-09 [1.95185442e-07]
0.330 8.00e-09 [2.36609624e-07]
0.350 8.00e-09 [2.82772945e-07]
0.370 8.00e-09 [3.42094989e-07]
0.390 8.00e-09 [4.09702204e-07]
0.410 8.00e-09 [4.96472809e-07]
0.430 8.00e-09 [6.06782346e-07]
0.450 8.00e-09 [7.27920035e-07]
0.470 8.00e-09 [8.96489432e-07]
0.490 8.00e-09 [1.09803818e-06]
0.510 8.00e-09 [1.39042839e-06]
0.530 8.00e-09 [1.77612587e-06]
0.550 8.00e-09 [2.32579388e-06]
0.570 8.00e-09 [3.005747e-06]
0.590 8.00e-09 [4.13645353e-06]
0.610 8.00e-09 [5.82532685e-06]
0.630 8.00e-09 [8.89860135e-06]
0.650 8.00e-09 [1.38502705e-05]
0.670 8.00e-09 [2.28537395e-05]
0.690 8.00e-09 [4.34463487e-05]
0.710 8.00e-09 [9.36810176e-05]
0.730 8.00e-09 [0.00024814]
0.750 8.00e-09 [0.00343334]
0.770 8.00e-09 [0.01090976]
0.790 8.00e-09 [0.00676198]
0.810 8.00e-09 [0.00023368]
0.830 8.00e-09 [0.00012903]
0.850 8.00e-09 [6.05639651e-05]
0.870 8.00e-09 [4.15403509e-05]
0.890 8.00e-09 [2.6656266e-05]
0.910 8.00e-09 [2.06014281e-05]
0.930 8.00e-09 [1.53319356e-05]
0.950 8.00e-09 [1.30213272e-05]
0.970 8.00e-09 [1.10361314e-05]
0.990 8.00e-09 [9.92190915e-06]
1.010 8.00e-09 [1.36415535e-05]
1.030 8.00e-09 [1.55423621e-05]
1.050 8.00e-09 [9.05130134e-06]
1.070 8.00e-09 [8.14360052e-06]
1.090 8.00e-09 [7.91516394e-06]
1.110 8.00e-09 [7.59999567e-06]
1.130 8.00e-09 [7.58644919e-06]
1.150 8.00e-09 [7.53722231e-06]
1.170 8.00e-09 [7.47524248e-06]
1.190 8.00e-09 [7.45620887e-06]
1.210 8.00e-09 [7.41575688e-06]
1.230 8.00e-09 [7.1967062e-06]
1.250 8.00e-09 [6.68838023e-06]
1.270 8.00e-09 [6.16438439e-06]
1.290 8.00e-09 [5.61255662e-06]
1.310 8.00e-09 [4.87945372e-06]
1.330 8.00e-09 [4.08907096e-06]
1.350 8.00e-09 [3.45693492e-06]
1.370 8.00e-09 [2.96655074e-06]
1.390 8.00e-09 [2.35705703e-06]
1.410 8.00e-09 [1.92092975e-06]
1.430 8.00e-09 [1.62387509e-06]
1.450 8.00e-09 [1.34304678e-06]
1.470 8.00e-09 [1.02015423e-06]
1.490 8.00e-09 [9.03254352e-07]
0.220 1.60e-08 [1.0137612e-06]
0.250 1.60e-08 [1.66487214e-06]
0.270 1.60e-08 [2.08725321e-06]
0.290 1.60e-08 [2.79142651e-06]
0.310 1.60e-08 [3.12296707e-06]
0.330 1.60e-08 [3.73317407e-06]
0.350 1.60e-08 [4.52436712e-06]
0.370 1.60e-08 [5.47351983e-06]
0.390 1.60e-08 [6.52431434e-06]
0.410 1.60e-08 [7.87736858e-06]
0.430 1.60e-08 [9.56574522e-06]
0.450 1.60e-08 [1.15690758e-05]
0.470 1.60e-08 [1.4258451e-05]
0.490 1.60e-08 [1.75213834e-05]
0.510 1.60e-08 [2.20879482e-05]
0.530 1.60e-08 [2.82373909e-05]
0.550 1.60e-08 [3.68655687e-05]
0.570 1.60e-08 [4.768577e-05]
0.590 1.60e-08 [6.57022735e-05]
0.610 1.60e-08 [9.20283958e-05]
0.630 1.60e-08 [0.00014059]
0.650 1.60e-08 [0.00021872]
0.670 1.60e-08 [0.00036102]
0.690 1.60e-08 [0.00068382]
0.710 1.60e-08 [0.00146962]
0.730 1.60e-08 [0.00387266]
0.750 1.60e-08 [0.05339555]
0.770 1.60e-08 [0.168827]
0.790 1.60e-08 [0.10462597]
0.810 1.60e-08 [0.00364818]
0.830 1.60e-08 [0.00201973]
0.850 1.60e-08 [0.00094909]
0.870 1.60e-08 [0.00065252]
0.890 1.60e-08 [0.00041936]
0.910 1.60e-08 [0.00032437]
0.930 1.60e-08 [0.00024107]
0.950 1.60e-08 [0.00020481]
0.970 1.60e-08 [0.00017393]
0.990 1.60e-08 [0.00015639]
1.010 1.60e-08 [0.00021357]
1.030 1.60e-08 [0.00024203]
1.050 1.60e-08 [0.00014206]
1.070 1.60e-08 [0.00012786]
1.090 1.60e-08 [0.00012425]
1.110 1.60e-08 [0.00011943]
1.130 1.60e-08 [0.00011912]
1.150 1.60e-08 [0.00011829]
1.170 1.60e-08 [0.00011732]
1.190 1.60e-08 [0.00011686]
1.210 1.60e-08 [0.00011619]
1.230 1.60e-08 [0.00011272]
1.250 1.60e-08 [0.00010464]
1.270 1.60e-08 [9.62509142e-05]
1.290 1.60e-08 [8.75682868e-05]
1.310 1.60e-08 [7.6083334e-05]
1.330 1.60e-08 [6.36513138e-05]
1.350 1.60e-08 [5.38039834e-05]
1.370 1.60e-08 [4.60585462e-05]
1.390 1.60e-08 [3.65880696e-05]
1.410 1.60e-08 [2.97451881e-05]
1.430 1.60e-08 [2.51311735e-05]
1.450 1.60e-08 [2.07332081e-05]
1.470 1.60e-08 [1.57302938e-05]
1.490 1.60e-08 [1.39077243e-05]
0.220 3.20e-08 [1.61320261e-05]
0.250 3.20e-08 [2.65467283e-05]
0.270 3.20e-08 [3.31146239e-05]
0.290 3.20e-08 [4.41773586e-05]
0.310 3.20e-08 [4.93630279e-05]
0.330 3.20e-08 [5.9204986e-05]
0.350 3.20e-08 [7.18381219e-05]
0.370 3.20e-08 [8.687757e-05]
0.390 3.20e-08 [0.00010315]
0.410 3.20e-08 [0.00012498]
0.430 3.20e-08 [0.00015148]
0.450 3.20e-08 [0.00018309]
0.470 3.20e-08 [0.00022523]
0.490 3.20e-08 [0.00027638]
0.510 3.20e-08 [0.00034769]
0.530 3.20e-08 [0.00044385]
0.550 3.20e-08 [0.00057846]
0.570 3.20e-08 [0.00074705]
0.590 3.20e-08 [0.00102699]
0.610 3.20e-08 [0.00143574]
0.630 3.20e-08 [0.00218273]
0.650 3.20e-08 [0.00337947]
0.670 3.20e-08 [0.0055364]
0.690 3.20e-08 [0.01038338]
0.710 3.20e-08 [0.02201764]
0.730 3.20e-08 [0.05707565]
0.750 3.20e-08 [0.77325125]
0.770 3.20e-08 [2.40039082]
0.790 3.20e-08 [1.48880615]
0.810 3.20e-08 [0.053572]
0.830 3.20e-08 [0.03004311]
0.850 3.20e-08 [0.01423546]
0.870 3.20e-08 [0.00984383]
0.890 3.20e-08 [0.00635513]
0.910 3.20e-08 [0.00492782]
0.930 3.20e-08 [0.0036703]
0.950 3.20e-08 [0.00311957]
0.970 3.20e-08 [0.00264782]
0.990 3.20e-08 [0.00237862]
1.010 3.20e-08 [0.0031687]
1.030 3.20e-08 [0.00352915]
1.050 3.20e-08 [0.00214029]
1.070 3.20e-08 [0.0019302]
1.090 3.20e-08 [0.00187365]
1.110 3.20e-08 [0.00179992]
1.130 3.20e-08 [0.00179238]
1.150 3.20e-08 [0.00177715]
1.170 3.20e-08 [0.00175985]
1.190 3.20e-08 [0.00174758]
1.210 3.20e-08 [0.00173189]
1.230 3.20e-08 [0.00167504]
1.250 3.20e-08 [0.00155056]
1.270 3.20e-08 [0.00142105]
1.290 3.20e-08 [0.00128797]
1.310 3.20e-08 [0.0011151]
1.330 3.20e-08 [0.0009289]
1.350 3.20e-08 [0.00078144]
1.370 3.20e-08 [0.00066536]
1.390 3.20e-08 [0.00052647]
1.410 3.20e-08 [0.00042508]
1.430 3.20e-08 [0.00035753]
1.450 3.20e-08 [0.0002926]
1.470 3.20e-08 [0.00022092]
1.490 3.20e-08 [0.00019383]
0.220 6.30e-08 [0.00024772]
0.250 6.30e-08 [0.00040663]
0.270 6.30e-08 [0.0005065]
0.290 6.30e-08 [0.00067363]
0.310 6.30e-08 [0.00075243]
0.330 6.30e-08 [0.00089957]
0.350 6.30e-08 [0.00108982]
0.370 6.30e-08 [0.00131399]
0.390 6.30e-08 [0.00155803]
0.410 6.30e-08 [0.0018807]
0.430 6.30e-08 [0.00227329]
0.450 6.30e-08 [0.00273864]
0.470 6.30e-08 [0.00335696]
0.490 6.30e-08 [0.0041033]
0.510 6.30e-08 [0.00513674]
0.530 6.30e-08 [0.00652111]
0.550 6.30e-08 [0.00844532]
0.570 6.30e-08 [0.01084036]
0.590 6.30e-08 [0.01475166]
0.610 6.30e-08 [0.02039667]
0.630 6.30e-08 [0.03050658]
0.650 6.30e-08 [0.04626011]
0.670 6.30e-08 [0.07374693]
0.690 6.30e-08 [0.13322816]
0.710 6.30e-08 [0.2680525]
0.730 6.30e-08 [0.65330742]
0.750 6.30e-08 [8.29747088]
0.770 6.30e-08 [24.09528646]
0.790 6.30e-08 [14.99189302]
0.810 6.30e-08 [0.60556758]
0.830 6.30e-08 [0.35616898]
0.850 6.30e-08 [0.1740956]
0.870 6.30e-08 [0.12300993]
0.890 6.30e-08 [0.08077364]
0.910 6.30e-08 [0.06324317]
0.930 6.30e-08 [0.04749559]
0.950 6.30e-08 [0.04044472]
0.970 6.30e-08 [0.03428136]
0.990 6.30e-08 [0.03072182]
1.010 6.30e-08 [0.03724953]
1.030 6.30e-08 [0.03888988]
1.050 6.30e-08 [0.0266282]
1.070 6.30e-08 [0.0241791]
1.090 6.30e-08 [0.02339328]
1.110 6.30e-08 [0.02243103]
1.130 6.30e-08 [0.0221954]
1.150 6.30e-08 [0.02187289]
1.170 6.30e-08 [0.02154431]
1.190 6.30e-08 [0.02115386]
1.210 6.30e-08 [0.02072726]
1.230 6.30e-08 [0.01981921]
1.250 6.30e-08 [0.01815219]
1.270 6.30e-08 [0.01641659]
1.290 6.30e-08 [0.01466301]
1.310 6.30e-08 [0.01252358]
1.330 6.30e-08 [0.01027488]
1.350 6.30e-08 [0.00850013]
1.370 6.30e-08 [0.00709187]
1.390 6.30e-08 [0.00553275]
1.410 6.30e-08 [0.00436036]
1.430 6.30e-08 [0.00361113]
1.450 6.30e-08 [0.00287247]
1.470 6.30e-08 [0.00213339]
1.490 6.30e-08 [0.00182316]
0.220 1.26e-07 [0.00387055]
0.250 1.26e-07 [0.00628823]
0.270 1.26e-07 [0.00778108]
0.290 1.26e-07 [0.01024071]
0.310 1.26e-07 [0.01139545]
0.330 1.26e-07 [0.01352244]
0.350 1.26e-07 [0.01622924]
0.370 1.26e-07 [0.0193826]
0.390 1.26e-07 [0.0227636]
0.410 1.26e-07 [0.02716828]
0.430 1.26e-07 [0.03244148]
0.450 1.26e-07 [0.03858653]
0.470 1.26e-07 [0.0466374]
0.490 1.26e-07 [0.05612828]
0.510 1.26e-07 [0.06903519]
0.530 1.26e-07 [0.08575827]
0.550 1.26e-07 [0.10831445]
0.570 1.26e-07 [0.13590814]
0.590 1.26e-07 [0.17808187]
0.610 1.26e-07 [0.23624299]
0.630 1.26e-07 [0.33253374]
0.650 1.26e-07 [0.46789192]
0.670 1.26e-07 [0.67742419]
0.690 1.26e-07 [1.0774988]
0.710 1.26e-07 [1.82807445]
0.730 1.26e-07 [3.69069497]
0.750 1.26e-07 [39.15643272]
0.770 1.26e-07 [94.88688405]
0.790 1.26e-07 [59.68958611]
0.810 1.26e-07 [3.30427159]
0.830 1.26e-07 [2.25080146]
0.850 1.26e-07 [1.20995467]
0.870 1.26e-07 [0.91469106]
0.890 1.26e-07 [0.63557781]
0.910 1.26e-07 [0.51381476]
0.930 1.26e-07 [0.39689342]
0.950 1.26e-07 [0.34035744]
0.970 1.26e-07 [0.28678365]
0.990 1.26e-07 [0.25537406]
1.010 1.26e-07 [0.23050419]
1.030 1.26e-07 [0.20043271]
1.050 1.26e-07 [0.19610463]
1.070 1.26e-07 [0.18205633]
1.090 1.26e-07 [0.17425862]
1.110 1.26e-07 [0.16625129]
1.130 1.26e-07 [0.161174]
1.150 1.26e-07 [0.15600655]
1.170 1.26e-07 [0.15111586]
1.190 1.26e-07 [0.14347151]
1.210 1.26e-07 [0.13598465]
1.230 1.26e-07 [0.12585466]
1.250 1.26e-07 [0.11177353]
1.270 1.26e-07 [0.09771375]
1.290 1.26e-07 [0.0832859]
1.310 1.26e-07 [0.06874678]
1.330 1.26e-07 [0.05410566]
1.350 1.26e-07 [0.04286858]
1.370 1.26e-07 [0.03395642]
1.390 1.26e-07 [0.02556054]
1.410 1.26e-07 [0.01898358]
1.430 1.26e-07 [0.01517338]
1.450 1.26e-07 [0.01134142]
1.470 1.26e-07 [0.0081425]
1.490 1.26e-07 [0.00655664]
0.220 2.51e-07 [0.05679021]
0.250 2.51e-07 [0.08836506]
0.270 2.51e-07 [0.10665828]
0.290 2.51e-07 [0.13486587]
0.310 2.51e-07 [0.14786624]
0.330 2.51e-07 [0.1704365]
0.350 2.51e-07 [0.1975806]
0.370 2.51e-07 [0.2275748]
0.390 2.51e-07 [0.25794147]
0.410 2.51e-07 [0.29535171]
0.430 2.51e-07 [0.33714684]
0.450 2.51e-07 [0.38298574]
0.470 2.51e-07 [0.43991365]
0.490 2.51e-07 [0.50173448]
0.510 2.51e-07 [0.5799482]
0.530 2.51e-07 [0.6696082]
0.550 2.51e-07 [0.77876821]
0.570 2.51e-07 [0.90954009]
0.590 2.51e-07 [1.05790915]
0.610 2.51e-07 [1.2480423]
0.630 2.51e-07 [1.47632094]
0.650 2.51e-07 [1.72082875]
0.670 2.51e-07 [1.98081393]
0.690 2.51e-07 [2.46075604]
0.710 2.51e-07 [3.06483137]
0.730 2.51e-07 [4.62978166]
0.750 2.51e-07 [38.81979099]
0.770 2.51e-07 [70.60648055]
0.790 2.51e-07 [46.55736913]
0.810 2.51e-07 [3.9429266]
0.830 2.51e-07 [3.47714787]
0.850 2.51e-07 [2.16813329]
0.870 2.51e-07 [1.81876344]
0.890 2.51e-07 [1.41424927]
0.910 2.51e-07 [1.2142966]
0.930 2.51e-07 [0.99315881]
0.950 2.51e-07 [0.86970466]
0.970 2.51e-07 [0.71886477]
0.990 2.51e-07 [0.63840677]
1.010 2.51e-07 [0.3522382]
1.030 2.51e-07 [0.23193978]
1.050 2.51e-07 [0.39859681]
1.070 2.51e-07 [0.38407721]
1.090 2.51e-07 [0.36190646]
1.110 2.51e-07 [0.34317982]
1.130 2.51e-07 [0.31960877]
1.150 2.51e-07 [0.30309294]
1.170 2.51e-07 [0.28353907]
1.190 2.51e-07 [0.25806815]
1.210 2.51e-07 [0.23227829]
1.230 2.51e-07 [0.20457949]
1.250 2.51e-07 [0.17513988]
1.270 2.51e-07 [0.14700212]
1.290 2.51e-07 [0.11610785]
1.310 2.51e-07 [0.09065254]
1.330 2.51e-07 [0.06830223]
1.350 2.51e-07 [0.0501358]
1.370 2.51e-07 [0.03707327]
1.390 2.51e-07 [0.0262955]
1.410 2.51e-07 [0.01757467]
1.430 2.51e-07 [0.01355858]
1.450 2.51e-07 [0.00919421]
1.470 2.51e-07 [0.00619938]
1.490 2.51e-07 [0.00446859]
0.220 5.01e-07 [0.67559378]
0.250 5.01e-07 [0.89558513]
0.270 5.01e-07 [0.98804304]
0.290 5.01e-07 [1.08515204]
0.310 5.01e-07 [1.132613]
0.330 5.01e-07 [1.18580025]
0.350 5.01e-07 [1.2288041]
0.370 5.01e-07 [1.2627867]
0.390 5.01e-07 [1.28993272]
0.410 5.01e-07 [1.31274295]
0.430 5.01e-07 [1.3276116]
0.450 5.01e-07 [1.34652474]
0.470 5.01e-07 [1.36372178]
0.490 5.01e-07 [1.38489658]
0.510 5.01e-07 [1.39287961]
0.530 5.01e-07 [1.40897484]
0.550 5.01e-07 [1.41260865]
0.570 5.01e-07 [1.46779157]
0.590 5.01e-07 [1.41854467]
0.610 5.01e-07 [1.44797047]
0.630 5.01e-07 [1.30500173]
0.650 5.01e-07 [1.18691325]
0.670 5.01e-07 [0.95714598]
0.690 5.01e-07 [0.80945691]
0.710 5.01e-07 [0.54218003]
0.730 5.01e-07 [0.38688315]
0.750 5.01e-07 [1.58325236]
0.770 5.01e-07 [1.23500312]
0.790 5.01e-07 [0.84903083]
0.810 5.01e-07 [0.28504841]
0.830 5.01e-07 [0.45343362]
0.850 5.01e-07 [0.4096142]
0.870 5.01e-07 [0.43605124]
0.890 5.01e-07 [0.41343015]
0.910 5.01e-07 [0.40287846]
0.930 5.01e-07 [0.3600635]
0.950 5.01e-07 [0.32508076]
0.970 5.01e-07 [0.26862137]
0.990 5.01e-07 [0.22876197]
1.010 5.01e-07 [0.04166643]
1.030 5.01e-07 [0.01168188]
1.050 5.01e-07 [0.09371251]
1.070 5.01e-07 [0.09943547]
1.090 5.01e-07 [0.08972616]
1.110 5.01e-07 [0.08493335]
1.130 5.01e-07 [0.06942419]
1.150 5.01e-07 [0.06204871]
1.170 5.01e-07 [0.05350768]
1.190 5.01e-07 [0.04317709]
1.210 5.01e-07 [0.03352849]
1.230 5.01e-07 [0.02526312]
1.250 5.01e-07 [0.01945272]
1.270 5.01e-07 [0.01371389]
1.290 5.01e-07 [0.00909052]
1.310 5.01e-07 [0.00582201]
1.330 5.01e-07 [0.00384238]
1.350 5.01e-07 [0.00214326]
1.370 5.01e-07 [0.00126062]
1.390 5.01e-07 [0.00067175]
1.410 5.01e-07 [0.00032855]
1.430 5.01e-07 [0.00021167]
1.450 5.01e-07 [9.62060747e-05]
1.470 5.01e-07 [4.92639108e-05]
1.490 5.01e-07 [2.34600316e-05]
0.220 1.00e-06 [3.8381915]
0.250 1.00e-06 [3.20038884]
0.270 1.00e-06 [2.8301226]
0.290 1.00e-06 [2.27040447]
0.310 1.00e-06 [2.17861977]
0.330 1.00e-06 [1.92933377]
0.350 1.00e-06 [1.66517056]
0.370 1.00e-06 [1.42740499]
0.390 1.00e-06 [1.28804962]
0.410 1.00e-06 [1.10051473]
0.430 1.00e-06 [0.95520815]
0.450 1.00e-06 [0.86076544]
0.470 1.00e-06 [0.71955951]
0.490 1.00e-06 [0.62502576]
0.510 1.00e-06 [0.49678848]
0.530 1.00e-06 [0.40992947]
0.550 1.00e-06 [0.31730164]
0.570 1.00e-06 [0.24910382]
0.590 1.00e-06 [0.15857407]
0.610 1.00e-06 [0.09791624]
0.630 1.00e-06 [0.043632]
0.650 1.00e-06 [0.01502851]
0.670 1.00e-06 [0.00402355]
0.690 1.00e-06 [0.]
0.710 1.00e-06 [0.]
0.730 1.00e-06 [0.]
0.750 1.00e-06 [0.]
0.770 1.00e-06 [0.]
0.790 1.00e-06 [0.]
0.810 1.00e-06 [0.]
0.830 1.00e-06 [0.]
0.850 1.00e-06 [0.]
0.870 1.00e-06 [0.]
0.890 1.00e-06 [0.]
0.910 1.00e-06 [0.]
0.930 1.00e-06 [0.]
0.950 1.00e-06 [0.00049263]
0.970 1.00e-06 [0.00041352]
0.990 1.00e-06 [0.]
1.010 1.00e-06 [0.]
1.030 1.00e-06 [0.]
1.050 1.00e-06 [0.]
1.070 1.00e-06 [0.]
1.090 1.00e-06 [0.]
1.110 1.00e-06 [0.]
1.130 1.00e-06 [0.]
1.150 1.00e-06 [0.]
1.170 1.00e-06 [0.]
1.190 1.00e-06 [0.]
1.210 1.00e-06 [0.]
1.230 1.00e-06 [0.]
1.250 1.00e-06 [0.]
1.270 1.00e-06 [0.]
1.290 1.00e-06 [0.]
1.310 1.00e-06 [0.]
1.330 1.00e-06 [0.]
1.350 1.00e-06 [0.]
1.370 1.00e-06 [0.]
1.390 1.00e-06 [0.]
1.410 1.00e-06 [0.]
1.430 1.00e-06 [0.]
1.450 1.00e-06 [0.]
1.470 1.00e-06 [0.]
1.490 1.00e-06 [0.]
0.220 1.99e-06 [4.45485764]
0.250 1.99e-06 [1.99552856]
0.270 1.99e-06 [1.32645848]
0.290 1.99e-06 [0.69701334]
0.310 1.99e-06 [0.57127714]
0.330 1.99e-06 [0.37807457]
0.350 1.99e-06 [0.22817679]
0.370 1.99e-06 [0.1330767]
0.390 1.99e-06 [0.08028136]
0.410 1.99e-06 [0.04065155]
0.430 1.99e-06 [0.02108693]
0.450 1.99e-06 [0.01146785]
0.470 1.99e-06 [0.0046459]
0.490 1.99e-06 [0.00220273]
0.510 1.99e-06 [0.0008235]
0.530 1.99e-06 [0.]
0.550 1.99e-06 [0.]
0.570 1.99e-06 [0.]
0.590 1.99e-06 [0.]
0.610 1.99e-06 [0.]
0.630 1.99e-06 [0.]
0.650 1.99e-06 [0.]
0.670 1.99e-06 [0.]
0.690 1.99e-06 [0.]
0.710 1.99e-06 [0.]
0.730 1.99e-06 [0.]
0.750 1.99e-06 [0.]
0.770 1.99e-06 [0.]
0.790 1.99e-06 [0.]
0.810 1.99e-06 [0.]
0.830 1.99e-06 [0.]
0.850 1.99e-06 [0.]
0.870 1.99e-06 [0.]
0.890 1.99e-06 [0.]
0.910 1.99e-06 [0.]
0.930 1.99e-06 [0.]
0.950 1.99e-06 [0.]
0.970 1.99e-06 [0.]
0.990 1.99e-06 [0.]
1.010 1.99e-06 [0.]
1.030 1.99e-06 [0.]
1.050 1.99e-06 [0.]
1.070 1.99e-06 [0.]
1.090 1.99e-06 [0.]
1.110 1.99e-06 [0.]
1.130 1.99e-06 [0.]
1.150 1.99e-06 [0.]
1.170 1.99e-06 [0.]
1.190 1.99e-06 [0.]
1.210 1.99e-06 [0.]
1.230 1.99e-06 [0.]
1.250 1.99e-06 [0.]
1.270 1.99e-06 [0.]
1.290 1.99e-06 [0.]
1.310 1.99e-06 [0.]
1.330 1.99e-06 [0.]
1.350 1.99e-06 [0.]
1.370 1.99e-06 [0.]
1.390 1.99e-06 [0.]
1.410 1.99e-06 [0.]
1.430 1.99e-06 [0.]
1.450 1.99e-06 [0.]
1.470 1.99e-06 [0.]
1.490 1.99e-06 [0.]
0.220 3.98e-06 [0.48706894]
0.250 3.98e-06 [0.03670927]
0.270 3.98e-06 [0.00871126]
0.290 3.98e-06 [0.0015027]
0.310 3.98e-06 [0.]
0.330 3.98e-06 [0.]
0.350 3.98e-06 [0.]
0.370 3.98e-06 [0.]
0.390 3.98e-06 [0.]
0.410 3.98e-06 [0.]
0.430 3.98e-06 [0.]
0.450 3.98e-06 [0.]
0.470 3.98e-06 [0.]
0.490 3.98e-06 [0.]
0.510 3.98e-06 [0.]
0.530 3.98e-06 [0.]
0.550 3.98e-06 [0.]
0.570 3.98e-06 [0.]
0.590 3.98e-06 [0.]
0.610 3.98e-06 [0.]
0.630 3.98e-06 [0.]
0.650 3.98e-06 [0.]
0.670 3.98e-06 [0.]
0.690 3.98e-06 [0.]
0.710 3.98e-06 [0.]
0.730 3.98e-06 [0.]
0.750 3.98e-06 [0.]
0.770 3.98e-06 [0.]
0.790 3.98e-06 [0.]
0.810 3.98e-06 [0.]
0.830 3.98e-06 [0.]
0.850 3.98e-06 [0.]
0.870 3.98e-06 [0.]
0.890 3.98e-06 [0.]
0.910 3.98e-06 [0.]
0.930 3.98e-06 [0.]
0.950 3.98e-06 [0.]
0.970 3.98e-06 [0.]
0.990 3.98e-06 [0.]
1.010 3.98e-06 [0.]
1.030 3.98e-06 [0.]
1.050 3.98e-06 [0.]
1.070 3.98e-06 [0.]
1.090 3.98e-06 [0.]
1.110 3.98e-06 [0.]
1.130 3.98e-06 [0.]
1.150 3.98e-06 [0.]
1.170 3.98e-06 [0.]
1.190 3.98e-06 [0.]
1.210 3.98e-06 [0.]
1.230 3.98e-06 [0.]
1.250 3.98e-06 [0.]
1.270 3.98e-06 [0.]
1.290 3.98e-06 [0.]
1.310 3.98e-06 [0.]
1.330 3.98e-06 [0.]
1.350 3.98e-06 [0.]
1.370 3.98e-06 [0.]
1.390 3.98e-06 [0.]
1.410 3.98e-06 [0.]
1.430 3.98e-06 [0.]
1.450 3.98e-06 [0.]
1.470 3.98e-06 [0.]
1.490 3.98e-06 [0.]
0.220 7.94e-06 [0.]
0.250 7.94e-06 [0.]
0.270 7.94e-06 [0.]
0.290 7.94e-06 [0.]
0.310 7.94e-06 [0.]
0.330 7.94e-06 [0.]
0.350 7.94e-06 [0.]
0.370 7.94e-06 [0.]
0.390 7.94e-06 [0.]
0.410 7.94e-06 [0.]
0.430 7.94e-06 [0.]
0.450 7.94e-06 [0.]
0.470 7.94e-06 [0.]
0.490 7.94e-06 [0.]
0.510 7.94e-06 [0.]
0.530 7.94e-06 [0.]
0.550 7.94e-06 [0.]
0.570 7.94e-06 [0.]
0.590 7.94e-06 [0.]
0.610 7.94e-06 [0.]
0.630 7.94e-06 [0.]
0.650 7.94e-06 [0.]
0.670 7.94e-06 [0.]
0.690 7.94e-06 [0.]
0.710 7.94e-06 [0.]
0.730 7.94e-06 [0.]
0.750 7.94e-06 [0.]
0.770 7.94e-06 [0.]
0.790 7.94e-06 [0.]
0.810 7.94e-06 [0.]
0.830 7.94e-06 [0.]
0.850 7.94e-06 [0.]
0.870 7.94e-06 [0.]
0.890 7.94e-06 [0.]
0.910 7.94e-06 [0.]
0.930 7.94e-06 [0.]
0.950 7.94e-06 [0.]
0.970 7.94e-06 [0.]
0.990 7.94e-06 [0.]
1.010 7.94e-06 [0.]
1.030 7.94e-06 [0.]
1.050 7.94e-06 [0.]
1.070 7.94e-06 [0.]
1.090 7.94e-06 [0.]
1.110 7.94e-06 [0.]
1.130 7.94e-06 [0.]
1.150 7.94e-06 [0.]
1.170 7.94e-06 [0.]
1.190 7.94e-06 [0.]
1.210 7.94e-06 [0.]
1.230 7.94e-06 [0.]
1.250 7.94e-06 [0.]
1.270 7.94e-06 [0.]
1.290 7.94e-06 [0.]
1.310 7.94e-06 [0.]
1.330 7.94e-06 [0.]
1.350 7.94e-06 [0.]
1.370 7.94e-06 [0.]
1.390 7.94e-06 [0.]
1.410 7.94e-06 [0.]
1.430 7.94e-06 [0.]
1.450 7.94e-06 [0.]
1.470 7.94e-06 [0.]
1.490 7.94e-06 [0.]
0.220 1.58e-05 [0.]
0.250 1.58e-05 [0.]
0.270 1.58e-05 [0.]
0.290 1.58e-05 [0.]
0.310 1.58e-05 [0.]
0.330 1.58e-05 [0.]
0.350 1.58e-05 [0.]
0.370 1.58e-05 [0.]
0.390 1.58e-05 [0.]
0.410 1.58e-05 [0.]
0.430 1.58e-05 [0.]
0.450 1.58e-05 [0.]
0.470 1.58e-05 [0.]
0.490 1.58e-05 [0.]
0.510 1.58e-05 [0.]
0.530 1.58e-05 [0.]
0.550 1.58e-05 [0.]
0.570 1.58e-05 [0.]
0.590 1.58e-05 [0.]
0.610 1.58e-05 [0.]
0.630 1.58e-05 [0.]
0.650 1.58e-05 [0.]
0.670 1.58e-05 [0.]
0.690 1.58e-05 [0.]
0.710 1.58e-05 [0.]
0.730 1.58e-05 [0.]
0.750 1.58e-05 [0.]
0.770 1.58e-05 [0.]
0.790 1.58e-05 [0.]
0.810 1.58e-05 [0.]
0.830 1.58e-05 [0.]
0.850 1.58e-05 [0.]
0.870 1.58e-05 [0.]
0.890 1.58e-05 [0.]
0.910 1.58e-05 [0.]
0.930 1.58e-05 [0.]
0.950 1.58e-05 [0.]
0.970 1.58e-05 [0.]
0.990 1.58e-05 [0.]
1.010 1.58e-05 [0.]
1.030 1.58e-05 [0.]
1.050 1.58e-05 [0.]
1.070 1.58e-05 [0.]
1.090 1.58e-05 [0.]
1.110 1.58e-05 [0.]
1.130 1.58e-05 [0.]
1.150 1.58e-05 [0.]
1.170 1.58e-05 [0.]
1.190 1.58e-05 [0.]
1.210 1.58e-05 [0.]
1.230 1.58e-05 [0.]
1.250 1.58e-05 [0.]
1.270 1.58e-05 [0.]
1.290 1.58e-05 [0.]
1.310 1.58e-05 [0.]
1.330 1.58e-05 [0.]
1.350 1.58e-05 [0.]
1.370 1.58e-05 [0.]
1.390 1.58e-05 [0.]
1.410 1.58e-05 [0.]
1.430 1.58e-05 [0.]
1.450 1.58e-05 [0.]
1.470 1.58e-05 [0.]
1.490 1.58e-05 [0.]
0.220 3.16e-05 [0.]
0.250 3.16e-05 [0.]
0.270 3.16e-05 [0.]
0.290 3.16e-05 [0.]
0.310 3.16e-05 [0.]
0.330 3.16e-05 [0.]
0.350 3.16e-05 [0.]
0.370 3.16e-05 [0.]
0.390 3.16e-05 [0.]
0.410 3.16e-05 [0.]
0.430 3.16e-05 [0.]
0.450 3.16e-05 [0.]
0.470 3.16e-05 [0.]
0.490 3.16e-05 [0.]
0.510 3.16e-05 [0.]
0.530 3.16e-05 [0.]
0.550 3.16e-05 [0.]
0.570 3.16e-05 [0.]
0.590 3.16e-05 [0.]
0.610 3.16e-05 [0.]
0.630 3.16e-05 [0.]
0.650 3.16e-05 [0.]
0.670 3.16e-05 [0.]
0.690 3.16e-05 [0.]
0.710 3.16e-05 [0.]
0.730 3.16e-05 [0.]
0.750 3.16e-05 [0.]
0.770 3.16e-05 [0.]
0.790 3.16e-05 [0.]
0.810 3.16e-05 [0.]
0.830 3.16e-05 [0.]
0.850 3.16e-05 [0.]
0.870 3.16e-05 [0.]
0.890 3.16e-05 [0.]
0.910 3.16e-05 [0.]
0.930 3.16e-05 [0.]
0.950 3.16e-05 [0.]
0.970 3.16e-05 [0.]
0.990 3.16e-05 [0.]
1.010 3.16e-05 [0.]
1.030 3.16e-05 [0.]
1.050 3.16e-05 [0.]
1.070 3.16e-05 [0.]
1.090 3.16e-05 [0.]
1.110 3.16e-05 [0.]
1.130 3.16e-05 [0.]
1.150 3.16e-05 [0.]
1.170 3.16e-05 [0.]
1.190 3.16e-05 [0.]
1.210 3.16e-05 [0.]
1.230 3.16e-05 [0.]
1.250 3.16e-05 [0.]
1.270 3.16e-05 [0.]
1.290 3.16e-05 [0.]
1.310 3.16e-05 [0.]
1.330 3.16e-05 [0.]
1.350 3.16e-05 [0.]
1.370 3.16e-05 [0.]
1.390 3.16e-05 [0.]
1.410 3.16e-05 [0.]
1.430 3.16e-05 [0.]
1.450 3.16e-05 [0.]
1.470 3.16e-05 [0.]
1.490 3.16e-05 [0.]
0.220 6.31e-05 [0.]
0.250 6.31e-05 [0.]
0.270 6.31e-05 [0.]
0.290 6.31e-05 [0.]
0.310 6.31e-05 [0.]
0.330 6.31e-05 [0.]
0.350 6.31e-05 [0.]
0.370 6.31e-05 [0.]
0.390 6.31e-05 [0.]
0.410 6.31e-05 [0.]
0.430 6.31e-05 [0.]
0.450 6.31e-05 [0.]
0.470 6.31e-05 [0.]
0.490 6.31e-05 [0.]
0.510 6.31e-05 [0.]
0.530 6.31e-05 [0.]
0.550 6.31e-05 [0.]
0.570 6.31e-05 [0.]
0.590 6.31e-05 [0.]
0.610 6.31e-05 [0.]
0.630 6.31e-05 [0.]
0.650 6.31e-05 [0.]
0.670 6.31e-05 [0.]
0.690 6.31e-05 [0.]
0.710 6.31e-05 [0.]
0.730 6.31e-05 [0.]
0.750 6.31e-05 [0.]
0.770 6.31e-05 [0.]
0.790 6.31e-05 [0.]
0.810 6.31e-05 [0.]
0.830 6.31e-05 [0.]
0.850 6.31e-05 [0.]
0.870 6.31e-05 [0.]
0.890 6.31e-05 [0.]
0.910 6.31e-05 [0.]
0.930 6.31e-05 [0.]
0.950 6.31e-05 [0.]
0.970 6.31e-05 [0.]
0.990 6.31e-05 [0.]
1.010 6.31e-05 [0.]
1.030 6.31e-05 [0.]
1.050 6.31e-05 [0.]
1.070 6.31e-05 [0.]
1.090 6.31e-05 [0.]
1.110 6.31e-05 [0.]
1.130 6.31e-05 [0.]
1.150 6.31e-05 [0.]
1.170 6.31e-05 [0.]
1.190 6.31e-05 [0.]
1.210 6.31e-05 [0.]
1.230 6.31e-05 [0.]
1.250 6.31e-05 [0.]
1.270 6.31e-05 [0.]
1.290 6.31e-05 [0.]
1.310 6.31e-05 [0.]
1.330 6.31e-05 [0.]
1.350 6.31e-05 [0.]
1.370 6.31e-05 [0.]
1.390 6.31e-05 [0.]
1.410 6.31e-05 [0.]
1.430 6.31e-05 [0.]
1.450 6.31e-05 [0.]
1.470 6.31e-05 [0.]
1.490 6.31e-05 [0.]
0.220 1.26e-04 [0.]
0.250 1.26e-04 [0.]
0.270 1.26e-04 [0.]
0.290 1.26e-04 [0.]
0.310 1.26e-04 [0.]
0.330 1.26e-04 [0.]
0.350 1.26e-04 [0.]
0.370 1.26e-04 [0.]
0.390 1.26e-04 [0.]
0.410 1.26e-04 [0.]
0.430 1.26e-04 [0.]
0.450 1.26e-04 [0.]
0.470 1.26e-04 [0.]
0.490 1.26e-04 [0.]
0.510 1.26e-04 [0.]
0.530 1.26e-04 [0.]
0.550 1.26e-04 [0.]
0.570 1.26e-04 [0.]
0.590 1.26e-04 [0.]
0.610 1.26e-04 [0.]
0.630 1.26e-04 [0.]
0.650 1.26e-04 [0.]
0.670 1.26e-04 [0.]
0.690 1.26e-04 [0.]
0.710 1.26e-04 [0.]
0.730 1.26e-04 [0.]
0.750 1.26e-04 [0.]
0.770 1.26e-04 [0.]
0.790 1.26e-04 [0.]
0.810 1.26e-04 [0.]
0.830 1.26e-04 [0.]
0.850 1.26e-04 [0.]
0.870 1.26e-04 [0.]
0.890 1.26e-04 [0.]
0.910 1.26e-04 [0.]
0.930 1.26e-04 [0.]
0.950 1.26e-04 [0.]
0.970 1.26e-04 [0.]
0.990 1.26e-04 [0.]
1.010 1.26e-04 [0.]
1.030 1.26e-04 [0.]
1.050 1.26e-04 [0.]
1.070 1.26e-04 [0.]
1.090 1.26e-04 [0.]
1.110 1.26e-04 [0.]
1.130 1.26e-04 [0.]
1.150 1.26e-04 [0.]
1.170 1.26e-04 [0.]
1.190 1.26e-04 [0.]
1.210 1.26e-04 [0.]
1.230 1.26e-04 [0.]
1.250 1.26e-04 [0.]
1.270 1.26e-04 [0.]
1.290 1.26e-04 [0.]
1.310 1.26e-04 [0.]
1.330 1.26e-04 [0.]
1.350 1.26e-04 [0.]
1.370 1.26e-04 [0.]
1.390 1.26e-04 [0.]
1.410 1.26e-04 [0.]
1.430 1.26e-04 [0.]
1.450 1.26e-04 [0.]
1.470 1.26e-04 [0.]
1.490 1.26e-04 [0.]
0.220 2.51e-04 [0.]
0.250 2.51e-04 [0.]
0.270 2.51e-04 [0.]
0.290 2.51e-04 [0.]
0.310 2.51e-04 [0.]
0.330 2.51e-04 [0.]
0.350 2.51e-04 [0.]
0.370 2.51e-04 [0.]
0.390 2.51e-04 [0.]
0.410 2.51e-04 [0.]
0.430 2.51e-04 [0.]
0.450 2.51e-04 [0.]
0.470 2.51e-04 [0.]
0.490 2.51e-04 [0.]
0.510 2.51e-04 [0.]
0.530 2.51e-04 [0.]
0.550 2.51e-04 [0.]
0.570 2.51e-04 [0.]
0.590 2.51e-04 [0.]
0.610 2.51e-04 [0.]
0.630 2.51e-04 [0.]
0.650 2.51e-04 [0.]
0.670 2.51e-04 [0.]
0.690 2.51e-04 [0.]
0.710 2.51e-04 [0.]
0.730 2.51e-04 [0.]
0.750 2.51e-04 [0.]
0.770 2.51e-04 [0.]
0.790 2.51e-04 [0.]
0.810 2.51e-04 [0.]
0.830 2.51e-04 [0.]
0.850 2.51e-04 [0.]
0.870 2.51e-04 [0.]
0.890 2.51e-04 [0.]
0.910 2.51e-04 [0.]
0.930 2.51e-04 [0.]
0.950 2.51e-04 [0.]
0.970 2.51e-04 [0.]
0.990 2.51e-04 [0.]
1.010 2.51e-04 [0.]
1.030 2.51e-04 [0.]
1.050 2.51e-04 [0.]
1.070 2.51e-04 [0.]
1.090 2.51e-04 [0.]
1.110 2.51e-04 [0.]
1.130 2.51e-04 [0.]
1.150 2.51e-04 [0.]
1.170 2.51e-04 [0.]
1.190 2.51e-04 [0.]
1.210 2.51e-04 [0.]
1.230 2.51e-04 [0.]
1.250 2.51e-04 [0.]
1.270 2.51e-04 [0.]
1.290 2.51e-04 [0.]
1.310 2.51e-04 [0.]
1.330 2.51e-04 [0.]
1.350 2.51e-04 [0.]
1.370 2.51e-04 [0.]
1.390 2.51e-04 [0.]
1.410 2.51e-04 [0.]
1.430 2.51e-04 [0.]
1.450 2.51e-04 [0.]
1.470 2.51e-04 [0.]
1.490 2.51e-04 [0.]
0.220 5.01e-04 [0.]
0.250 5.01e-04 [0.]
0.270 5.01e-04 [0.]
0.290 5.01e-04 [0.]
0.310 5.01e-04 [0.]
0.330 5.01e-04 [0.]
0.350 5.01e-04 [0.]
0.370 5.01e-04 [0.]
0.390 5.01e-04 [0.]
0.410 5.01e-04 [0.]
0.430 5.01e-04 [0.]
0.450 5.01e-04 [0.]
0.470 5.01e-04 [0.]
0.490 5.01e-04 [0.]
0.510 5.01e-04 [0.]
0.530 5.01e-04 [0.]
0.550 5.01e-04 [0.]
0.570 5.01e-04 [0.]
0.590 5.01e-04 [0.]
0.610 5.01e-04 [0.]
0.630 5.01e-04 [0.]
0.650 5.01e-04 [0.]
0.670 5.01e-04 [0.]
0.690 5.01e-04 [0.]
0.710 5.01e-04 [0.]
0.730 5.01e-04 [0.]
0.750 5.01e-04 [0.]
0.770 5.01e-04 [0.]
0.790 5.01e-04 [0.]
0.810 5.01e-04 [0.]
0.830 5.01e-04 [0.]
0.850 5.01e-04 [0.]
0.870 5.01e-04 [0.]
0.890 5.01e-04 [0.]
0.910 5.01e-04 [0.]
0.930 5.01e-04 [0.]
0.950 5.01e-04 [0.]
0.970 5.01e-04 [0.]
0.990 5.01e-04 [0.]
1.010 5.01e-04 [0.]
1.030 5.01e-04 [0.]
1.050 5.01e-04 [0.]
1.070 5.01e-04 [0.]
1.090 5.01e-04 [0.]
1.110 5.01e-04 [0.]
1.130 5.01e-04 [0.]
1.150 5.01e-04 [0.]
1.170 5.01e-04 [0.]
1.190 5.01e-04 [0.]
1.210 5.01e-04 [0.]
1.230 5.01e-04 [0.]
1.250 5.01e-04 [0.]
1.270 5.01e-04 [0.]
1.290 5.01e-04 [0.]
1.310 5.01e-04 [0.]
1.330 5.01e-04 [0.]
1.350 5.01e-04 [0.]
1.370 5.01e-04 [0.]
1.390 5.01e-04 [0.]
1.410 5.01e-04 [0.]
1.430 5.01e-04 [0.]
1.450 5.01e-04 [0.]
1.470 5.01e-04 [0.]
1.490 5.01e-04 [0.]
0.220 1.00e-03 [0.]
0.250 1.00e-03 [0.]
0.270 1.00e-03 [0.]
0.290 1.00e-03 [0.]
0.310 1.00e-03 [0.]
0.330 1.00e-03 [0.]
0.350 1.00e-03 [0.]
0.370 1.00e-03 [0.]
0.390 1.00e-03 [0.]
0.410 1.00e-03 [0.]
0.430 1.00e-03 [0.]
0.450 1.00e-03 [0.]
0.470 1.00e-03 [0.]
0.490 1.00e-03 [0.]
0.510 1.00e-03 [0.]
0.530 1.00e-03 [0.]
0.550 1.00e-03 [0.]
0.570 1.00e-03 [0.]
0.590 1.00e-03 [0.]
0.610 1.00e-03 [0.]
0.630 1.00e-03 [0.]
0.650 1.00e-03 [0.]
0.670 1.00e-03 [0.]
0.690 1.00e-03 [0.]
0.710 1.00e-03 [0.]
0.730 1.00e-03 [0.]
0.750 1.00e-03 [0.]
0.770 1.00e-03 [0.]
0.790 1.00e-03 [0.]
0.810 1.00e-03 [0.]
0.830 1.00e-03 [0.]
0.850 1.00e-03 [0.]
0.870 1.00e-03 [0.]
0.890 1.00e-03 [0.]
0.910 1.00e-03 [0.]
0.930 1.00e-03 [0.]
0.950 1.00e-03 [0.]
0.970 1.00e-03 [0.]
0.990 1.00e-03 [0.]
1.010 1.00e-03 [0.]
1.030 1.00e-03 [0.]
1.050 1.00e-03 [0.]
1.070 1.00e-03 [0.]
1.090 1.00e-03 [0.]
1.110 1.00e-03 [0.]
1.130 1.00e-03 [0.]
1.150 1.00e-03 [0.]
1.170 1.00e-03 [0.]
1.190 1.00e-03 [0.]
1.210 1.00e-03 [0.]
1.230 1.00e-03 [0.]
1.250 1.00e-03 [0.]
1.270 1.00e-03 [0.]
1.290 1.00e-03 [0.]
1.310 1.00e-03 [0.]
1.330 1.00e-03 [0.]
1.350 1.00e-03 [0.]
1.370 1.00e-03 [0.]
1.390 1.00e-03 [0.]
1.410 1.00e-03 [0.]
1.430 1.00e-03 [0.]
1.450 1.00e-03 [0.]
1.470 1.00e-03 [0.]
1.490 1.00e-03 [0.]
