0.001 1.00e-09 [0.]
0.002 1.00e-09 [0.]
0.003 1.00e-09 [0.]
0.004 1.00e-09 [0.]
0.005 1.00e-09 [0.]
0.007 1.00e-09 [0.]
0.010 1.00e-09 [0.]
0.020 1.00e-09 [0.]
0.040 1.00e-09 [0.]
0.060 1.00e-09 [0.]
0.080 1.00e-09 [0.]
0.100 1.00e-09 [2.14394854e-09]
0.120 1.00e-09 [2.04791337e-09]
0.140 1.00e-09 [1.93812771e-09]
0.160 1.00e-09 [1.81645594e-09]
0.180 1.00e-09 [1.68497516e-09]
0.200 1.00e-09 [3.09103565e-09]
0.220 1.00e-09 [4.2020968e-09]
0.250 1.00e-09 [4.71408246e-09]
0.270 1.00e-09 [4.12222127e-09]
0.290 1.00e-09 [4.42972446e-09]
0.310 1.00e-09 [3.73118555e-09]
0.330 1.00e-09 [3.69092456e-09]
0.350 1.00e-09 [3.45410532e-09]
0.370 1.00e-09 [2.68031695e-09]
0.390 1.00e-09 [2.28256799e-09]
0.410 1.00e-09 [1.82805621e-09]
0.430 1.00e-09 [1.22050066e-09]
0.450 1.00e-09 [8.29218673e-10]
0.470 1.00e-09 [4.89585531e-10]
0.490 1.00e-09 [2.29809827e-10]
0.510 1.00e-09 [8.26377569e-11]
0.530 1.00e-09 [1.96521763e-11]
0.001 2.00e-09 [0.]
0.002 2.00e-09 [0.]
0.003 2.00e-09 [0.]
0.004 2.00e-09 [0.]
0.005 2.00e-09 [0.]
0.007 2.00e-09 [0.]
0.010 2.00e-09 [0.]
0.020 2.00e-09 [0.]
0.040 2.00e-09 [0.]
0.060 2.00e-09 [9.15584265e-09]
0.080 2.00e-09 [8.89884887e-09]
0.100 2.00e-09 [1.71515883e-08]
0.120 2.00e-09 [2.45749605e-08]
0.140 2.00e-09 [3.10100434e-08]
0.160 2.00e-09 [2.9063295e-08]
0.180 2.00e-09 [3.36995031e-08]
0.200 2.00e-09 [3.70924277e-08]
0.220 2.00e-09 [5.60279574e-08]
0.250 2.00e-09 [7.07112369e-08]
0.270 2.00e-09 [7.00777616e-08]
0.290 2.00e-09 [7.4419371e-08]
0.310 2.00e-09 [6.56688658e-08]
0.330 2.00e-09 [5.9054793e-08]
0.350 2.00e-09 [5.13181362e-08]
0.370 2.00e-09 [4.44166809e-08]
0.390 2.00e-09 [3.65210878e-08]
0.410 2.00e-09 [2.76239605e-08]
0.430 2.00e-09 [2.00704553e-08]
0.450 2.00e-09 [1.32674988e-08]
0.470 2.00e-09 [7.65533739e-09]
0.490 2.00e-09 [3.60035395e-09]
0.510 2.00e-09 [1.27135011e-09]
0.530 2.00e-09 [3.03205005e-10]
0.001 4.00e-09 [0.]
0.002 4.00e-09 [0.]
0.003 4.00e-09 [0.]
0.004 4.00e-09 [0.]
0.005 4.00e-09 [0.]
0.007 4.00e-09 [0.]
0.010 4.00e-09 [0.]
0.020 4.00e-09 [0.]
0.040 4.00e-09 [7.47378547e-08]
0.060 4.00e-09 [1.46493482e-07]
0.080 4.00e-09 [2.13572373e-07]
0.100 4.00e-09 [3.08728589e-07]
0.120 4.00e-09 [3.60432754e-07]
0.140 4.00e-09 [4.34140607e-07]
0.160 4.00e-09 [5.2313931e-07]
0.180 4.00e-09 [5.66151652e-07]
0.200 4.00e-09 [6.18207129e-07]
0.220 4.00e-09 [8.96447318e-07]
0.250 4.00e-09 [1.09366713e-06]
0.270 4.00e-09 [1.12124418e-06]
0.290 4.00e-09 [1.17653482e-06]
0.310 4.00e-09 [1.02682226e-06]
0.330 4.00e-09 [9.44876687e-07]
0.350 4.00e-09 [8.28985277e-07]
0.370 4.00e-09 [7.10666895e-07]
0.390 4.00e-09 [5.70641997e-07]
0.410 4.00e-09 [4.45233246e-07]
0.430 4.00e-09 [3.21127285e-07]
0.450 4.00e-09 [2.1095323e-07]
0.470 4.00e-09 [1.21773274e-07]
0.490 4.00e-09 [5.66864239e-08]
0.510 4.00e-09 [2.01381857e-08]
0.530 4.00e-09 [4.82882046e-09]
0.001 8.00e-09 [0.]
0.002 8.00e-09 [0.]
0.003 8.00e-09 [0.]
0.004 8.00e-09 [0.]
0.005 8.00e-09 [0.]
0.007 8.00e-09 [0.]
0.010 8.00e-09 [0.]
0.020 8.00e-09 [3.02570341e-07]
0.040 8.00e-09 [1.04632997e-06]
0.060 8.00e-09 [2.05090875e-06]
0.080 8.00e-09 [3.27477639e-06]
0.100 8.00e-09 [4.66523202e-06]
0.120 8.00e-09 [5.89799052e-06]
0.140 8.00e-09 [7.19433006e-06]
0.160 8.00e-09 [8.25397579e-06]
0.180 8.00e-09 [9.16626484e-06]
0.200 8.00e-09 [9.69348778e-06]
0.220 8.00e-09 [1.42535124e-05]
0.250 8.00e-09 [1.74232488e-05]
0.270 8.00e-09 [1.78739514e-05]
0.290 8.00e-09 [1.85977552e-05]
0.310 8.00e-09 [1.63813971e-05]
0.330 8.00e-09 [1.49211777e-05]
0.350 8.00e-09 [1.31690233e-05]
0.370 8.00e-09 [1.12236358e-05]
0.390 8.00e-09 [9.07549033e-06]
0.410 8.00e-09 [7.03273536e-06]
0.430 8.00e-09 [5.06860364e-06]
0.450 8.00e-09 [3.33810269e-06]
0.470 8.00e-09 [1.9227359e-06]
0.490 8.00e-09 [8.94726258e-07]
0.510 8.00e-09 [3.17735818e-07]
0.530 8.00e-09 [7.61830651e-08]
0.001 1.60e-08 [0.]
0.002 1.60e-08 [0.]
0.003 1.60e-08 [0.]
0.004 1.60e-08 [0.]
0.005 1.60e-08 [0.]
0.007 1.60e-08 [6.0726792e-07]
0.010 1.60e-08 [1.21391677e-06]
0.020 1.60e-08 [4.23598477e-06]
0.040 1.60e-08 [1.61433766e-05]
0.060 1.60e-08 [3.3400514e-05]
0.080 1.60e-08 [5.18268958e-05]
0.100 1.60e-08 [7.40948615e-05]
0.120 1.60e-08 [9.43678483e-05]
0.140 1.60e-08 [0.00011312]
0.160 1.60e-08 [0.00013113]
0.180 1.60e-08 [0.00014537]
0.200 1.60e-08 [0.00015312]
0.220 1.60e-08 [0.00022555]
0.250 1.60e-08 [0.00027485]
0.270 1.60e-08 [0.00028044]
0.290 1.60e-08 [0.00029189]
0.310 1.60e-08 [0.00025618]
0.330 1.60e-08 [0.00023323]
0.350 1.60e-08 [0.00020565]
0.370 1.60e-08 [0.00017478]
0.390 1.60e-08 [0.00014104]
0.410 1.60e-08 [0.00010914]
0.430 1.60e-08 [7.85286399e-05]
0.450 1.60e-08 [5.15840352e-05]
0.470 1.60e-08 [2.96699514e-05]
0.490 1.60e-08 [1.37665279e-05]
0.510 1.60e-08 [4.87872975e-06]
0.530 1.60e-08 [1.16610399e-06]
0.001 3.20e-08 [0.]
0.002 3.20e-08 [0.]
0.003 3.20e-08 [2.43004259e-06]
0.004 3.20e-08 [2.42987264e-06]
0.005 3.20e-08 [4.85930805e-06]
0.007 3.20e-08 [9.71628673e-06]
0.010 3.20e-08 [1.94226684e-05]
0.020 3.20e-08 [6.77757563e-05]
0.040 3.20e-08 [0.0002559]
0.060 3.20e-08 [0.00052972]
0.080 3.20e-08 [0.00081784]
0.100 3.20e-08 [0.00116795]
0.120 3.20e-08 [0.00148891]
0.140 3.20e-08 [0.00178022]
0.160 3.20e-08 [0.00205722]
0.180 3.20e-08 [0.00227065]
0.200 3.20e-08 [0.00238816]
0.220 3.20e-08 [0.00347678]
0.250 3.20e-08 [0.00418158]
0.270 3.20e-08 [0.00423487]
0.290 3.20e-08 [0.00436458]
0.310 3.20e-08 [0.00382303]
0.330 3.20e-08 [0.00345825]
0.350 3.20e-08 [0.0030297]
0.370 3.20e-08 [0.00255683]
0.390 3.20e-08 [0.00204956]
0.410 3.20e-08 [0.00157471]
0.430 3.20e-08 [0.0011244]
0.450 3.20e-08 [0.00073296]
0.470 3.20e-08 [0.00041834]
0.490 3.20e-08 [0.0001923]
0.510 3.20e-08 [6.75666642e-05]
0.530 3.20e-08 [1.59711328e-05]
0.001 6.30e-08 [0.]
0.002 6.30e-08 [9.41925887e-06]
0.003 6.30e-08 [2.82563644e-05]
0.004 6.30e-08 [4.7090647e-05]
0.005 6.30e-08 [7.53382564e-05]
0.007 6.30e-08 [0.00014123]
0.010 6.30e-08 [0.00028231]
0.020 6.30e-08 [0.00103202]
0.040 6.30e-08 [0.00392114]
0.060 6.30e-08 [0.00803104]
0.080 6.30e-08 [0.01232652]
0.100 6.30e-08 [0.0174186]
0.120 6.30e-08 [0.02202734]
0.140 6.30e-08 [0.02610041]
0.160 6.30e-08 [0.02986901]
0.180 6.30e-08 [0.03266256]
0.200 6.30e-08 [0.03404459]
0.220 6.30e-08 [0.04741034]
0.250 6.30e-08 [0.05435779]
0.270 6.30e-08 [0.0536644]
0.290 6.30e-08 [0.05350074]
0.310 6.30e-08 [0.04644422]
0.330 6.30e-08 [0.04116203]
0.350 6.30e-08 [0.0353231]
0.370 6.30e-08 [0.02913493]
0.390 6.30e-08 [0.02286847]
0.410 6.30e-08 [0.01717309]
0.430 6.30e-08 [0.01197801]
0.450 6.30e-08 [0.00763749]
0.470 6.30e-08 [0.00426118]
0.490 6.30e-08 [0.00190685]
0.510 6.30e-08 [0.00065414]
0.530 6.30e-08 [0.00014992]
0.001 1.26e-07 [7.5355811e-05]
0.002 1.26e-07 [0.00018839]
0.003 1.26e-07 [0.00041443]
0.004 1.26e-07 [0.00071578]
0.005 1.26e-07 [0.00113007]
0.007 1.26e-07 [0.00222195]
0.010 1.26e-07 [0.00444163]
0.020 1.26e-07 [0.01628723]
0.040 1.26e-07 [0.06029097]
0.060 1.26e-07 [0.11959342]
0.080 1.26e-07 [0.17907002]
0.100 1.26e-07 [0.24408167]
0.120 1.26e-07 [0.2991491]
0.140 1.26e-07 [0.34474389]
0.160 1.26e-07 [0.38031626]
0.180 1.26e-07 [0.4040688]
0.200 1.26e-07 [0.40897673]
0.220 1.26e-07 [0.49767517]
0.250 1.26e-07 [0.50169512]
0.270 1.26e-07 [0.46584949]
0.290 1.26e-07 [0.42949681]
0.310 1.26e-07 [0.36621067]
0.330 1.26e-07 [0.3110921]
0.350 1.26e-07 [0.255456]
0.370 1.26e-07 [0.20190046]
0.390 1.26e-07 [0.15270714]
0.410 1.26e-07 [0.10995552]
0.430 1.26e-07 [0.07387893]
0.450 1.26e-07 [0.04543393]
0.470 1.26e-07 [0.02446975]
0.490 1.26e-07 [0.01053463]
0.510 1.26e-07 [0.00349253]
0.530 1.26e-07 [0.00076787]
0.001 2.51e-07 [0.00089711]
0.002 2.51e-07 [0.00284077]
0.003 2.51e-07 [0.00657831]
0.004 2.51e-07 [0.01106274]
0.005 2.51e-07 [0.017639]
0.007 2.51e-07 [0.0348212]
0.010 2.51e-07 [0.06915879]
0.020 2.51e-07 [0.24557519]
0.040 2.51e-07 [0.83621075]
0.060 2.51e-07 [1.49643408]
0.080 2.51e-07 [2.07687746]
0.100 2.51e-07 [2.55621682]
0.120 2.51e-07 [2.88580355]
0.140 2.51e-07 [3.0865445]
0.160 2.51e-07 [3.13504382]
0.180 2.51e-07 [3.12074821]
0.200 2.51e-07 [2.98903873]
0.220 2.51e-07 [2.92471841]
0.250 2.51e-07 [2.46740878]
0.270 2.51e-07 [2.13671517]
0.290 2.51e-07 [1.78486532]
0.310 2.51e-07 [1.49183823]
0.330 2.51e-07 [1.20552308]
0.350 2.51e-07 [0.93952465]
0.370 2.51e-07 [0.70944023]
0.390 2.51e-07 [0.5129491]
0.410 2.51e-07 [0.35185522]
0.430 2.51e-07 [0.22766238]
0.450 2.51e-07 [0.13430794]
0.470 2.51e-07 [0.06948397]
0.490 2.51e-07 [0.02866573]
0.510 2.51e-07 [0.00913258]
0.530 2.51e-07 [0.00191402]
0.001 5.01e-07 [0.01489228]
0.002 5.01e-07 [0.04586716]
0.003 5.01e-07 [0.10423833]
0.004 5.01e-07 [0.17391693]
0.005 5.01e-07 [0.27574073]
0.007 5.01e-07 [0.53527322]
0.010 5.01e-07 [1.03488951]
0.020 5.01e-07 [3.33507359]
0.040 5.01e-07 [9.00328015]
0.060 5.01e-07 [12.98670811]
0.080 5.01e-07 [15.4600006]
0.100 5.01e-07 [16.31619944]
0.120 5.01e-07 [16.37025942]
0.140 5.01e-07 [15.65904699]
0.160 5.01e-07 [14.59849494]
0.180 5.01e-07 [13.21826825]
0.200 5.01e-07 [11.81546592]
0.220 5.01e-07 [9.15681862]
0.250 5.01e-07 [6.3226398]
0.270 5.01e-07 [4.97785347]
0.290 5.01e-07 [3.61867671]
0.310 5.01e-07 [2.949699]
0.330 5.01e-07 [2.19161453]
0.350 5.01e-07 [1.57952079]
0.370 5.01e-07 [1.10188843]
0.390 5.01e-07 [0.74222673]
0.410 5.01e-07 [0.47643295]
0.430 5.01e-07 [0.28629818]
0.450 5.01e-07 [0.1577453]
0.470 5.01e-07 [0.0758768]
0.490 5.01e-07 [0.0288749]
0.510 5.01e-07 [0.00861438]
0.530 5.01e-07 [0.00166338]
0.001 1.00e-06 [0.23732619]
0.002 1.00e-06 [0.71196212]
0.003 1.00e-06 [1.61132707]
0.004 1.00e-06 [2.6576732]
0.005 1.00e-06 [4.08817762]
0.007 1.00e-06 [7.59322114]
0.010 1.00e-06 [13.66604742]
0.020 1.00e-06 [35.55910653]
0.040 1.00e-06 [63.60658545]
0.060 1.00e-06 [70.36722871]
0.080 1.00e-06 [67.51779112]
0.100 1.00e-06 [60.59656146]
0.120 1.00e-06 [52.02723926]
0.140 1.00e-06 [43.51484334]
0.160 1.00e-06 [36.16200483]
0.180 1.00e-06 [29.08941108]
0.200 1.00e-06 [23.51041712]
0.220 1.00e-06 [12.7603673]
0.250 1.00e-06 [6.29565713]
0.270 1.00e-06 [4.13252682]
0.290 1.00e-06 [2.4372344]
0.310 1.00e-06 [1.80887876]
0.330 1.00e-06 [1.12388653]
0.350 1.00e-06 [0.74904741]
0.370 1.00e-06 [0.43995488]
0.390 1.00e-06 [0.25650358]
0.410 1.00e-06 [0.13974474]
0.430 1.00e-06 [0.07580665]
0.450 1.00e-06 [0.03424673]
0.470 1.00e-06 [0.01437601]
0.490 1.00e-06 [0.0046728]
0.510 1.00e-06 [0.00118871]
0.530 1.00e-06 [0.0001895]
0.001 1.99e-06 [3.71213714]
0.002 1.99e-06 [10.66388311]
0.003 1.99e-06 [23.31958508]
0.004 1.99e-06 [37.22939464]
0.005 1.99e-06 [53.66707618]
0.007 1.99e-06 [90.08771811]
0.010 1.99e-06 [141.62097248]
0.020 1.99e-06 [255.19486519]
0.040 1.99e-06 [278.38400184]
0.060 1.99e-06 [223.13418541]
0.080 1.99e-06 [164.14305717]
0.100 1.99e-06 [116.30436444]
0.120 1.99e-06 [79.10299405]
0.140 1.99e-06 [54.42083599]
0.160 1.99e-06 [35.61271427]
0.180 1.99e-06 [23.67303865]
0.200 1.99e-06 [16.35603966]
0.220 1.99e-06 [4.78876761]
0.250 1.99e-06 [1.28520837]
0.270 1.99e-06 [0.60704212]
0.290 1.99e-06 [0.20803889]
0.310 1.99e-06 [0.12177174]
0.330 1.99e-06 [0.04896657]
0.350 1.99e-06 [0.02945877]
0.370 1.99e-06 [0.00761981]
0.390 1.99e-06 [0.00227117]
0.410 1.99e-06 [0.00080841]
0.430 1.99e-06 [0.00053974]
0.450 1.99e-06 [0.]
0.470 1.99e-06 [0.]
0.490 1.99e-06 [0.]
0.510 1.99e-06 [0.]
0.530 1.99e-06 [0.]
0.001 3.98e-06 [55.96711862]
0.002 3.98e-06 [145.89478514]
0.003 3.98e-06 [289.36797559]
0.004 3.98e-06 [428.07971176]
0.005 3.98e-06 [557.13418077]
0.007 3.98e-06 [787.22958459]
0.010 3.98e-06 [1009.49998483]
0.020 3.98e-06 [1117.8912548]
0.040 3.98e-06 [668.33860889]
0.060 3.98e-06 [346.80118809]
0.080 3.98e-06 [166.27692778]
0.100 3.98e-06 [75.8390531]
0.120 3.98e-06 [37.35693708]
0.140 3.98e-06 [17.44677184]
0.160 3.98e-06 [7.94544645]
0.180 3.98e-06 [3.8987978]
0.200 3.98e-06 [1.49412939]
0.220 3.98e-06 [0.11099391]
0.250 3.98e-06 [0.]
0.270 3.98e-06 [0.]
0.290 3.98e-06 [0.]
0.310 3.98e-06 [0.]
0.330 3.98e-06 [0.]
0.350 3.98e-06 [0.]
0.370 3.98e-06 [0.]
0.390 3.98e-06 [0.]
0.410 3.98e-06 [0.]
0.430 3.98e-06 [0.]
0.450 3.98e-06 [0.]
0.470 3.98e-06 [0.]
0.490 3.98e-06 [0.]
0.510 3.98e-06 [0.]
0.530 3.98e-06 [0.]
0.001 7.94e-06 [759.44098666]
0.002 7.94e-06 [1666.32957115]
0.003 7.94e-06 [2751.27521697]
0.004 7.94e-06 [3489.15627778]
0.005 7.94e-06 [3973.86120419]
0.007 7.94e-06 [4505.55329204]
0.010 7.94e-06 [4471.39513397]
0.020 7.94e-06 [2755.00848068]
0.040 7.94e-06 [682.09828096]
0.060 7.94e-06 [154.95556441]
0.080 7.94e-06 [38.59896495]
0.100 7.94e-06 [5.41057564]
0.120 7.94e-06 [1.55046495]
0.140 7.94e-06 [0.2445578]
0.160 7.94e-06 [0.]
0.180 7.94e-06 [0.]
0.200 7.94e-06 [0.]
0.220 7.94e-06 [0.]
0.250 7.94e-06 [0.]
0.270 7.94e-06 [0.]
0.290 7.94e-06 [0.]
0.310 7.94e-06 [0.]
0.330 7.94e-06 [0.]
0.350 7.94e-06 [0.]
0.370 7.94e-06 [0.]
0.390 7.94e-06 [0.]
0.410 7.94e-06 [0.]
0.430 7.94e-06 [0.]
0.450 7.94e-06 [0.]
0.470 7.94e-06 [0.]
0.490 7.94e-06 [0.]
0.510 7.94e-06 [0.]
0.530 7.94e-06 [0.]
0.001 1.58e-05 [8195.75403896]
0.002 1.58e-05 [13655.49918386]
0.003 1.58e-05 [17338.70232438]
0.004 1.58e-05 [18283.43106153]
0.005 1.58e-05 [17974.84471873]
0.007 1.58e-05 [15360.07458201]
0.010 1.58e-05 [11002.89906679]
0.020 1.58e-05 [2823.98224248]
0.040 1.58e-05 [141.97430322]
0.060 1.58e-05 [6.32462449]
0.080 1.58e-05 [0.]
0.100 1.58e-05 [0.]
0.120 1.58e-05 [0.]
0.140 1.58e-05 [0.]
0.160 1.58e-05 [0.]
0.180 1.58e-05 [0.]
0.200 1.58e-05 [0.]
0.220 1.58e-05 [0.]
0.250 1.58e-05 [0.]
0.270 1.58e-05 [0.]
0.290 1.58e-05 [0.]
0.310 1.58e-05 [0.]
0.330 1.58e-05 [0.]
0.350 1.58e-05 [0.]
0.370 1.58e-05 [0.]
0.390 1.58e-05 [0.]
0.410 1.58e-05 [0.]
0.430 1.58e-05 [0.]
0.450 1.58e-05 [0.]
0.470 1.58e-05 [0.]
0.490 1.58e-05 [0.]
0.510 1.58e-05 [0.]
0.530 1.58e-05 [0.]
0.001 3.16e-05 [61316.46006173]
0.002 3.16e-05 [72507.24692932]
0.003 3.16e-05 [66062.97015691]
0.004 3.16e-05 [55254.28111461]
0.005 3.16e-05 [44439.09489533]
0.007 3.16e-05 [26224.38168823]
0.010 3.16e-05 [11148.27599943]
0.020 3.16e-05 [581.51058971]
0.040 3.16e-05 [0.]
0.060 3.16e-05 [0.]
0.080 3.16e-05 [0.]
0.100 3.16e-05 [0.]
0.120 3.16e-05 [0.]
0.140 3.16e-05 [0.]
0.160 3.16e-05 [0.]
0.180 3.16e-05 [0.]
0.200 3.16e-05 [0.]
0.220 3.16e-05 [0.]
0.250 3.16e-05 [0.]
0.270 3.16e-05 [0.]
0.290 3.16e-05 [0.]
0.310 3.16e-05 [0.]
0.330 3.16e-05 [0.]
0.350 3.16e-05 [0.]
0.370 3.16e-05 [0.]
0.390 3.16e-05 [0.]
0.410 3.16e-05 [0.]
0.430 3.16e-05 [0.]
0.450 3.16e-05 [0.]
0.470 3.16e-05 [0.]
0.490 3.16e-05 [0.]
0.510 3.16e-05 [0.]
0.530 3.16e-05 [0.]
0.001 6.31e-05 [285090.14427495]
0.002 6.31e-05 [224210.18083224]
0.003 6.31e-05 [134315.31900852]
0.004 6.31e-05 [79145.74403734]
0.005 6.31e-05 [45397.49623637]
0.007 6.31e-05 [14052.28538247]
0.010 6.31e-05 [2539.07124319]
0.020 6.31e-05 [0.]
0.040 6.31e-05 [0.]
0.060 6.31e-05 [0.]
0.080 6.31e-05 [0.]
0.100 6.31e-05 [0.]
0.120 6.31e-05 [0.]
0.140 6.31e-05 [0.]
0.160 6.31e-05 [0.]
0.180 6.31e-05 [0.]
0.200 6.31e-05 [0.]
0.220 6.31e-05 [0.]
0.250 6.31e-05 [0.]
0.270 6.31e-05 [0.]
0.290 6.31e-05 [0.]
0.310 6.31e-05 [0.]
0.330 6.31e-05 [0.]
0.350 6.31e-05 [0.]
0.370 6.31e-05 [0.]
0.390 6.31e-05 [0.]
0.410 6.31e-05 [0.]
0.430 6.31e-05 [0.]
0.450 6.31e-05 [0.]
0.470 6.31e-05 [0.]
0.490 6.31e-05 [0.]
0.510 6.31e-05 [0.]
0.530 6.31e-05 [0.]
0.001 1.26e-04 [761531.82971728]
0.002 1.26e-04 [325052.1639331]
0.003 1.26e-04 [100120.9923765]
0.004 1.26e-04 [32456.18841276]
0.005 1.26e-04 [9589.32030376]
0.007 1.26e-04 [827.11561656]
0.010 1.26e-04 [0.]
0.020 1.26e-04 [0.]
0.040 1.26e-04 [0.]
0.060 1.26e-04 [0.]
0.080 1.26e-04 [0.]
0.100 1.26e-04 [0.]
0.120 1.26e-04 [0.]
0.140 1.26e-04 [0.]
0.160 1.26e-04 [0.]
0.180 1.26e-04 [0.]
0.200 1.26e-04 [0.]
0.220 1.26e-04 [0.]
0.250 1.26e-04 [0.]
0.270 1.26e-04 [0.]
0.290 1.26e-04 [0.]
0.310 1.26e-04 [0.]
0.330 1.26e-04 [0.]
0.350 1.26e-04 [0.]
0.370 1.26e-04 [0.]
0.390 1.26e-04 [0.]
0.410 1.26e-04 [0.]
0.430 1.26e-04 [0.]
0.450 1.26e-04 [0.]
0.470 1.26e-04 [0.]
0.490 1.26e-04 [0.]
0.510 1.26e-04 [0.]
0.530 1.26e-04 [0.]
0.001 2.51e-04 [876596.26156114]
0.002 2.51e-04 [142701.90427962]
0.003 2.51e-04 [12727.23574337]
0.004 2.51e-04 [748.60856698]
0.005 2.51e-04 [0.]
0.007 2.51e-04 [0.]
0.010 2.51e-04 [0.]
0.020 2.51e-04 [0.]
0.040 2.51e-04 [0.]
0.060 2.51e-04 [0.]
0.080 2.51e-04 [0.]
0.100 2.51e-04 [0.]
0.120 2.51e-04 [0.]
0.140 2.51e-04 [0.]
0.160 2.51e-04 [0.]
0.180 2.51e-04 [0.]
0.200 2.51e-04 [0.]
0.220 2.51e-04 [0.]
0.250 2.51e-04 [0.]
0.270 2.51e-04 [0.]
0.290 2.51e-04 [0.]
0.310 2.51e-04 [0.]
0.330 2.51e-04 [0.]
0.350 2.51e-04 [0.]
0.370 2.51e-04 [0.]
0.390 2.51e-04 [0.]
0.410 2.51e-04 [0.]
0.430 2.51e-04 [0.]
0.450 2.51e-04 [0.]
0.470 2.51e-04 [0.]
0.490 2.51e-04 [0.]
0.510 2.51e-04 [0.]
0.530 2.51e-04 [0.]
0.001 5.01e-04 [231300.71902631]
0.002 5.01e-04 [4172.85476144]
0.003 5.01e-04 [0.]
0.004 5.01e-04 [0.]
0.005 5.01e-04 [0.]
0.007 5.01e-04 [0.]
0.010 5.01e-04 [0.]
0.020 5.01e-04 [0.]
0.040 5.01e-04 [0.]
0.060 5.01e-04 [0.]
0.080 5.01e-04 [0.]
0.100 5.01e-04 [0.]
0.120 5.01e-04 [0.]
0.140 5.01e-04 [0.]
0.160 5.01e-04 [0.]
0.180 5.01e-04 [0.]
0.200 5.01e-04 [0.]
0.220 5.01e-04 [0.]
0.250 5.01e-04 [0.]
0.270 5.01e-04 [0.]
0.290 5.01e-04 [0.]
0.310 5.01e-04 [0.]
0.330 5.01e-04 [0.]
0.350 5.01e-04 [0.]
0.370 5.01e-04 [0.]
0.390 5.01e-04 [0.]
0.410 5.01e-04 [0.]
0.430 5.01e-04 [0.]
0.450 5.01e-04 [0.]
0.470 5.01e-04 [0.]
0.490 5.01e-04 [0.]
0.510 5.01e-04 [0.]
0.530 5.01e-04 [0.]
0.001 1.00e-03 [2373.26187234]
0.002 1.00e-03 [0.]
0.003 1.00e-03 [0.]
0.004 1.00e-03 [0.]
0.005 1.00e-03 [0.]
0.007 1.00e-03 [0.]
0.010 1.00e-03 [0.]
0.020 1.00e-03 [0.]
0.040 1.00e-03 [0.]
0.060 1.00e-03 [0.]
0.080 1.00e-03 [0.]
0.100 1.00e-03 [0.]
0.120 1.00e-03 [0.]
0.140 1.00e-03 [0.]
0.160 1.00e-03 [0.]
0.180 1.00e-03 [0.]
0.200 1.00e-03 [0.]
0.220 1.00e-03 [0.]
0.250 1.00e-03 [0.]
0.270 1.00e-03 [0.]
0.290 1.00e-03 [0.]
0.310 1.00e-03 [0.]
0.330 1.00e-03 [0.]
0.350 1.00e-03 [0.]
0.370 1.00e-03 [0.]
0.390 1.00e-03 [0.]
0.410 1.00e-03 [0.]
0.430 1.00e-03 [0.]
0.450 1.00e-03 [0.]
0.470 1.00e-03 [0.]
0.490 1.00e-03 [0.]
0.510 1.00e-03 [0.]
0.530 1.00e-03 [0.]
0.001 1.00e-09 [0.]
0.002 1.00e-09 [0.]
0.003 1.00e-09 [0.]
0.004 1.00e-09 [0.]
0.005 1.00e-09 [0.]
0.007 1.00e-09 [0.]
0.010 1.00e-09 [0.]
0.020 1.00e-09 [0.]
0.040 1.00e-09 [0.]
0.060 1.00e-09 [0.]
0.080 1.00e-09 [0.]
0.100 1.00e-09 [2.14394854e-09]
0.120 1.00e-09 [2.04791337e-09]
0.140 1.00e-09 [1.93812771e-09]
0.160 1.00e-09 [1.81645594e-09]
0.180 1.00e-09 [1.68497516e-09]
0.200 1.00e-09 [3.09103565e-09]
0.220 1.00e-09 [4.2020968e-09]
0.250 1.00e-09 [4.71408246e-09]
0.270 1.00e-09 [4.12222127e-09]
0.290 1.00e-09 [4.42972446e-09]
0.310 1.00e-09 [3.73118555e-09]
0.330 1.00e-09 [3.69092456e-09]
0.350 1.00e-09 [3.45410532e-09]
0.370 1.00e-09 [2.68031695e-09]
0.390 1.00e-09 [2.28256799e-09]
0.410 1.00e-09 [1.82805621e-09]
0.430 1.00e-09 [1.22050066e-09]
0.450 1.00e-09 [8.29218673e-10]
0.470 1.00e-09 [4.89585531e-10]
0.490 1.00e-09 [2.29809827e-10]
0.510 1.00e-09 [8.26377569e-11]
0.530 1.00e-09 [1.96521763e-11]
0.001 2.00e-09 [0.]
0.002 2.00e-09 [0.]
0.003 2.00e-09 [0.]
0.004 2.00e-09 [0.]
0.005 2.00e-09 [0.]
0.007 2.00e-09 [0.]
0.010 2.00e-09 [0.]
0.020 2.00e-09 [0.]
0.040 2.00e-09 [0.]
0.060 2.00e-09 [9.15584265e-09]
0.080 2.00e-09 [8.89884887e-09]
0.100 2.00e-09 [1.71515883e-08]
0.120 2.00e-09 [2.45749605e-08]
0.140 2.00e-09 [3.10100434e-08]
0.160 2.00e-09 [2.9063295e-08]
0.180 2.00e-09 [3.36995031e-08]
0.200 2.00e-09 [3.70924277e-08]
0.220 2.00e-09 [5.60279574e-08]
0.250 2.00e-09 [7.07112369e-08]
0.270 2.00e-09 [7.00777616e-08]
0.290 2.00e-09 [7.4419371e-08]
0.310 2.00e-09 [6.56688658e-08]
0.330 2.00e-09 [5.9054793e-08]
0.350 2.00e-09 [5.13181362e-08]
0.370 2.00e-09 [4.44166809e-08]
0.390 2.00e-09 [3.65210878e-08]
0.410 2.00e-09 [2.76239605e-08]
0.430 2.00e-09 [2.00704553e-08]
0.450 2.00e-09 [1.32674988e-08]
0.470 2.00e-09 [7.65533739e-09]
0.490 2.00e-09 [3.60035395e-09]
0.510 2.00e-09 [1.27135011e-09]
0.530 2.00e-09 [3.03205005e-10]
0.001 4.00e-09 [0.]
0.002 4.00e-09 [0.]
0.003 4.00e-09 [0.]
0.004 4.00e-09 [0.]
0.005 4.00e-09 [0.]
0.007 4.00e-09 [0.]
0.010 4.00e-09 [0.]
0.020 4.00e-09 [0.]
0.040 4.00e-09 [7.47378547e-08]
0.060 4.00e-09 [1.46493482e-07]
0.080 4.00e-09 [2.13572373e-07]
0.100 4.00e-09 [3.08728589e-07]
0.120 4.00e-09 [3.60432754e-07]
0.140 4.00e-09 [4.34140607e-07]
0.160 4.00e-09 [5.2313931e-07]
0.180 4.00e-09 [5.66151652e-07]
0.200 4.00e-09 [6.18207129e-07]
0.220 4.00e-09 [8.96447318e-07]
0.250 4.00e-09 [1.09366713e-06]
0.270 4.00e-09 [1.12124418e-06]
0.290 4.00e-09 [1.17653482e-06]
0.310 4.00e-09 [1.02682226e-06]
0.330 4.00e-09 [9.44876687e-07]
0.350 4.00e-09 [8.28985277e-07]
0.370 4.00e-09 [7.10666895e-07]
0.390 4.00e-09 [5.70641997e-07]
0.410 4.00e-09 [4.45233246e-07]
0.430 4.00e-09 [3.21127285e-07]
0.450 4.00e-09 [2.1095323e-07]
0.470 4.00e-09 [1.21773274e-07]
0.490 4.00e-09 [5.66864239e-08]
0.510 4.00e-09 [2.01381857e-08]
0.530 4.00e-09 [4.82882046e-09]
0.001 8.00e-09 [0.]
0.002 8.00e-09 [0.]
0.003 8.00e-09 [0.]
0.004 8.00e-09 [0.]
0.005 8.00e-09 [0.]
0.007 8.00e-09 [0.]
0.010 8.00e-09 [0.]
0.020 8.00e-09 [3.02570341e-07]
0.040 8.00e-09 [1.04632997e-06]
0.060 8.00e-09 [2.05090875e-06]
0.080 8.00e-09 [3.27477639e-06]
0.100 8.00e-09 [4.66523202e-06]
0.120 8.00e-09 [5.89799052e-06]
0.140 8.00e-09 [7.19433006e-06]
0.160 8.00e-09 [8.25397579e-06]
0.180 8.00e-09 [9.16626484e-06]
0.200 8.00e-09 [9.69348778e-06]
0.220 8.00e-09 [1.42535124e-05]
0.250 8.00e-09 [1.74232488e-05]
0.270 8.00e-09 [1.78739514e-05]
0.290 8.00e-09 [1.85977552e-05]
0.310 8.00e-09 [1.63813971e-05]
0.330 8.00e-09 [1.49211777e-05]
0.350 8.00e-09 [1.31690233e-05]
0.370 8.00e-09 [1.12236358e-05]
0.390 8.00e-09 [9.07549033e-06]
0.410 8.00e-09 [7.03273536e-06]
0.430 8.00e-09 [5.06860364e-06]
0.450 8.00e-09 [3.33810269e-06]
0.470 8.00e-09 [1.9227359e-06]
0.490 8.00e-09 [8.94726258e-07]
0.510 8.00e-09 [3.17735818e-07]
0.530 8.00e-09 [7.61830651e-08]
0.001 1.60e-08 [0.]
0.002 1.60e-08 [0.]
0.003 1.60e-08 [0.]
0.004 1.60e-08 [0.]
0.005 1.60e-08 [0.]
0.007 1.60e-08 [6.0726792e-07]
0.010 1.60e-08 [1.21391677e-06]
0.020 1.60e-08 [4.23598477e-06]
0.040 1.60e-08 [1.61433766e-05]
0.060 1.60e-08 [3.3400514e-05]
0.080 1.60e-08 [5.18268958e-05]
0.100 1.60e-08 [7.40948615e-05]
0.120 1.60e-08 [9.43678483e-05]
0.140 1.60e-08 [0.00011312]
0.160 1.60e-08 [0.00013113]
0.180 1.60e-08 [0.00014537]
0.200 1.60e-08 [0.00015312]
0.220 1.60e-08 [0.00022555]
0.250 1.60e-08 [0.00027485]
0.270 1.60e-08 [0.00028044]
0.290 1.60e-08 [0.00029189]
0.310 1.60e-08 [0.00025618]
0.330 1.60e-08 [0.00023323]
0.350 1.60e-08 [0.00020565]
0.370 1.60e-08 [0.00017478]
0.390 1.60e-08 [0.00014104]
0.410 1.60e-08 [0.00010914]
0.430 1.60e-08 [7.85286399e-05]
0.450 1.60e-08 [5.15840352e-05]
0.470 1.60e-08 [2.96699514e-05]
0.490 1.60e-08 [1.37665279e-05]
0.510 1.60e-08 [4.87872975e-06]
0.530 1.60e-08 [1.16610399e-06]
0.001 3.20e-08 [0.]
0.002 3.20e-08 [0.]
0.003 3.20e-08 [2.43004259e-06]
0.004 3.20e-08 [2.42987264e-06]
0.005 3.20e-08 [4.85930805e-06]
0.007 3.20e-08 [9.71628673e-06]
0.010 3.20e-08 [1.94226684e-05]
0.020 3.20e-08 [6.77757563e-05]
0.040 3.20e-08 [0.0002559]
0.060 3.20e-08 [0.00052972]
0.080 3.20e-08 [0.00081784]
0.100 3.20e-08 [0.00116795]
0.120 3.20e-08 [0.00148891]
0.140 3.20e-08 [0.00178022]
0.160 3.20e-08 [0.00205722]
0.180 3.20e-08 [0.00227065]
0.200 3.20e-08 [0.00238816]
0.220 3.20e-08 [0.00347678]
0.250 3.20e-08 [0.00418158]
0.270 3.20e-08 [0.00423487]
0.290 3.20e-08 [0.00436458]
0.310 3.20e-08 [0.00382303]
0.330 3.20e-08 [0.00345825]
0.350 3.20e-08 [0.0030297]
0.370 3.20e-08 [0.00255683]
0.390 3.20e-08 [0.00204956]
0.410 3.20e-08 [0.00157471]
0.430 3.20e-08 [0.0011244]
0.450 3.20e-08 [0.00073296]
0.470 3.20e-08 [0.00041834]
0.490 3.20e-08 [0.0001923]
0.510 3.20e-08 [6.75666642e-05]
0.530 3.20e-08 [1.59711328e-05]
0.001 6.30e-08 [0.]
0.002 6.30e-08 [9.41925887e-06]
0.003 6.30e-08 [2.82563644e-05]
0.004 6.30e-08 [4.7090647e-05]
0.005 6.30e-08 [7.53382564e-05]
0.007 6.30e-08 [0.00014123]
0.010 6.30e-08 [0.00028231]
0.020 6.30e-08 [0.00103202]
0.040 6.30e-08 [0.00392114]
0.060 6.30e-08 [0.00803104]
0.080 6.30e-08 [0.01232652]
0.100 6.30e-08 [0.0174186]
0.120 6.30e-08 [0.02202734]
0.140 6.30e-08 [0.02610041]
0.160 6.30e-08 [0.02986901]
0.180 6.30e-08 [0.03266256]
0.200 6.30e-08 [0.03404459]
0.220 6.30e-08 [0.04741034]
0.250 6.30e-08 [0.05435779]
0.270 6.30e-08 [0.0536644]
0.290 6.30e-08 [0.05350074]
0.310 6.30e-08 [0.04644422]
0.330 6.30e-08 [0.04116203]
0.350 6.30e-08 [0.0353231]
0.370 6.30e-08 [0.02913493]
0.390 6.30e-08 [0.02286847]
0.410 6.30e-08 [0.01717309]
0.430 6.30e-08 [0.01197801]
0.450 6.30e-08 [0.00763749]
0.470 6.30e-08 [0.00426118]
0.490 6.30e-08 [0.00190685]
0.510 6.30e-08 [0.00065414]
0.530 6.30e-08 [0.00014992]
0.001 1.26e-07 [7.5355811e-05]
0.002 1.26e-07 [0.00018839]
0.003 1.26e-07 [0.00041443]
0.004 1.26e-07 [0.00071578]
0.005 1.26e-07 [0.00113007]
0.007 1.26e-07 [0.00222195]
0.010 1.26e-07 [0.00444163]
0.020 1.26e-07 [0.01628723]
0.040 1.26e-07 [0.06029097]
0.060 1.26e-07 [0.11959342]
0.080 1.26e-07 [0.17907002]
0.100 1.26e-07 [0.24408167]
0.120 1.26e-07 [0.2991491]
0.140 1.26e-07 [0.34474389]
0.160 1.26e-07 [0.38031626]
0.180 1.26e-07 [0.4040688]
0.200 1.26e-07 [0.40897673]
0.220 1.26e-07 [0.49767517]
0.250 1.26e-07 [0.50169512]
0.270 1.26e-07 [0.46584949]
0.290 1.26e-07 [0.42949681]
0.310 1.26e-07 [0.36621067]
0.330 1.26e-07 [0.3110921]
0.350 1.26e-07 [0.255456]
0.370 1.26e-07 [0.20190046]
0.390 1.26e-07 [0.15270714]
0.410 1.26e-07 [0.10995552]
0.430 1.26e-07 [0.07387893]
0.450 1.26e-07 [0.04543393]
0.470 1.26e-07 [0.02446975]
0.490 1.26e-07 [0.01053463]
0.510 1.26e-07 [0.00349253]
0.530 1.26e-07 [0.00076787]
0.001 2.51e-07 [0.00089711]
0.002 2.51e-07 [0.00284077]
0.003 2.51e-07 [0.00657831]
0.004 2.51e-07 [0.01106274]
0.005 2.51e-07 [0.017639]
0.007 2.51e-07 [0.0348212]
0.010 2.51e-07 [0.06915879]
0.020 2.51e-07 [0.24557519]
0.040 2.51e-07 [0.83621075]
0.060 2.51e-07 [1.49643408]
0.080 2.51e-07 [2.07687746]
0.100 2.51e-07 [2.55621682]
0.120 2.51e-07 [2.88580355]
0.140 2.51e-07 [3.0865445]
0.160 2.51e-07 [3.13504382]
0.180 2.51e-07 [3.12074821]
0.200 2.51e-07 [2.98903873]
0.220 2.51e-07 [2.92471841]
0.250 2.51e-07 [2.46740878]
0.270 2.51e-07 [2.13671517]
0.290 2.51e-07 [1.78486532]
0.310 2.51e-07 [1.49183823]
0.330 2.51e-07 [1.20552308]
0.350 2.51e-07 [0.93952465]
0.370 2.51e-07 [0.70944023]
0.390 2.51e-07 [0.5129491]
0.410 2.51e-07 [0.35185522]
0.430 2.51e-07 [0.22766238]
0.450 2.51e-07 [0.13430794]
0.470 2.51e-07 [0.06948397]
0.490 2.51e-07 [0.02866573]
0.510 2.51e-07 [0.00913258]
0.530 2.51e-07 [0.00191402]
0.001 5.01e-07 [0.01489228]
0.002 5.01e-07 [0.04586716]
0.003 5.01e-07 [0.10423833]
0.004 5.01e-07 [0.17391693]
0.005 5.01e-07 [0.27574073]
0.007 5.01e-07 [0.53527322]
0.010 5.01e-07 [1.03488951]
0.020 5.01e-07 [3.33507359]
0.040 5.01e-07 [9.00328015]
0.060 5.01e-07 [12.98670811]
0.080 5.01e-07 [15.4600006]
0.100 5.01e-07 [16.31619944]
0.120 5.01e-07 [16.37025942]
0.140 5.01e-07 [15.65904699]
0.160 5.01e-07 [14.59849494]
0.180 5.01e-07 [13.21826825]
0.200 5.01e-07 [11.81546592]
0.220 5.01e-07 [9.15681862]
0.250 5.01e-07 [6.3226398]
0.270 5.01e-07 [4.97785347]
0.290 5.01e-07 [3.61867671]
0.310 5.01e-07 [2.949699]
0.330 5.01e-07 [2.19161453]
0.350 5.01e-07 [1.57952079]
0.370 5.01e-07 [1.10188843]
0.390 5.01e-07 [0.74222673]
0.410 5.01e-07 [0.47643295]
0.430 5.01e-07 [0.28629818]
0.450 5.01e-07 [0.1577453]
0.470 5.01e-07 [0.0758768]
0.490 5.01e-07 [0.0288749]
0.510 5.01e-07 [0.00861438]
0.530 5.01e-07 [0.00166338]
0.001 1.00e-06 [0.23732619]
0.002 1.00e-06 [0.71196212]
0.003 1.00e-06 [1.61132707]
0.004 1.00e-06 [2.6576732]
0.005 1.00e-06 [4.08817762]
0.007 1.00e-06 [7.59322114]
0.010 1.00e-06 [13.66604742]
0.020 1.00e-06 [35.55910653]
0.040 1.00e-06 [63.60658545]
0.060 1.00e-06 [70.36722871]
0.080 1.00e-06 [67.51779112]
0.100 1.00e-06 [60.59656146]
0.120 1.00e-06 [52.02723926]
0.140 1.00e-06 [43.51484334]
0.160 1.00e-06 [36.16200483]
0.180 1.00e-06 [29.08941108]
0.200 1.00e-06 [23.51041712]
0.220 1.00e-06 [12.7603673]
0.250 1.00e-06 [6.29565713]
0.270 1.00e-06 [4.13252682]
0.290 1.00e-06 [2.4372344]
0.310 1.00e-06 [1.80887876]
0.330 1.00e-06 [1.12388653]
0.350 1.00e-06 [0.74904741]
0.370 1.00e-06 [0.43995488]
0.390 1.00e-06 [0.25650358]
0.410 1.00e-06 [0.13974474]
0.430 1.00e-06 [0.07580665]
0.450 1.00e-06 [0.03424673]
0.470 1.00e-06 [0.01437601]
0.490 1.00e-06 [0.0046728]
0.510 1.00e-06 [0.00118871]
0.530 1.00e-06 [0.0001895]
0.001 1.99e-06 [3.71213714]
0.002 1.99e-06 [10.66388311]
0.003 1.99e-06 [23.31958508]
0.004 1.99e-06 [37.22939464]
0.005 1.99e-06 [53.66707618]
0.007 1.99e-06 [90.08771811]
0.010 1.99e-06 [141.62097248]
0.020 1.99e-06 [255.19486519]
0.040 1.99e-06 [278.38400184]
0.060 1.99e-06 [223.13418541]
0.080 1.99e-06 [164.14305717]
0.100 1.99e-06 [116.30436444]
0.120 1.99e-06 [79.10299405]
0.140 1.99e-06 [54.42083599]
0.160 1.99e-06 [35.61271427]
0.180 1.99e-06 [23.67303865]
0.200 1.99e-06 [16.35603966]
0.220 1.99e-06 [4.78876761]
0.250 1.99e-06 [1.28520837]
0.270 1.99e-06 [0.60704212]
0.290 1.99e-06 [0.20803889]
0.310 1.99e-06 [0.12177174]
0.330 1.99e-06 [0.04896657]
0.350 1.99e-06 [0.02945877]
0.370 1.99e-06 [0.00761981]
0.390 1.99e-06 [0.00227117]
0.410 1.99e-06 [0.00080841]
0.430 1.99e-06 [0.00053974]
0.450 1.99e-06 [0.]
0.470 1.99e-06 [0.]
0.490 1.99e-06 [0.]
0.510 1.99e-06 [0.]
0.530 1.99e-06 [0.]
0.001 3.98e-06 [55.96711862]
0.002 3.98e-06 [145.89478514]
0.003 3.98e-06 [289.36797559]
0.004 3.98e-06 [428.07971176]
0.005 3.98e-06 [557.13418077]
0.007 3.98e-06 [787.22958459]
0.010 3.98e-06 [1009.49998483]
0.020 3.98e-06 [1117.8912548]
0.040 3.98e-06 [668.33860889]
0.060 3.98e-06 [346.80118809]
0.080 3.98e-06 [166.27692778]
0.100 3.98e-06 [75.8390531]
0.120 3.98e-06 [37.35693708]
0.140 3.98e-06 [17.44677184]
0.160 3.98e-06 [7.94544645]
0.180 3.98e-06 [3.8987978]
0.200 3.98e-06 [1.49412939]
0.220 3.98e-06 [0.11099391]
0.250 3.98e-06 [0.]
0.270 3.98e-06 [0.]
0.290 3.98e-06 [0.]
0.310 3.98e-06 [0.]
0.330 3.98e-06 [0.]
0.350 3.98e-06 [0.]
0.370 3.98e-06 [0.]
0.390 3.98e-06 [0.]
0.410 3.98e-06 [0.]
0.430 3.98e-06 [0.]
0.450 3.98e-06 [0.]
0.470 3.98e-06 [0.]
0.490 3.98e-06 [0.]
0.510 3.98e-06 [0.]
0.530 3.98e-06 [0.]
0.001 7.94e-06 [759.44098666]
0.002 7.94e-06 [1666.32957115]
0.003 7.94e-06 [2751.27521697]
0.004 7.94e-06 [3489.15627778]
0.005 7.94e-06 [3973.86120419]
0.007 7.94e-06 [4505.55329204]
0.010 7.94e-06 [4471.39513397]
0.020 7.94e-06 [2755.00848068]
0.040 7.94e-06 [682.09828096]
0.060 7.94e-06 [154.95556441]
0.080 7.94e-06 [38.59896495]
0.100 7.94e-06 [5.41057564]
0.120 7.94e-06 [1.55046495]
0.140 7.94e-06 [0.2445578]
0.160 7.94e-06 [0.]
0.180 7.94e-06 [0.]
0.200 7.94e-06 [0.]
0.220 7.94e-06 [0.]
0.250 7.94e-06 [0.]
0.270 7.94e-06 [0.]
0.290 7.94e-06 [0.]
0.310 7.94e-06 [0.]
0.330 7.94e-06 [0.]
0.350 7.94e-06 [0.]
0.370 7.94e-06 [0.]
0.390 7.94e-06 [0.]
0.410 7.94e-06 [0.]
0.430 7.94e-06 [0.]
0.450 7.94e-06 [0.]
0.470 7.94e-06 [0.]
0.490 7.94e-06 [0.]
0.510 7.94e-06 [0.]
0.530 7.94e-06 [0.]
0.001 1.58e-05 [8195.75403896]
0.002 1.58e-05 [13655.49918386]
0.003 1.58e-05 [17338.70232438]
0.004 1.58e-05 [18283.43106153]
0.005 1.58e-05 [17974.84471873]
0.007 1.58e-05 [15360.07458201]
0.010 1.58e-05 [11002.89906679]
0.020 1.58e-05 [2823.98224248]
0.040 1.58e-05 [141.97430322]
0.060 1.58e-05 [6.32462449]
0.080 1.58e-05 [0.]
0.100 1.58e-05 [0.]
0.120 1.58e-05 [0.]
0.140 1.58e-05 [0.]
0.160 1.58e-05 [0.]
0.180 1.58e-05 [0.]
0.200 1.58e-05 [0.]
0.220 1.58e-05 [0.]
0.250 1.58e-05 [0.]
0.270 1.58e-05 [0.]
0.290 1.58e-05 [0.]
0.310 1.58e-05 [0.]
0.330 1.58e-05 [0.]
0.350 1.58e-05 [0.]
0.370 1.58e-05 [0.]
0.390 1.58e-05 [0.]
0.410 1.58e-05 [0.]
0.430 1.58e-05 [0.]
0.450 1.58e-05 [0.]
0.470 1.58e-05 [0.]
0.490 1.58e-05 [0.]
0.510 1.58e-05 [0.]
0.530 1.58e-05 [0.]
0.001 3.16e-05 [61316.46006173]
0.002 3.16e-05 [72507.24692932]
0.003 3.16e-05 [66062.97015691]
0.004 3.16e-05 [55254.28111461]
0.005 3.16e-05 [44439.09489533]
0.007 3.16e-05 [26224.38168823]
0.010 3.16e-05 [11148.27599943]
0.020 3.16e-05 [581.51058971]
0.040 3.16e-05 [0.]
0.060 3.16e-05 [0.]
0.080 3.16e-05 [0.]
0.100 3.16e-05 [0.]
0.120 3.16e-05 [0.]
0.140 3.16e-05 [0.]
0.160 3.16e-05 [0.]
0.180 3.16e-05 [0.]
0.200 3.16e-05 [0.]
0.220 3.16e-05 [0.]
0.250 3.16e-05 [0.]
0.270 3.16e-05 [0.]
0.290 3.16e-05 [0.]
0.310 3.16e-05 [0.]
0.330 3.16e-05 [0.]
0.350 3.16e-05 [0.]
0.370 3.16e-05 [0.]
0.390 3.16e-05 [0.]
0.410 3.16e-05 [0.]
0.430 3.16e-05 [0.]
0.450 3.16e-05 [0.]
0.470 3.16e-05 [0.]
0.490 3.16e-05 [0.]
0.510 3.16e-05 [0.]
0.530 3.16e-05 [0.]
0.001 6.31e-05 [285090.14427495]
0.002 6.31e-05 [224210.18083224]
0.003 6.31e-05 [134315.31900852]
0.004 6.31e-05 [79145.74403734]
0.005 6.31e-05 [45397.49623637]
0.007 6.31e-05 [14052.28538247]
0.010 6.31e-05 [2539.07124319]
0.020 6.31e-05 [0.]
0.040 6.31e-05 [0.]
0.060 6.31e-05 [0.]
0.080 6.31e-05 [0.]
0.100 6.31e-05 [0.]
0.120 6.31e-05 [0.]
0.140 6.31e-05 [0.]
0.160 6.31e-05 [0.]
0.180 6.31e-05 [0.]
0.200 6.31e-05 [0.]
0.220 6.31e-05 [0.]
0.250 6.31e-05 [0.]
0.270 6.31e-05 [0.]
0.290 6.31e-05 [0.]
0.310 6.31e-05 [0.]
0.330 6.31e-05 [0.]
0.350 6.31e-05 [0.]
0.370 6.31e-05 [0.]
0.390 6.31e-05 [0.]
0.410 6.31e-05 [0.]
0.430 6.31e-05 [0.]
0.450 6.31e-05 [0.]
0.470 6.31e-05 [0.]
0.490 6.31e-05 [0.]
0.510 6.31e-05 [0.]
0.530 6.31e-05 [0.]
0.001 1.26e-04 [761531.82971728]
0.002 1.26e-04 [325052.1639331]
0.003 1.26e-04 [100120.9923765]
0.004 1.26e-04 [32456.18841276]
0.005 1.26e-04 [9589.32030376]
0.007 1.26e-04 [827.11561656]
0.010 1.26e-04 [0.]
0.020 1.26e-04 [0.]
0.040 1.26e-04 [0.]
0.060 1.26e-04 [0.]
0.080 1.26e-04 [0.]
0.100 1.26e-04 [0.]
0.120 1.26e-04 [0.]
0.140 1.26e-04 [0.]
0.160 1.26e-04 [0.]
0.180 1.26e-04 [0.]
0.200 1.26e-04 [0.]
0.220 1.26e-04 [0.]
0.250 1.26e-04 [0.]
0.270 1.26e-04 [0.]
0.290 1.26e-04 [0.]
0.310 1.26e-04 [0.]
0.330 1.26e-04 [0.]
0.350 1.26e-04 [0.]
0.370 1.26e-04 [0.]
0.390 1.26e-04 [0.]
0.410 1.26e-04 [0.]
0.430 1.26e-04 [0.]
0.450 1.26e-04 [0.]
0.470 1.26e-04 [0.]
0.490 1.26e-04 [0.]
0.510 1.26e-04 [0.]
0.530 1.26e-04 [0.]
0.001 2.51e-04 [876596.26156114]
0.002 2.51e-04 [142701.90427962]
0.003 2.51e-04 [12727.23574337]
0.004 2.51e-04 [748.60856698]
0.005 2.51e-04 [0.]
0.007 2.51e-04 [0.]
0.010 2.51e-04 [0.]
0.020 2.51e-04 [0.]
0.040 2.51e-04 [0.]
0.060 2.51e-04 [0.]
0.080 2.51e-04 [0.]
0.100 2.51e-04 [0.]
0.120 2.51e-04 [0.]
0.140 2.51e-04 [0.]
0.160 2.51e-04 [0.]
0.180 2.51e-04 [0.]
0.200 2.51e-04 [0.]
0.220 2.51e-04 [0.]
0.250 2.51e-04 [0.]
0.270 2.51e-04 [0.]
0.290 2.51e-04 [0.]
0.310 2.51e-04 [0.]
0.330 2.51e-04 [0.]
0.350 2.51e-04 [0.]
0.370 2.51e-04 [0.]
0.390 2.51e-04 [0.]
0.410 2.51e-04 [0.]
0.430 2.51e-04 [0.]
0.450 2.51e-04 [0.]
0.470 2.51e-04 [0.]
0.490 2.51e-04 [0.]
0.510 2.51e-04 [0.]
0.530 2.51e-04 [0.]
0.001 5.01e-04 [231300.71902631]
0.002 5.01e-04 [4172.85476144]
0.003 5.01e-04 [0.]
0.004 5.01e-04 [0.]
0.005 5.01e-04 [0.]
0.007 5.01e-04 [0.]
0.010 5.01e-04 [0.]
0.020 5.01e-04 [0.]
0.040 5.01e-04 [0.]
0.060 5.01e-04 [0.]
0.080 5.01e-04 [0.]
0.100 5.01e-04 [0.]
0.120 5.01e-04 [0.]
0.140 5.01e-04 [0.]
0.160 5.01e-04 [0.]
0.180 5.01e-04 [0.]
0.200 5.01e-04 [0.]
0.220 5.01e-04 [0.]
0.250 5.01e-04 [0.]
0.270 5.01e-04 [0.]
0.290 5.01e-04 [0.]
0.310 5.01e-04 [0.]
0.330 5.01e-04 [0.]
0.350 5.01e-04 [0.]
0.370 5.01e-04 [0.]
0.390 5.01e-04 [0.]
0.410 5.01e-04 [0.]
0.430 5.01e-04 [0.]
0.450 5.01e-04 [0.]
0.470 5.01e-04 [0.]
0.490 5.01e-04 [0.]
0.510 5.01e-04 [0.]
0.530 5.01e-04 [0.]
0.001 1.00e-03 [2373.26187234]
0.002 1.00e-03 [0.]
0.003 1.00e-03 [0.]
0.004 1.00e-03 [0.]
0.005 1.00e-03 [0.]
0.007 1.00e-03 [0.]
0.010 1.00e-03 [0.]
0.020 1.00e-03 [0.]
0.040 1.00e-03 [0.]
0.060 1.00e-03 [0.]
0.080 1.00e-03 [0.]
0.100 1.00e-03 [0.]
0.120 1.00e-03 [0.]
0.140 1.00e-03 [0.]
0.160 1.00e-03 [0.]
0.180 1.00e-03 [0.]
0.200 1.00e-03 [0.]
0.220 1.00e-03 [0.]
0.250 1.00e-03 [0.]
0.270 1.00e-03 [0.]
0.290 1.00e-03 [0.]
0.310 1.00e-03 [0.]
0.330 1.00e-03 [0.]
0.350 1.00e-03 [0.]
0.370 1.00e-03 [0.]
0.390 1.00e-03 [0.]
0.410 1.00e-03 [0.]
0.430 1.00e-03 [0.]
0.450 1.00e-03 [0.]
0.470 1.00e-03 [0.]
0.490 1.00e-03 [0.]
0.510 1.00e-03 [0.]
0.530 1.00e-03 [0.]
