0.001 1.00e-09 [0.]
0.002 1.00e-09 [0.]
0.003 1.00e-09 [0.]
0.004 1.00e-09 [0.]
0.005 1.00e-09 [0.]
0.007 1.00e-09 [0.]
0.010 1.00e-09 [0.]
0.020 1.00e-09 [0.]
0.040 1.00e-09 [0.]
0.060 1.00e-09 [0.]
0.080 1.00e-09 [0.]
0.100 1.00e-09 [2.14394854e-08]
0.120 1.00e-09 [2.04791337e-08]
0.140 1.00e-09 [1.93812771e-08]
0.160 1.00e-09 [1.81645594e-08]
0.180 1.00e-09 [1.68497516e-08]
0.200 1.00e-09 [3.09103565e-08]
0.220 1.00e-09 [4.2020968e-08]
0.250 1.00e-09 [4.71408246e-08]
0.270 1.00e-09 [4.12222127e-08]
0.290 1.00e-09 [4.42972446e-08]
0.310 1.00e-09 [3.73118555e-08]
0.330 1.00e-09 [3.69092456e-08]
0.350 1.00e-09 [3.45410532e-08]
0.370 1.00e-09 [2.68031695e-08]
0.390 1.00e-09 [2.28256799e-08]
0.410 1.00e-09 [1.82805621e-08]
0.430 1.00e-09 [1.22050066e-08]
0.450 1.00e-09 [8.29218673e-09]
0.470 1.00e-09 [4.89585531e-09]
0.490 1.00e-09 [2.29809827e-09]
0.510 1.00e-09 [8.26377569e-10]
0.530 1.00e-09 [1.96521763e-10]
0.001 2.00e-09 [0.]
0.002 2.00e-09 [0.]
0.003 2.00e-09 [0.]
0.004 2.00e-09 [0.]
0.005 2.00e-09 [0.]
0.007 2.00e-09 [0.]
0.010 2.00e-09 [0.]
0.020 2.00e-09 [0.]
0.040 2.00e-09 [0.]
0.060 2.00e-09 [9.15584265e-08]
0.080 2.00e-09 [8.89884887e-08]
0.100 2.00e-09 [1.71515883e-07]
0.120 2.00e-09 [2.45749605e-07]
0.140 2.00e-09 [3.10100434e-07]
0.160 2.00e-09 [2.9063295e-07]
0.180 2.00e-09 [3.36995031e-07]
0.200 2.00e-09 [3.70924277e-07]
0.220 2.00e-09 [5.60279574e-07]
0.250 2.00e-09 [7.07112369e-07]
0.270 2.00e-09 [7.00777616e-07]
0.290 2.00e-09 [7.4419371e-07]
0.310 2.00e-09 [6.56688658e-07]
0.330 2.00e-09 [5.9054793e-07]
0.350 2.00e-09 [5.13181362e-07]
0.370 2.00e-09 [4.44166809e-07]
0.390 2.00e-09 [3.65210878e-07]
0.410 2.00e-09 [2.76239605e-07]
0.430 2.00e-09 [2.00704553e-07]
0.450 2.00e-09 [1.32674988e-07]
0.470 2.00e-09 [7.65533739e-08]
0.490 2.00e-09 [3.60035395e-08]
0.510 2.00e-09 [1.27135011e-08]
0.530 2.00e-09 [3.03205005e-09]
0.001 4.00e-09 [0.]
0.002 4.00e-09 [0.]
0.003 4.00e-09 [0.]
0.004 4.00e-09 [0.]
0.005 4.00e-09 [0.]
0.007 4.00e-09 [0.]
0.010 4.00e-09 [0.]
0.020 4.00e-09 [0.]
0.040 4.00e-09 [7.47378547e-07]
0.060 4.00e-09 [1.46493482e-06]
0.080 4.00e-09 [2.13572373e-06]
0.100 4.00e-09 [3.08728589e-06]
0.120 4.00e-09 [3.60432754e-06]
0.140 4.00e-09 [4.34140607e-06]
0.160 4.00e-09 [5.2313931e-06]
0.180 4.00e-09 [5.66151652e-06]
0.200 4.00e-09 [6.18207129e-06]
0.220 4.00e-09 [8.96447318e-06]
0.250 4.00e-09 [1.09366713e-05]
0.270 4.00e-09 [1.12124418e-05]
0.290 4.00e-09 [1.17653482e-05]
0.310 4.00e-09 [1.02682226e-05]
0.330 4.00e-09 [9.44876687e-06]
0.350 4.00e-09 [8.28985277e-06]
0.370 4.00e-09 [7.10666895e-06]
0.390 4.00e-09 [5.70641997e-06]
0.410 4.00e-09 [4.45233246e-06]
0.430 4.00e-09 [3.21127285e-06]
0.450 4.00e-09 [2.1095323e-06]
0.470 4.00e-09 [1.21773274e-06]
0.490 4.00e-09 [5.66864239e-07]
0.510 4.00e-09 [2.01381857e-07]
0.530 4.00e-09 [4.82882046e-08]
0.001 8.00e-09 [0.]
0.002 8.00e-09 [0.]
0.003 8.00e-09 [0.]
0.004 8.00e-09 [0.]
0.005 8.00e-09 [0.]
0.007 8.00e-09 [0.]
0.010 8.00e-09 [0.]
0.020 8.00e-09 [3.02570341e-06]
0.040 8.00e-09 [1.04632997e-05]
0.060 8.00e-09 [2.05090875e-05]
0.080 8.00e-09 [3.27477639e-05]
0.100 8.00e-09 [4.66523202e-05]
0.120 8.00e-09 [5.89799052e-05]
0.140 8.00e-09 [7.19433006e-05]
0.160 8.00e-09 [8.25397579e-05]
0.180 8.00e-09 [9.16626484e-05]
0.200 8.00e-09 [9.69348778e-05]
0.220 8.00e-09 [0.00014254]
0.250 8.00e-09 [0.00017423]
0.270 8.00e-09 [0.00017874]
0.290 8.00e-09 [0.00018598]
0.310 8.00e-09 [0.00016381]
0.330 8.00e-09 [0.00014921]
0.350 8.00e-09 [0.00013169]
0.370 8.00e-09 [0.00011224]
0.390 8.00e-09 [9.07549033e-05]
0.410 8.00e-09 [7.03273536e-05]
0.430 8.00e-09 [5.06860364e-05]
0.450 8.00e-09 [3.33810269e-05]
0.470 8.00e-09 [1.9227359e-05]
0.490 8.00e-09 [8.94726258e-06]
0.510 8.00e-09 [3.17735818e-06]
0.530 8.00e-09 [7.61830651e-07]
0.001 1.60e-08 [0.]
0.002 1.60e-08 [0.]
0.003 1.60e-08 [0.]
0.004 1.60e-08 [0.]
0.005 1.60e-08 [0.]
0.007 1.60e-08 [6.0726792e-06]
0.010 1.60e-08 [1.21391677e-05]
0.020 1.60e-08 [4.23598477e-05]
0.040 1.60e-08 [0.00016143]
0.060 1.60e-08 [0.00033401]
0.080 1.60e-08 [0.00051827]
0.100 1.60e-08 [0.00074095]
0.120 1.60e-08 [0.00094368]
0.140 1.60e-08 [0.00113125]
0.160 1.60e-08 [0.00131134]
0.180 1.60e-08 [0.00145366]
0.200 1.60e-08 [0.00153118]
0.220 1.60e-08 [0.00225546]
0.250 1.60e-08 [0.0027485]
0.270 1.60e-08 [0.00280443]
0.290 1.60e-08 [0.00291894]
0.310 1.60e-08 [0.0025618]
0.330 1.60e-08 [0.00233227]
0.350 1.60e-08 [0.00205652]
0.370 1.60e-08 [0.00174775]
0.390 1.60e-08 [0.00141044]
0.410 1.60e-08 [0.00109144]
0.430 1.60e-08 [0.00078529]
0.450 1.60e-08 [0.00051584]
0.470 1.60e-08 [0.0002967]
0.490 1.60e-08 [0.00013767]
0.510 1.60e-08 [4.87872975e-05]
0.530 1.60e-08 [1.16610399e-05]
0.001 3.20e-08 [0.]
0.002 3.20e-08 [0.]
0.003 3.20e-08 [2.43004259e-05]
0.004 3.20e-08 [2.42987264e-05]
0.005 3.20e-08 [4.85930805e-05]
0.007 3.20e-08 [9.71628673e-05]
0.010 3.20e-08 [0.00019423]
0.020 3.20e-08 [0.00067776]
0.040 3.20e-08 [0.00255902]
0.060 3.20e-08 [0.0052972]
0.080 3.20e-08 [0.0081784]
0.100 3.20e-08 [0.01167955]
0.120 3.20e-08 [0.01488915]
0.140 3.20e-08 [0.01780225]
0.160 3.20e-08 [0.02057216]
0.180 3.20e-08 [0.02270646]
0.200 3.20e-08 [0.02388159]
0.220 3.20e-08 [0.03476781]
0.250 3.20e-08 [0.0418158]
0.270 3.20e-08 [0.04234873]
0.290 3.20e-08 [0.04364576]
0.310 3.20e-08 [0.03823026]
0.330 3.20e-08 [0.03458249]
0.350 3.20e-08 [0.03029696]
0.370 3.20e-08 [0.02556832]
0.390 3.20e-08 [0.02049563]
0.410 3.20e-08 [0.01574709]
0.430 3.20e-08 [0.01124397]
0.450 3.20e-08 [0.0073296]
0.470 3.20e-08 [0.00418342]
0.490 3.20e-08 [0.001923]
0.510 3.20e-08 [0.00067567]
0.530 3.20e-08 [0.00015971]
0.001 6.30e-08 [0.]
0.002 6.30e-08 [9.41925887e-05]
0.003 6.30e-08 [0.00028256]
0.004 6.30e-08 [0.00047091]
0.005 6.30e-08 [0.00075338]
0.007 6.30e-08 [0.00141225]
0.010 6.30e-08 [0.00282307]
0.020 6.30e-08 [0.01032025]
0.040 6.30e-08 [0.03921138]
0.060 6.30e-08 [0.08031038]
0.080 6.30e-08 [0.12326516]
0.100 6.30e-08 [0.17418602]
0.120 6.30e-08 [0.22027336]
0.140 6.30e-08 [0.26100411]
0.160 6.30e-08 [0.29869015]
0.180 6.30e-08 [0.32662563]
0.200 6.30e-08 [0.34044589]
0.220 6.30e-08 [0.47410342]
0.250 6.30e-08 [0.54357789]
0.270 6.30e-08 [0.53664396]
0.290 6.30e-08 [0.53500737]
0.310 6.30e-08 [0.46444222]
0.330 6.30e-08 [0.41162034]
0.350 6.30e-08 [0.35323104]
0.370 6.30e-08 [0.2913493]
0.390 6.30e-08 [0.22868474]
0.410 6.30e-08 [0.17173093]
0.430 6.30e-08 [0.11978011]
0.450 6.30e-08 [0.07637487]
0.470 6.30e-08 [0.04261184]
0.490 6.30e-08 [0.01906853]
0.510 6.30e-08 [0.00654137]
0.530 6.30e-08 [0.00149915]
0.001 1.26e-07 [0.00075356]
0.002 1.26e-07 [0.00188385]
0.003 1.26e-07 [0.00414427]
0.004 1.26e-07 [0.00715778]
0.005 1.26e-07 [0.01130074]
0.007 1.26e-07 [0.02221946]
0.010 1.26e-07 [0.04441627]
0.020 1.26e-07 [0.16287229]
0.040 1.26e-07 [0.60290971]
0.060 1.26e-07 [1.19593424]
0.080 1.26e-07 [1.79070023]
0.100 1.26e-07 [2.44081672]
0.120 1.26e-07 [2.99149102]
0.140 1.26e-07 [3.44743893]
0.160 1.26e-07 [3.80316263]
0.180 1.26e-07 [4.04068803]
0.200 1.26e-07 [4.08976731]
0.220 1.26e-07 [4.97675167]
0.250 1.26e-07 [5.01695123]
0.270 1.26e-07 [4.65849492]
0.290 1.26e-07 [4.29496814]
0.310 1.26e-07 [3.66210665]
0.330 1.26e-07 [3.11092101]
0.350 1.26e-07 [2.55455999]
0.370 1.26e-07 [2.0190046]
0.390 1.26e-07 [1.5270714]
0.410 1.26e-07 [1.09955519]
0.430 1.26e-07 [0.73878931]
0.450 1.26e-07 [0.45433929]
0.470 1.26e-07 [0.24469747]
0.490 1.26e-07 [0.10534627]
0.510 1.26e-07 [0.03492531]
0.530 1.26e-07 [0.00767872]
0.001 2.51e-07 [0.00897107]
0.002 2.51e-07 [0.02840774]
0.003 2.51e-07 [0.06578306]
0.004 2.51e-07 [0.1106274]
0.005 2.51e-07 [0.17638999]
0.007 2.51e-07 [0.348212]
0.010 2.51e-07 [0.6915879]
0.020 2.51e-07 [2.45575187]
0.040 2.51e-07 [8.36210753]
0.060 2.51e-07 [14.96434075]
0.080 2.51e-07 [20.76877462]
0.100 2.51e-07 [25.56216817]
0.120 2.51e-07 [28.85803547]
0.140 2.51e-07 [30.86544504]
0.160 2.51e-07 [31.35043819]
0.180 2.51e-07 [31.20748211]
0.200 2.51e-07 [29.8903873]
0.220 2.51e-07 [29.24718406]
0.250 2.51e-07 [24.67408782]
0.270 2.51e-07 [21.36715171]
0.290 2.51e-07 [17.84865315]
0.310 2.51e-07 [14.91838228]
0.330 2.51e-07 [12.05523078]
0.350 2.51e-07 [9.39524652]
0.370 2.51e-07 [7.09440232]
0.390 2.51e-07 [5.12949103]
0.410 2.51e-07 [3.5185522]
0.430 2.51e-07 [2.27662382]
0.450 2.51e-07 [1.34307944]
0.470 2.51e-07 [0.69483972]
0.490 2.51e-07 [0.28665726]
0.510 2.51e-07 [0.09132583]
0.530 2.51e-07 [0.01914025]
0.001 5.01e-07 [0.14892278]
0.002 5.01e-07 [0.45867156]
0.003 5.01e-07 [1.04238326]
0.004 5.01e-07 [1.73916929]
0.005 5.01e-07 [2.75740731]
0.007 5.01e-07 [5.35273222]
0.010 5.01e-07 [10.3488951]
0.020 5.01e-07 [33.35073594]
0.040 5.01e-07 [90.03280151]
0.060 5.01e-07 [129.86708114]
0.080 5.01e-07 [154.60000597]
0.100 5.01e-07 [163.16199438]
0.120 5.01e-07 [163.70259419]
0.140 5.01e-07 [156.59046991]
0.160 5.01e-07 [145.98494939]
0.180 5.01e-07 [132.18268251]
0.200 5.01e-07 [118.15465915]
0.220 5.01e-07 [91.56818624]
0.250 5.01e-07 [63.22639798]
0.270 5.01e-07 [49.77853469]
0.290 5.01e-07 [36.18676708]
0.310 5.01e-07 [29.49699]
0.330 5.01e-07 [21.91614529]
0.350 5.01e-07 [15.79520792]
0.370 5.01e-07 [11.01888433]
0.390 5.01e-07 [7.42226732]
0.410 5.01e-07 [4.76432954]
0.430 5.01e-07 [2.86298185]
0.450 5.01e-07 [1.57745301]
0.470 5.01e-07 [0.75876802]
0.490 5.01e-07 [0.28874896]
0.510 5.01e-07 [0.08614378]
0.530 5.01e-07 [0.01663382]
0.001 1.00e-06 [2.37326187]
0.002 1.00e-06 [7.11962122]
0.003 1.00e-06 [16.1132707]
0.004 1.00e-06 [26.57673201]
0.005 1.00e-06 [40.88177622]
0.007 1.00e-06 [75.93221145]
0.010 1.00e-06 [136.66047419]
0.020 1.00e-06 [355.59106533]
0.040 1.00e-06 [636.0658545]
0.060 1.00e-06 [703.67228708]
0.080 1.00e-06 [675.17791122]
0.100 1.00e-06 [605.96561463]
0.120 1.00e-06 [520.27239256]
0.140 1.00e-06 [435.14843339]
0.160 1.00e-06 [361.62004826]
0.180 1.00e-06 [290.89411081]
0.200 1.00e-06 [235.10417117]
0.220 1.00e-06 [127.60367296]
0.250 1.00e-06 [62.95657128]
0.270 1.00e-06 [41.32526821]
0.290 1.00e-06 [24.372344]
0.310 1.00e-06 [18.08878757]
0.330 1.00e-06 [11.23886529]
0.350 1.00e-06 [7.49047411]
0.370 1.00e-06 [4.39954883]
0.390 1.00e-06 [2.56503578]
0.410 1.00e-06 [1.39744741]
0.430 1.00e-06 [0.75806652]
0.450 1.00e-06 [0.34246731]
0.470 1.00e-06 [0.14376012]
0.490 1.00e-06 [0.046728]
0.510 1.00e-06 [0.01188712]
0.530 1.00e-06 [0.00189503]
0.001 1.99e-06 [37.12137142]
0.002 1.99e-06 [106.63883109]
0.003 1.99e-06 [233.19585078]
0.004 1.99e-06 [372.29394639]
0.005 1.99e-06 [536.67076183]
0.007 1.99e-06 [900.87718114]
0.010 1.99e-06 [1416.20972476]
0.020 1.99e-06 [2551.94865188]
0.040 1.99e-06 [2783.84001838]
0.060 1.99e-06 [2231.34185411]
0.080 1.99e-06 [1641.43057175]
0.100 1.99e-06 [1163.04364442]
0.120 1.99e-06 [791.02994051]
0.140 1.99e-06 [544.20835986]
0.160 1.99e-06 [356.12714272]
0.180 1.99e-06 [236.73038646]
0.200 1.99e-06 [163.56039662]
0.220 1.99e-06 [47.88767612]
0.250 1.99e-06 [12.85208374]
0.270 1.99e-06 [6.07042117]
0.290 1.99e-06 [2.08038886]
0.310 1.99e-06 [1.21771737]
0.330 1.99e-06 [0.48966573]
0.350 1.99e-06 [0.29458769]
0.370 1.99e-06 [0.07619806]
0.390 1.99e-06 [0.02271169]
0.410 1.99e-06 [0.00808412]
0.430 1.99e-06 [0.00539736]
0.450 1.99e-06 [0.]
0.470 1.99e-06 [0.]
0.490 1.99e-06 [0.]
0.510 1.99e-06 [0.]
0.530 1.99e-06 [0.]
0.001 3.98e-06 [559.6711862]
0.002 3.98e-06 [1458.94785139]
0.003 3.98e-06 [2893.67975587]
0.004 3.98e-06 [4280.79711763]
0.005 3.98e-06 [5571.3418077]
0.007 3.98e-06 [7872.29584592]
0.010 3.98e-06 [10094.9998483]
0.020 3.98e-06 [11178.91254797]
0.040 3.98e-06 [6683.38608894]
0.060 3.98e-06 [3468.01188092]
0.080 3.98e-06 [1662.76927777]
0.100 3.98e-06 [758.39053104]
0.120 3.98e-06 [373.56937078]
0.140 3.98e-06 [174.46771841]
0.160 3.98e-06 [79.4544645]
0.180 3.98e-06 [38.98797802]
0.200 3.98e-06 [14.94129387]
0.220 3.98e-06 [1.10993912]
0.250 3.98e-06 [0.]
0.270 3.98e-06 [0.]
0.290 3.98e-06 [0.]
0.310 3.98e-06 [0.]
0.330 3.98e-06 [0.]
0.350 3.98e-06 [0.]
0.370 3.98e-06 [0.]
0.390 3.98e-06 [0.]
0.410 3.98e-06 [0.]
0.430 3.98e-06 [0.]
0.450 3.98e-06 [0.]
0.470 3.98e-06 [0.]
0.490 3.98e-06 [0.]
0.510 3.98e-06 [0.]
0.530 3.98e-06 [0.]
0.001 7.94e-06 [7594.40986662]
0.002 7.94e-06 [16663.29571149]
0.003 7.94e-06 [27512.75216967]
0.004 7.94e-06 [34891.56277781]
0.005 7.94e-06 [39738.61204189]
0.007 7.94e-06 [45055.53292042]
0.010 7.94e-06 [44713.95133966]
0.020 7.94e-06 [27550.08480676]
0.040 7.94e-06 [6820.98280965]
0.060 7.94e-06 [1549.55564414]
0.080 7.94e-06 [385.98964948]
0.100 7.94e-06 [54.10575641]
0.120 7.94e-06 [15.50464951]
0.140 7.94e-06 [2.44557796]
0.160 7.94e-06 [0.]
0.180 7.94e-06 [0.]
0.200 7.94e-06 [0.]
0.220 7.94e-06 [0.]
0.250 7.94e-06 [0.]
0.270 7.94e-06 [0.]
0.290 7.94e-06 [0.]
0.310 7.94e-06 [0.]
0.330 7.94e-06 [0.]
0.350 7.94e-06 [0.]
0.370 7.94e-06 [0.]
0.390 7.94e-06 [0.]
0.410 7.94e-06 [0.]
0.430 7.94e-06 [0.]
0.450 7.94e-06 [0.]
0.470 7.94e-06 [0.]
0.490 7.94e-06 [0.]
0.510 7.94e-06 [0.]
0.530 7.94e-06 [0.]
0.001 1.58e-05 [81957.54038957]
0.002 1.58e-05 [136554.99183855]
0.003 1.58e-05 [173387.02324383]
0.004 1.58e-05 [182834.31061532]
0.005 1.58e-05 [179748.44718727]
0.007 1.58e-05 [153600.74582006]
0.010 1.58e-05 [110028.99066788]
0.020 1.58e-05 [28239.82242476]
0.040 1.58e-05 [1419.74303218]
0.060 1.58e-05 [63.24624487]
0.080 1.58e-05 [0.]
0.100 1.58e-05 [0.]
0.120 1.58e-05 [0.]
0.140 1.58e-05 [0.]
0.160 1.58e-05 [0.]
0.180 1.58e-05 [0.]
0.200 1.58e-05 [0.]
0.220 1.58e-05 [0.]
0.250 1.58e-05 [0.]
0.270 1.58e-05 [0.]
0.290 1.58e-05 [0.]
0.310 1.58e-05 [0.]
0.330 1.58e-05 [0.]
0.350 1.58e-05 [0.]
0.370 1.58e-05 [0.]
0.390 1.58e-05 [0.]
0.410 1.58e-05 [0.]
0.430 1.58e-05 [0.]
0.450 1.58e-05 [0.]
0.470 1.58e-05 [0.]
0.490 1.58e-05 [0.]
0.510 1.58e-05 [0.]
0.530 1.58e-05 [0.]
0.001 3.16e-05 [613164.60061727]
0.002 3.16e-05 [725072.46929322]
0.003 3.16e-05 [660629.70156906]
0.004 3.16e-05 [552542.81114607]
0.005 3.16e-05 [444390.94895329]
0.007 3.16e-05 [262243.81688225]
0.010 3.16e-05 [111482.75999431]
0.020 3.16e-05 [5815.10589713]
0.040 3.16e-05 [0.]
0.060 3.16e-05 [0.]
0.080 3.16e-05 [0.]
0.100 3.16e-05 [0.]
0.120 3.16e-05 [0.]
0.140 3.16e-05 [0.]
0.160 3.16e-05 [0.]
0.180 3.16e-05 [0.]
0.200 3.16e-05 [0.]
0.220 3.16e-05 [0.]
0.250 3.16e-05 [0.]
0.270 3.16e-05 [0.]
0.290 3.16e-05 [0.]
0.310 3.16e-05 [0.]
0.330 3.16e-05 [0.]
0.350 3.16e-05 [0.]
0.370 3.16e-05 [0.]
0.390 3.16e-05 [0.]
0.410 3.16e-05 [0.]
0.430 3.16e-05 [0.]
0.450 3.16e-05 [0.]
0.470 3.16e-05 [0.]
0.490 3.16e-05 [0.]
0.510 3.16e-05 [0.]
0.530 3.16e-05 [0.]
0.001 6.31e-05 [2850901.4427495]
0.002 6.31e-05 [2242101.80832244]
0.003 6.31e-05 [1343153.1900852]
0.004 6.31e-05 [791457.44037336]
0.005 6.31e-05 [453974.96236367]
0.007 6.31e-05 [140522.85382474]
0.010 6.31e-05 [25390.71243193]
0.020 6.31e-05 [0.]
0.040 6.31e-05 [0.]
0.060 6.31e-05 [0.]
0.080 6.31e-05 [0.]
0.100 6.31e-05 [0.]
0.120 6.31e-05 [0.]
0.140 6.31e-05 [0.]
0.160 6.31e-05 [0.]
0.180 6.31e-05 [0.]
0.200 6.31e-05 [0.]
0.220 6.31e-05 [0.]
0.250 6.31e-05 [0.]
0.270 6.31e-05 [0.]
0.290 6.31e-05 [0.]
0.310 6.31e-05 [0.]
0.330 6.31e-05 [0.]
0.350 6.31e-05 [0.]
0.370 6.31e-05 [0.]
0.390 6.31e-05 [0.]
0.410 6.31e-05 [0.]
0.430 6.31e-05 [0.]
0.450 6.31e-05 [0.]
0.470 6.31e-05 [0.]
0.490 6.31e-05 [0.]
0.510 6.31e-05 [0.]
0.530 6.31e-05 [0.]
0.001 1.26e-04 [7615318.29717285]
0.002 1.26e-04 [3250521.63933095]
0.003 1.26e-04 [1001209.92376495]
0.004 1.26e-04 [324561.88412764]
0.005 1.26e-04 [95893.20303759]
0.007 1.26e-04 [8271.15616564]
0.010 1.26e-04 [0.]
0.020 1.26e-04 [0.]
0.040 1.26e-04 [0.]
0.060 1.26e-04 [0.]
0.080 1.26e-04 [0.]
0.100 1.26e-04 [0.]
0.120 1.26e-04 [0.]
0.140 1.26e-04 [0.]
0.160 1.26e-04 [0.]
0.180 1.26e-04 [0.]
0.200 1.26e-04 [0.]
0.220 1.26e-04 [0.]
0.250 1.26e-04 [0.]
0.270 1.26e-04 [0.]
0.290 1.26e-04 [0.]
0.310 1.26e-04 [0.]
0.330 1.26e-04 [0.]
0.350 1.26e-04 [0.]
0.370 1.26e-04 [0.]
0.390 1.26e-04 [0.]
0.410 1.26e-04 [0.]
0.430 1.26e-04 [0.]
0.450 1.26e-04 [0.]
0.470 1.26e-04 [0.]
0.490 1.26e-04 [0.]
0.510 1.26e-04 [0.]
0.530 1.26e-04 [0.]
0.001 2.51e-04 [8765962.61561136]
0.002 2.51e-04 [1427019.0427962]
0.003 2.51e-04 [127272.35743368]
0.004 2.51e-04 [7486.08566977]
0.005 2.51e-04 [0.]
0.007 2.51e-04 [0.]
0.010 2.51e-04 [0.]
0.020 2.51e-04 [0.]
0.040 2.51e-04 [0.]
0.060 2.51e-04 [0.]
0.080 2.51e-04 [0.]
0.100 2.51e-04 [0.]
0.120 2.51e-04 [0.]
0.140 2.51e-04 [0.]
0.160 2.51e-04 [0.]
0.180 2.51e-04 [0.]
0.200 2.51e-04 [0.]
0.220 2.51e-04 [0.]
0.250 2.51e-04 [0.]
0.270 2.51e-04 [0.]
0.290 2.51e-04 [0.]
0.310 2.51e-04 [0.]
0.330 2.51e-04 [0.]
0.350 2.51e-04 [0.]
0.370 2.51e-04 [0.]
0.390 2.51e-04 [0.]
0.410 2.51e-04 [0.]
0.430 2.51e-04 [0.]
0.450 2.51e-04 [0.]
0.470 2.51e-04 [0.]
0.490 2.51e-04 [0.]
0.510 2.51e-04 [0.]
0.530 2.51e-04 [0.]
0.001 5.01e-04 [2313007.19026315]
0.002 5.01e-04 [41728.54761436]
0.003 5.01e-04 [0.]
0.004 5.01e-04 [0.]
0.005 5.01e-04 [0.]
0.007 5.01e-04 [0.]
0.010 5.01e-04 [0.]
0.020 5.01e-04 [0.]
0.040 5.01e-04 [0.]
0.060 5.01e-04 [0.]
0.080 5.01e-04 [0.]
0.100 5.01e-04 [0.]
0.120 5.01e-04 [0.]
0.140 5.01e-04 [0.]
0.160 5.01e-04 [0.]
0.180 5.01e-04 [0.]
0.200 5.01e-04 [0.]
0.220 5.01e-04 [0.]
0.250 5.01e-04 [0.]
0.270 5.01e-04 [0.]
0.290 5.01e-04 [0.]
0.310 5.01e-04 [0.]
0.330 5.01e-04 [0.]
0.350 5.01e-04 [0.]
0.370 5.01e-04 [0.]
0.390 5.01e-04 [0.]
0.410 5.01e-04 [0.]
0.430 5.01e-04 [0.]
0.450 5.01e-04 [0.]
0.470 5.01e-04 [0.]
0.490 5.01e-04 [0.]
0.510 5.01e-04 [0.]
0.530 5.01e-04 [0.]
0.001 1.00e-03 [23732.61872337]
0.002 1.00e-03 [0.]
0.003 1.00e-03 [0.]
0.004 1.00e-03 [0.]
0.005 1.00e-03 [0.]
0.007 1.00e-03 [0.]
0.010 1.00e-03 [0.]
0.020 1.00e-03 [0.]
0.040 1.00e-03 [0.]
0.060 1.00e-03 [0.]
0.080 1.00e-03 [0.]
0.100 1.00e-03 [0.]
0.120 1.00e-03 [0.]
0.140 1.00e-03 [0.]
0.160 1.00e-03 [0.]
0.180 1.00e-03 [0.]
0.200 1.00e-03 [0.]
0.220 1.00e-03 [0.]
0.250 1.00e-03 [0.]
0.270 1.00e-03 [0.]
0.290 1.00e-03 [0.]
0.310 1.00e-03 [0.]
0.330 1.00e-03 [0.]
0.350 1.00e-03 [0.]
0.370 1.00e-03 [0.]
0.390 1.00e-03 [0.]
0.410 1.00e-03 [0.]
0.430 1.00e-03 [0.]
0.450 1.00e-03 [0.]
0.470 1.00e-03 [0.]
0.490 1.00e-03 [0.]
0.510 1.00e-03 [0.]
0.530 1.00e-03 [0.]
