0.220 1.00e-09 [4.2020968e-09]
0.250 1.00e-09 [4.71408246e-09]
0.270 1.00e-09 [4.12222127e-09]
0.290 1.00e-09 [4.42972446e-09]
0.310 1.00e-09 [3.73118555e-09]
0.330 1.00e-09 [3.69092456e-09]
0.350 1.00e-09 [3.45410532e-09]
0.370 1.00e-09 [2.68031695e-09]
0.390 1.00e-09 [2.28256799e-09]
0.410 1.00e-09 [1.82805621e-09]
0.430 1.00e-09 [1.22050066e-09]
0.450 1.00e-09 [8.29218673e-10]
0.470 1.00e-09 [4.89585531e-10]
0.490 1.00e-09 [2.29809827e-10]
0.510 1.00e-09 [8.26377569e-11]
0.530 1.00e-09 [1.96521763e-11]
0.220 2.00e-09 [5.60279574e-08]
0.250 2.00e-09 [7.07112369e-08]
0.270 2.00e-09 [7.00777616e-08]
0.290 2.00e-09 [7.4419371e-08]
0.310 2.00e-09 [6.56688658e-08]
0.330 2.00e-09 [5.9054793e-08]
0.350 2.00e-09 [5.13181362e-08]
0.370 2.00e-09 [4.44166809e-08]
0.390 2.00e-09 [3.65210878e-08]
0.410 2.00e-09 [2.76239605e-08]
0.430 2.00e-09 [2.00704553e-08]
0.450 2.00e-09 [1.32674988e-08]
0.470 2.00e-09 [7.65533739e-09]
0.490 2.00e-09 [3.60035395e-09]
0.510 2.00e-09 [1.27135011e-09]
0.530 2.00e-09 [3.03205005e-10]
0.220 4.00e-09 [8.96447318e-07]
0.250 4.00e-09 [1.09366713e-06]
0.270 4.00e-09 [1.12124418e-06]
0.290 4.00e-09 [1.17653482e-06]
0.310 4.00e-09 [1.02682226e-06]
0.330 4.00e-09 [9.54719153e-07]
0.350 4.00e-09 [8.28985277e-07]
0.370 4.00e-09 [7.04540456e-07]
0.390 4.00e-09 [5.75207133e-07]
0.410 4.00e-09 [4.45233246e-07]
0.430 4.00e-09 [3.21127285e-07]
0.450 4.00e-09 [2.1095323e-07]
0.470 4.00e-09 [1.21773274e-07]
0.490 4.00e-09 [5.66864239e-08]
0.510 4.00e-09 [2.01381857e-08]
0.530 4.00e-09 [4.82882046e-09]
0.220 8.00e-09 [1.42535124e-05]
0.250 8.00e-09 [1.74986741e-05]
0.270 8.00e-09 [1.76760848e-05]
0.290 8.00e-09 [1.85977552e-05]
0.310 8.00e-09 [1.62858787e-05]
0.330 8.00e-09 [1.50392873e-05]
0.350 8.00e-09 [1.31690233e-05]
0.370 8.00e-09 [1.119913e-05]
0.390 8.00e-09 [9.09375087e-06]
0.410 8.00e-09 [7.03273536e-06]
0.430 8.00e-09 [5.06860364e-06]
0.450 8.00e-09 [3.33279569e-06]
0.470 8.00e-09 [1.9255844e-06]
0.490 8.00e-09 [8.94726258e-07]
0.510 8.00e-09 [3.17735818e-07]
0.530 8.00e-09 [7.61830651e-08]
0.220 1.60e-08 [0.00022555]
0.250 1.60e-08 [0.00027485]
0.270 1.60e-08 [0.00027833]
0.290 1.60e-08 [0.00029144]
0.310 1.60e-08 [0.00025484]
0.330 1.60e-08 [0.00023527]
0.350 1.60e-08 [0.00020565]
0.370 1.60e-08 [0.00017458]
0.390 1.60e-08 [0.00014134]
0.410 1.60e-08 [0.00010909]
0.430 1.60e-08 [7.85286399e-05]
0.450 1.60e-08 [5.15415792e-05]
0.470 1.60e-08 [2.97041333e-05]
0.490 1.60e-08 [1.37616252e-05]
0.510 1.60e-08 [4.87872975e-06]
0.530 1.60e-08 [1.16574464e-06]
0.220 3.20e-08 [0.00347822]
0.250 3.20e-08 [0.00418279]
0.270 3.20e-08 [0.00420533]
0.290 3.20e-08 [0.00435913]
0.310 3.20e-08 [0.00380239]
0.330 3.20e-08 [0.00348722]
0.350 3.20e-08 [0.0030302]
0.370 3.20e-08 [0.00255448]
0.390 3.20e-08 [0.00205307]
0.410 3.20e-08 [0.00157367]
0.430 3.20e-08 [0.0011244]
0.450 3.20e-08 [0.00073245]
0.470 3.20e-08 [0.00041866]
0.490 3.20e-08 [0.00019226]
0.510 3.20e-08 [6.75601549e-05]
0.530 3.20e-08 [1.59668205e-05]
0.220 6.30e-08 [0.0474159]
0.250 6.30e-08 [0.05436247]
0.270 6.30e-08 [0.05347215]
0.290 6.30e-08 [0.05343744]
0.310 6.30e-08 [0.04626948]
0.330 6.30e-08 [0.04142572]
0.350 6.30e-08 [0.03534073]
0.370 6.30e-08 [0.02913493]
0.390 6.30e-08 [0.02287867]
0.410 6.30e-08 [0.01715939]
0.430 6.30e-08 [0.01198608]
0.450 6.30e-08 [0.00763551]
0.470 6.30e-08 [0.00425924]
0.490 6.30e-08 [0.00190678]
0.510 6.30e-08 [0.00065396]
0.530 6.30e-08 [0.00014988]
0.220 1.26e-07 [0.49778635]
0.250 1.26e-07 [0.50175125]
0.270 1.26e-07 [0.46684752]
0.290 1.26e-07 [0.42951088]
0.310 1.26e-07 [0.36637653]
0.330 1.26e-07 [0.31162924]
0.350 1.26e-07 [0.25595737]
0.370 1.26e-07 [0.20241109]
0.390 1.26e-07 [0.15226775]
0.410 1.26e-07 [0.10995229]
0.430 1.26e-07 [0.07398227]
0.450 1.26e-07 [0.04543261]
0.470 1.26e-07 [0.02443936]
0.490 1.26e-07 [0.01053523]
0.510 1.26e-07 [0.00349314]
0.530 1.26e-07 [0.00076796]
0.220 2.51e-07 [2.91748228]
0.250 2.51e-07 [2.47245764]
0.270 2.51e-07 [2.1355465]
0.290 2.51e-07 [1.7920655]
0.310 2.51e-07 [1.49536425]
0.330 2.51e-07 [1.20145377]
0.350 2.51e-07 [0.93809463]
0.370 2.51e-07 [0.70751037]
0.390 2.51e-07 [0.51226603]
0.410 2.51e-07 [0.35261022]
0.430 2.51e-07 [0.22745733]
0.450 2.51e-07 [0.13461095]
0.470 2.51e-07 [0.06956529]
0.490 2.51e-07 [0.02864401]
0.510 2.51e-07 [0.00913218]
0.530 2.51e-07 [0.00191429]
0.220 5.01e-07 [9.10724629]
0.250 5.01e-07 [6.32885181]
0.270 5.01e-07 [4.9706107]
0.290 5.01e-07 [3.61934383]
0.310 5.01e-07 [2.95082284]
0.330 5.01e-07 [2.16335854]
0.350 5.01e-07 [1.57555744]
0.370 5.01e-07 [1.10169622]
0.390 5.01e-07 [0.74817085]
0.410 5.01e-07 [0.47332301]
0.430 5.01e-07 [0.28575357]
0.450 5.01e-07 [0.15693358]
0.470 5.01e-07 [0.07601086]
0.490 5.01e-07 [0.02895661]
0.510 5.01e-07 [0.00861757]
0.530 5.01e-07 [0.00166409]
0.220 1.00e-06 [13.0208973]
0.250 1.00e-06 [6.202554]
0.270 1.00e-06 [4.21909347]
0.290 1.00e-06 [2.35306964]
0.310 1.00e-06 [1.82156479]
0.330 1.00e-06 [1.15710485]
0.350 1.00e-06 [0.74806052]
0.370 1.00e-06 [0.4430181]
0.390 1.00e-06 [0.26506321]
0.410 1.00e-06 [0.14482268]
0.430 1.00e-06 [0.07119587]
0.450 1.00e-06 [0.03399797]
0.470 1.00e-06 [0.01419798]
0.490 1.00e-06 [0.0047111]
0.510 1.00e-06 [0.00118236]
0.530 1.00e-06 [0.00019091]
0.220 1.99e-06 [4.93928767]
0.250 1.99e-06 [1.23830296]
0.270 1.99e-06 [0.57833067]
0.290 1.99e-06 [0.17277806]
0.310 1.99e-06 [0.10395148]
0.330 1.99e-06 [0.05875989]
0.350 1.99e-06 [0.02553093]
0.370 1.99e-06 [0.00914377]
0.390 1.99e-06 [0.00340675]
0.410 1.99e-06 [0.00161682]
0.430 1.99e-06 [0.]
0.450 1.99e-06 [0.]
0.470 1.99e-06 [0.]
0.490 1.99e-06 [0.]
0.510 1.99e-06 [0.]
0.530 1.99e-06 [0.]
0.220 3.98e-06 [0.08879513]
0.250 3.98e-06 [0.]
0.270 3.98e-06 [0.]
0.290 3.98e-06 [0.]
0.310 3.98e-06 [0.]
0.330 3.98e-06 [0.]
0.350 3.98e-06 [0.]
0.370 3.98e-06 [0.]
0.390 3.98e-06 [0.]
0.410 3.98e-06 [0.]
0.430 3.98e-06 [0.]
0.450 3.98e-06 [0.]
0.470 3.98e-06 [0.]
0.490 3.98e-06 [0.]
0.510 3.98e-06 [0.]
0.530 3.98e-06 [0.]
0.220 7.94e-06 [0.]
0.250 7.94e-06 [0.]
0.270 7.94e-06 [0.]
0.290 7.94e-06 [0.]
0.310 7.94e-06 [0.]
0.330 7.94e-06 [0.]
0.350 7.94e-06 [0.]
0.370 7.94e-06 [0.]
0.390 7.94e-06 [0.]
0.410 7.94e-06 [0.]
0.430 7.94e-06 [0.]
0.450 7.94e-06 [0.]
0.470 7.94e-06 [0.]
0.490 7.94e-06 [0.]
0.510 7.94e-06 [0.]
0.530 7.94e-06 [0.]
0.220 1.58e-05 [0.]
0.250 1.58e-05 [0.]
0.270 1.58e-05 [0.]
0.290 1.58e-05 [0.]
0.310 1.58e-05 [0.]
0.330 1.58e-05 [0.]
0.350 1.58e-05 [0.]
0.370 1.58e-05 [0.]
0.390 1.58e-05 [0.]
0.410 1.58e-05 [0.]
0.430 1.58e-05 [0.]
0.450 1.58e-05 [0.]
0.470 1.58e-05 [0.]
0.490 1.58e-05 [0.]
0.510 1.58e-05 [0.]
0.530 1.58e-05 [0.]
0.220 3.16e-05 [0.]
0.250 3.16e-05 [0.]
0.270 3.16e-05 [0.]
0.290 3.16e-05 [0.]
0.310 3.16e-05 [0.]
0.330 3.16e-05 [0.]
0.350 3.16e-05 [0.]
0.370 3.16e-05 [0.]
0.390 3.16e-05 [0.]
0.410 3.16e-05 [0.]
0.430 3.16e-05 [0.]
0.450 3.16e-05 [0.]
0.470 3.16e-05 [0.]
0.490 3.16e-05 [0.]
0.510 3.16e-05 [0.]
0.530 3.16e-05 [0.]
0.220 6.31e-05 [0.]
0.250 6.31e-05 [0.]
0.270 6.31e-05 [0.]
0.290 6.31e-05 [0.]
0.310 6.31e-05 [0.]
0.330 6.31e-05 [0.]
0.350 6.31e-05 [0.]
0.370 6.31e-05 [0.]
0.390 6.31e-05 [0.]
0.410 6.31e-05 [0.]
0.430 6.31e-05 [0.]
0.450 6.31e-05 [0.]
0.470 6.31e-05 [0.]
0.490 6.31e-05 [0.]
0.510 6.31e-05 [0.]
0.530 6.31e-05 [0.]
0.220 1.26e-04 [0.]
0.250 1.26e-04 [0.]
0.270 1.26e-04 [0.]
0.290 1.26e-04 [0.]
0.310 1.26e-04 [0.]
0.330 1.26e-04 [0.]
0.350 1.26e-04 [0.]
0.370 1.26e-04 [0.]
0.390 1.26e-04 [0.]
0.410 1.26e-04 [0.]
0.430 1.26e-04 [0.]
0.450 1.26e-04 [0.]
0.470 1.26e-04 [0.]
0.490 1.26e-04 [0.]
0.510 1.26e-04 [0.]
0.530 1.26e-04 [0.]
0.220 2.51e-04 [0.]
0.250 2.51e-04 [0.]
0.270 2.51e-04 [0.]
0.290 2.51e-04 [0.]
0.310 2.51e-04 [0.]
0.330 2.51e-04 [0.]
0.350 2.51e-04 [0.]
0.370 2.51e-04 [0.]
0.390 2.51e-04 [0.]
0.410 2.51e-04 [0.]
0.430 2.51e-04 [0.]
0.450 2.51e-04 [0.]
0.470 2.51e-04 [0.]
0.490 2.51e-04 [0.]
0.510 2.51e-04 [0.]
0.530 2.51e-04 [0.]
0.220 5.01e-04 [0.]
0.250 5.01e-04 [0.]
0.270 5.01e-04 [0.]
0.290 5.01e-04 [0.]
0.310 5.01e-04 [0.]
0.330 5.01e-04 [0.]
0.350 5.01e-04 [0.]
0.370 5.01e-04 [0.]
0.390 5.01e-04 [0.]
0.410 5.01e-04 [0.]
0.430 5.01e-04 [0.]
0.450 5.01e-04 [0.]
0.470 5.01e-04 [0.]
0.490 5.01e-04 [0.]
0.510 5.01e-04 [0.]
0.530 5.01e-04 [0.]
0.220 1.00e-03 [0.]
0.250 1.00e-03 [0.]
0.270 1.00e-03 [0.]
0.290 1.00e-03 [0.]
0.310 1.00e-03 [0.]
0.330 1.00e-03 [0.]
0.350 1.00e-03 [0.]
0.370 1.00e-03 [0.]
0.390 1.00e-03 [0.]
0.410 1.00e-03 [0.]
0.430 1.00e-03 [0.]
0.450 1.00e-03 [0.]
0.470 1.00e-03 [0.]
0.490 1.00e-03 [0.]
0.510 1.00e-03 [0.]
0.530 1.00e-03 [0.]
0.220 1.00e-09 [4.2020968e-09]
0.250 1.00e-09 [4.71408246e-09]
0.270 1.00e-09 [4.12222127e-09]
0.290 1.00e-09 [4.42972446e-09]
0.310 1.00e-09 [3.73118555e-09]
0.330 1.00e-09 [3.69092456e-09]
0.350 1.00e-09 [3.45410532e-09]
0.370 1.00e-09 [2.68031695e-09]
0.390 1.00e-09 [2.28256799e-09]
0.410 1.00e-09 [1.82805621e-09]
0.430 1.00e-09 [1.22050066e-09]
0.450 1.00e-09 [8.29218673e-10]
0.470 1.00e-09 [4.89585531e-10]
0.490 1.00e-09 [2.29809827e-10]
0.510 1.00e-09 [8.26377569e-11]
0.530 1.00e-09 [1.96521763e-11]
0.220 2.00e-09 [5.60279574e-08]
0.250 2.00e-09 [7.07112369e-08]
0.270 2.00e-09 [7.00777616e-08]
0.290 2.00e-09 [7.4419371e-08]
0.310 2.00e-09 [6.56688658e-08]
0.330 2.00e-09 [5.9054793e-08]
0.350 2.00e-09 [5.13181362e-08]
0.370 2.00e-09 [4.44166809e-08]
0.390 2.00e-09 [3.65210878e-08]
0.410 2.00e-09 [2.76239605e-08]
0.430 2.00e-09 [2.00704553e-08]
0.450 2.00e-09 [1.32674988e-08]
0.470 2.00e-09 [7.65533739e-09]
0.490 2.00e-09 [3.60035395e-09]
0.510 2.00e-09 [1.27135011e-09]
0.530 2.00e-09 [3.03205005e-10]
0.220 4.00e-09 [8.96447318e-07]
0.250 4.00e-09 [1.09366713e-06]
0.270 4.00e-09 [1.12124418e-06]
0.290 4.00e-09 [1.17653482e-06]
0.310 4.00e-09 [1.02682226e-06]
0.330 4.00e-09 [9.54719153e-07]
0.350 4.00e-09 [8.28985277e-07]
0.370 4.00e-09 [7.04540456e-07]
0.390 4.00e-09 [5.75207133e-07]
0.410 4.00e-09 [4.45233246e-07]
0.430 4.00e-09 [3.21127285e-07]
0.450 4.00e-09 [2.1095323e-07]
0.470 4.00e-09 [1.21773274e-07]
0.490 4.00e-09 [5.66864239e-08]
0.510 4.00e-09 [2.01381857e-08]
0.530 4.00e-09 [4.82882046e-09]
0.220 8.00e-09 [1.42535124e-05]
0.250 8.00e-09 [1.74986741e-05]
0.270 8.00e-09 [1.76760848e-05]
0.290 8.00e-09 [1.85977552e-05]
0.310 8.00e-09 [1.62858787e-05]
0.330 8.00e-09 [1.50392873e-05]
0.350 8.00e-09 [1.31690233e-05]
0.370 8.00e-09 [1.119913e-05]
0.390 8.00e-09 [9.09375087e-06]
0.410 8.00e-09 [7.03273536e-06]
0.430 8.00e-09 [5.06860364e-06]
0.450 8.00e-09 [3.33279569e-06]
0.470 8.00e-09 [1.9255844e-06]
0.490 8.00e-09 [8.94726258e-07]
0.510 8.00e-09 [3.17735818e-07]
0.530 8.00e-09 [7.61830651e-08]
0.220 1.60e-08 [0.00022555]
0.250 1.60e-08 [0.00027485]
0.270 1.60e-08 [0.00027833]
0.290 1.60e-08 [0.00029144]
0.310 1.60e-08 [0.00025484]
0.330 1.60e-08 [0.00023527]
0.350 1.60e-08 [0.00020565]
0.370 1.60e-08 [0.00017458]
0.390 1.60e-08 [0.00014134]
0.410 1.60e-08 [0.00010909]
0.430 1.60e-08 [7.85286399e-05]
0.450 1.60e-08 [5.15415792e-05]
0.470 1.60e-08 [2.97041333e-05]
0.490 1.60e-08 [1.37616252e-05]
0.510 1.60e-08 [4.87872975e-06]
0.530 1.60e-08 [1.16574464e-06]
0.220 3.20e-08 [0.00347822]
0.250 3.20e-08 [0.00418279]
0.270 3.20e-08 [0.00420533]
0.290 3.20e-08 [0.00435913]
0.310 3.20e-08 [0.00380239]
0.330 3.20e-08 [0.00348722]
0.350 3.20e-08 [0.0030302]
0.370 3.20e-08 [0.00255448]
0.390 3.20e-08 [0.00205307]
0.410 3.20e-08 [0.00157367]
0.430 3.20e-08 [0.0011244]
0.450 3.20e-08 [0.00073245]
0.470 3.20e-08 [0.00041866]
0.490 3.20e-08 [0.00019226]
0.510 3.20e-08 [6.75601549e-05]
0.530 3.20e-08 [1.59668205e-05]
0.220 6.30e-08 [0.0474159]
0.250 6.30e-08 [0.05436247]
0.270 6.30e-08 [0.05347215]
0.290 6.30e-08 [0.05343744]
0.310 6.30e-08 [0.04626948]
0.330 6.30e-08 [0.04142572]
0.350 6.30e-08 [0.03534073]
0.370 6.30e-08 [0.02913493]
0.390 6.30e-08 [0.02287867]
0.410 6.30e-08 [0.01715939]
0.430 6.30e-08 [0.01198608]
0.450 6.30e-08 [0.00763551]
0.470 6.30e-08 [0.00425924]
0.490 6.30e-08 [0.00190678]
0.510 6.30e-08 [0.00065396]
0.530 6.30e-08 [0.00014988]
0.220 1.26e-07 [0.49778635]
0.250 1.26e-07 [0.50175125]
0.270 1.26e-07 [0.46684752]
0.290 1.26e-07 [0.42951088]
0.310 1.26e-07 [0.36637653]
0.330 1.26e-07 [0.31162924]
0.350 1.26e-07 [0.25595737]
0.370 1.26e-07 [0.20241109]
0.390 1.26e-07 [0.15226775]
0.410 1.26e-07 [0.10995229]
0.430 1.26e-07 [0.07398227]
0.450 1.26e-07 [0.04543261]
0.470 1.26e-07 [0.02443936]
0.490 1.26e-07 [0.01053523]
0.510 1.26e-07 [0.00349314]
0.530 1.26e-07 [0.00076796]
0.220 2.51e-07 [2.91748228]
0.250 2.51e-07 [2.47245764]
0.270 2.51e-07 [2.1355465]
0.290 2.51e-07 [1.7920655]
0.310 2.51e-07 [1.49536425]
0.330 2.51e-07 [1.20145377]
0.350 2.51e-07 [0.93809463]
0.370 2.51e-07 [0.70751037]
0.390 2.51e-07 [0.51226603]
0.410 2.51e-07 [0.35261022]
0.430 2.51e-07 [0.22745733]
0.450 2.51e-07 [0.13461095]
0.470 2.51e-07 [0.06956529]
0.490 2.51e-07 [0.02864401]
0.510 2.51e-07 [0.00913218]
0.530 2.51e-07 [0.00191429]
0.220 5.01e-07 [9.10724629]
0.250 5.01e-07 [6.32885181]
0.270 5.01e-07 [4.9706107]
0.290 5.01e-07 [3.61934383]
0.310 5.01e-07 [2.95082284]
0.330 5.01e-07 [2.16335854]
0.350 5.01e-07 [1.57555744]
0.370 5.01e-07 [1.10169622]
0.390 5.01e-07 [0.74817085]
0.410 5.01e-07 [0.47332301]
0.430 5.01e-07 [0.28575357]
0.450 5.01e-07 [0.15693358]
0.470 5.01e-07 [0.07601086]
0.490 5.01e-07 [0.02895661]
0.510 5.01e-07 [0.00861757]
0.530 5.01e-07 [0.00166409]
0.220 1.00e-06 [13.0208973]
0.250 1.00e-06 [6.202554]
0.270 1.00e-06 [4.21909347]
0.290 1.00e-06 [2.35306964]
0.310 1.00e-06 [1.82156479]
0.330 1.00e-06 [1.15710485]
0.350 1.00e-06 [0.74806052]
0.370 1.00e-06 [0.4430181]
0.390 1.00e-06 [0.26506321]
0.410 1.00e-06 [0.14482268]
0.430 1.00e-06 [0.07119587]
0.450 1.00e-06 [0.03399797]
0.470 1.00e-06 [0.01419798]
0.490 1.00e-06 [0.0047111]
0.510 1.00e-06 [0.00118236]
0.530 1.00e-06 [0.00019091]
0.220 1.99e-06 [4.93928767]
0.250 1.99e-06 [1.23830296]
0.270 1.99e-06 [0.57833067]
0.290 1.99e-06 [0.17277806]
0.310 1.99e-06 [0.10395148]
0.330 1.99e-06 [0.05875989]
0.350 1.99e-06 [0.02553093]
0.370 1.99e-06 [0.00914377]
0.390 1.99e-06 [0.00340675]
0.410 1.99e-06 [0.00161682]
0.430 1.99e-06 [0.]
0.450 1.99e-06 [0.]
0.470 1.99e-06 [0.]
0.490 1.99e-06 [0.]
0.510 1.99e-06 [0.]
0.530 1.99e-06 [0.]
0.220 3.98e-06 [0.08879513]
0.250 3.98e-06 [0.]
0.270 3.98e-06 [0.]
0.290 3.98e-06 [0.]
0.310 3.98e-06 [0.]
0.330 3.98e-06 [0.]
0.350 3.98e-06 [0.]
0.370 3.98e-06 [0.]
0.390 3.98e-06 [0.]
0.410 3.98e-06 [0.]
0.430 3.98e-06 [0.]
0.450 3.98e-06 [0.]
0.470 3.98e-06 [0.]
0.490 3.98e-06 [0.]
0.510 3.98e-06 [0.]
0.530 3.98e-06 [0.]
0.220 7.94e-06 [0.]
0.250 7.94e-06 [0.]
0.270 7.94e-06 [0.]
0.290 7.94e-06 [0.]
0.310 7.94e-06 [0.]
0.330 7.94e-06 [0.]
0.350 7.94e-06 [0.]
0.370 7.94e-06 [0.]
0.390 7.94e-06 [0.]
0.410 7.94e-06 [0.]
0.430 7.94e-06 [0.]
0.450 7.94e-06 [0.]
0.470 7.94e-06 [0.]
0.490 7.94e-06 [0.]
0.510 7.94e-06 [0.]
0.530 7.94e-06 [0.]
0.220 1.58e-05 [0.]
0.250 1.58e-05 [0.]
0.270 1.58e-05 [0.]
0.290 1.58e-05 [0.]
0.310 1.58e-05 [0.]
0.330 1.58e-05 [0.]
0.350 1.58e-05 [0.]
0.370 1.58e-05 [0.]
0.390 1.58e-05 [0.]
0.410 1.58e-05 [0.]
0.430 1.58e-05 [0.]
0.450 1.58e-05 [0.]
0.470 1.58e-05 [0.]
0.490 1.58e-05 [0.]
0.510 1.58e-05 [0.]
0.530 1.58e-05 [0.]
0.220 3.16e-05 [0.]
0.250 3.16e-05 [0.]
0.270 3.16e-05 [0.]
0.290 3.16e-05 [0.]
0.310 3.16e-05 [0.]
0.330 3.16e-05 [0.]
0.350 3.16e-05 [0.]
0.370 3.16e-05 [0.]
0.390 3.16e-05 [0.]
0.410 3.16e-05 [0.]
0.430 3.16e-05 [0.]
0.450 3.16e-05 [0.]
0.470 3.16e-05 [0.]
0.490 3.16e-05 [0.]
0.510 3.16e-05 [0.]
0.530 3.16e-05 [0.]
0.220 6.31e-05 [0.]
0.250 6.31e-05 [0.]
0.270 6.31e-05 [0.]
0.290 6.31e-05 [0.]
0.310 6.31e-05 [0.]
0.330 6.31e-05 [0.]
0.350 6.31e-05 [0.]
0.370 6.31e-05 [0.]
0.390 6.31e-05 [0.]
0.410 6.31e-05 [0.]
0.430 6.31e-05 [0.]
0.450 6.31e-05 [0.]
0.470 6.31e-05 [0.]
0.490 6.31e-05 [0.]
0.510 6.31e-05 [0.]
0.530 6.31e-05 [0.]
0.220 1.26e-04 [0.]
0.250 1.26e-04 [0.]
0.270 1.26e-04 [0.]
0.290 1.26e-04 [0.]
0.310 1.26e-04 [0.]
0.330 1.26e-04 [0.]
0.350 1.26e-04 [0.]
0.370 1.26e-04 [0.]
0.390 1.26e-04 [0.]
0.410 1.26e-04 [0.]
0.430 1.26e-04 [0.]
0.450 1.26e-04 [0.]
0.470 1.26e-04 [0.]
0.490 1.26e-04 [0.]
0.510 1.26e-04 [0.]
0.530 1.26e-04 [0.]
0.220 2.51e-04 [0.]
0.250 2.51e-04 [0.]
0.270 2.51e-04 [0.]
0.290 2.51e-04 [0.]
0.310 2.51e-04 [0.]
0.330 2.51e-04 [0.]
0.350 2.51e-04 [0.]
0.370 2.51e-04 [0.]
0.390 2.51e-04 [0.]
0.410 2.51e-04 [0.]
0.430 2.51e-04 [0.]
0.450 2.51e-04 [0.]
0.470 2.51e-04 [0.]
0.490 2.51e-04 [0.]
0.510 2.51e-04 [0.]
0.530 2.51e-04 [0.]
0.220 5.01e-04 [0.]
0.250 5.01e-04 [0.]
0.270 5.01e-04 [0.]
0.290 5.01e-04 [0.]
0.310 5.01e-04 [0.]
0.330 5.01e-04 [0.]
0.350 5.01e-04 [0.]
0.370 5.01e-04 [0.]
0.390 5.01e-04 [0.]
0.410 5.01e-04 [0.]
0.430 5.01e-04 [0.]
0.450 5.01e-04 [0.]
0.470 5.01e-04 [0.]
0.490 5.01e-04 [0.]
0.510 5.01e-04 [0.]
0.530 5.01e-04 [0.]
0.220 1.00e-03 [0.]
0.250 1.00e-03 [0.]
0.270 1.00e-03 [0.]
0.290 1.00e-03 [0.]
0.310 1.00e-03 [0.]
0.330 1.00e-03 [0.]
0.350 1.00e-03 [0.]
0.370 1.00e-03 [0.]
0.390 1.00e-03 [0.]
0.410 1.00e-03 [0.]
0.430 1.00e-03 [0.]
0.450 1.00e-03 [0.]
0.470 1.00e-03 [0.]
0.490 1.00e-03 [0.]
0.510 1.00e-03 [0.]
0.530 1.00e-03 [0.]
