0.001 1.00e-09 [0.]
0.002 1.00e-09 [0.]
0.003 1.00e-09 [0.]
0.004 1.00e-09 [0.]
0.005 1.00e-09 [0.]
0.007 1.00e-09 [0.]
0.010 1.00e-09 [0.]
0.020 1.00e-09 [0.]
0.040 1.00e-09 [0.]
0.060 1.00e-09 [0.]
0.080 1.00e-09 [1.45593622e-08]
0.100 1.00e-09 [4.92076794e-09]
0.120 1.00e-09 [5.19150929e-10]
0.001 2.00e-09 [0.]
0.002 2.00e-09 [0.]
0.003 2.00e-09 [0.]
0.004 2.00e-09 [0.]
0.005 2.00e-09 [0.]
0.007 2.00e-09 [0.]
0.010 2.00e-09 [0.]
0.020 2.00e-09 [0.]
0.040 2.00e-09 [1.61682641e-07]
0.060 2.00e-09 [1.10075361e-07]
0.080 2.00e-09 [1.16474898e-07]
0.100 2.00e-09 [5.90492153e-08]
0.120 2.00e-09 [6.22981115e-09]
0.001 4.00e-09 [0.]
0.002 4.00e-09 [0.]
0.003 4.00e-09 [0.]
0.004 4.00e-09 [0.]
0.005 4.00e-09 [0.]
0.007 4.00e-09 [0.]
0.010 4.00e-09 [0.]
0.020 4.00e-09 [7.97168129e-07]
0.040 4.00e-09 [1.94019169e-06]
0.060 4.00e-09 [2.64180867e-06]
0.080 4.00e-09 [1.86359836e-06]
0.100 4.00e-09 [7.87322871e-07]
0.120 4.00e-09 [1.07983393e-07]
0.001 8.00e-09 [0.]
0.002 8.00e-09 [0.]
0.003 8.00e-09 [0.]
0.004 8.00e-09 [0.]
0.005 8.00e-09 [0.]
0.007 8.00e-09 [3.38077703e-06]
0.010 8.00e-09 [3.35238567e-06]
0.020 8.00e-09 [1.27546901e-05]
0.040 8.00e-09 [3.1043067e-05]
0.060 8.00e-09 [3.87465272e-05]
0.080 8.00e-09 [2.98175738e-05]
0.100 8.00e-09 [1.29120951e-05]
0.120 8.00e-09 [1.69450863e-06]
0.001 1.60e-08 [0.]
0.002 1.60e-08 [0.]
0.003 1.60e-08 [0.]
0.004 1.60e-08 [1.3596895e-05]
0.005 1.60e-08 [1.35767305e-05]
0.007 1.60e-08 [4.05693244e-05]
0.010 1.60e-08 [6.70477134e-05]
0.020 1.60e-08 [0.00021683]
0.040 1.60e-08 [0.00050704]
0.060 1.60e-08 [0.00061994]
0.080 1.60e-08 [0.00047335]
0.100 1.60e-08 [0.00020785]
0.120 1.60e-08 [2.67134302e-05]
0.001 3.20e-08 [0.]
0.002 3.20e-08 [5.44952087e-05]
0.003 3.20e-08 [0.0001089]
0.004 3.20e-08 [0.00021755]
0.005 3.20e-08 [0.00027153]
0.007 3.20e-08 [0.00054092]
0.010 3.20e-08 [0.00107276]
0.020 3.20e-08 [0.00336724]
0.040 3.20e-08 [0.00811259]
0.060 3.20e-08 [0.00977821]
0.080 3.20e-08 [0.00745439]
0.100 3.20e-08 [0.00327526]
0.120 3.20e-08 [0.00041944]
0.001 6.30e-08 [0.0002113]
0.002 6.30e-08 [0.00084489]
0.003 6.30e-08 [0.00168839]
0.004 6.30e-08 [0.00295127]
0.005 6.30e-08 [0.00442034]
0.007 6.30e-08 [0.00838644]
0.010 6.30e-08 [0.01621622]
0.020 6.30e-08 [0.05141435]
0.040 6.30e-08 [0.12320993]
0.060 6.30e-08 [0.1475593]
0.080 6.30e-08 [0.11164276]
0.100 6.30e-08 [0.04857242]
0.120 6.30e-08 [0.00617741]
0.001 1.26e-07 [0.00422605]
0.002 1.26e-07 [0.01182844]
0.003 1.26e-07 [0.02532579]
0.004 1.26e-07 [0.04806354]
0.005 1.26e-07 [0.07072543]
0.007 1.26e-07 [0.1333444]
0.010 1.26e-07 [0.25446996]
0.020 1.26e-07 [0.79969097]
0.040 1.26e-07 [1.86098336]
0.060 1.26e-07 [2.15648464]
0.080 1.26e-07 [1.58310823]
0.100 1.26e-07 [0.66864716]
0.120 1.26e-07 [0.08276657]
0.001 2.51e-07 [0.06708124]
0.002 2.51e-07 [0.187756]
0.003 2.51e-07 [0.40535302]
0.004 2.51e-07 [0.75623306]
0.005 2.51e-07 [1.09925531]
0.007 2.51e-07 [2.06336323]
0.010 2.51e-07 [3.88086706]
0.020 2.51e-07 [11.56998294]
0.040 2.51e-07 [24.23544031]
0.060 2.51e-07 [25.26368711]
0.080 2.51e-07 [16.94994366]
0.100 2.51e-07 [6.60824353]
0.120 2.51e-07 [0.76514821]
0.001 5.01e-07 [1.05566512]
0.002 5.01e-07 [2.93870841]
0.003 5.01e-07 [6.27298004]
0.004 5.01e-07 [11.5716411]
0.005 5.01e-07 [16.59958147]
0.007 5.01e-07 [30.19082895]
0.010 5.01e-07 [54.12903943]
0.020 5.01e-07 [136.77401902]
0.040 5.01e-07 [219.08465042]
0.060 5.01e-07 [186.4406659]
0.080 5.01e-07 [107.9075506]
0.100 5.01e-07 [37.78595503]
0.120 5.01e-07 [4.03992039]
0.001 1.00e-06 [16.4506138]
0.002 1.00e-06 [44.38379306]
0.003 1.00e-06 [92.31033285]
0.004 1.00e-06 [162.25982119]
0.005 1.00e-06 [224.17515604]
0.007 1.00e-06 [374.42105624]
0.010 1.00e-06 [593.42464446]
0.020 1.00e-06 [1085.79281525]
0.040 1.00e-06 [1182.74893677]
0.060 1.00e-06 [814.17241013]
0.080 1.00e-06 [405.28896589]
0.100 1.00e-06 [128.39759798]
0.120 1.00e-06 [12.61588672]
0.001 1.99e-06 [246.63937311]
0.002 1.99e-06 [612.55128111]
0.003 1.99e-06 [1173.72474686]
0.004 1.99e-06 [1845.22815263]
0.005 1.99e-06 [2374.40582879]
0.007 1.99e-06 [3457.66282919]
0.010 1.99e-06 [4532.93266025]
0.020 1.99e-06 [5616.3607695]
0.040 1.99e-06 [3973.61837688]
0.060 1.99e-06 [2082.52113695]
0.080 1.99e-06 [857.84184519]
0.100 1.99e-06 [226.85050024]
0.120 1.99e-06 [19.44739136]
0.001 3.98e-06 [3282.9873815]
0.002 3.98e-06 [7066.15362244]
0.003 3.98e-06 [11652.33371633]
0.004 3.98e-06 [15408.26953336]
0.005 3.98e-06 [18084.27587998]
0.007 3.98e-06 [21708.18065667]
0.010 3.98e-06 [23363.83759547]
0.020 3.98e-06 [18792.00022193]
0.040 3.98e-06 [7612.90482696]
0.060 3.98e-06 [2556.58536033]
0.080 3.98e-06 [719.68438615]
0.100 3.98e-06 [140.2970061]
0.120 3.98e-06 [9.18210353]
0.001 7.94e-06 [34932.21237962]
0.002 7.94e-06 [60419.80787009]
0.003 7.94e-06 [81169.96292807]
0.004 7.94e-06 [89504.07149379]
0.005 7.94e-06 [93841.57489273]
0.007 7.94e-06 [89618.2548403]
0.010 7.94e-06 [76704.04497925]
0.020 7.94e-06 [35268.90097891]
0.040 7.94e-06 [6005.69729583]
0.060 7.94e-06 [954.90890425]
0.080 7.94e-06 [114.82104332]
0.100 7.94e-06 [12.10783843]
0.120 7.94e-06 [0.42580045]
0.001 1.58e-05 [275482.857212]
0.002 1.58e-05 [356387.31668711]
0.003 1.58e-05 [372415.93017327]
0.004 1.58e-05 [344209.78754316]
0.005 1.58e-05 [310568.30185099]
0.007 1.58e-05 [231704.39408257]
0.010 1.58e-05 [144799.7390404]
0.020 1.58e-05 [26557.0025392]
0.040 1.58e-05 [944.2567141]
0.060 1.58e-05 [34.56239773]
0.080 1.58e-05 [0.]
0.100 1.58e-05 [0.]
0.120 1.58e-05 [0.]
0.001 3.16e-05 [1472962.98626315]
0.002 3.16e-05 [1391031.14393216]
0.003 3.16e-05 [1082109.34040229]
0.004 3.16e-05 [801856.34417097]
0.005 3.16e-05 [590118.80875592]
0.007 3.16e-05 [305858.99349309]
0.010 3.16e-05 [110892.19898533]
0.020 3.16e-05 [4533.95779534]
0.040 3.16e-05 [0.]
0.060 3.16e-05 [0.]
0.080 3.16e-05 [0.]
0.100 3.16e-05 [0.]
0.120 3.16e-05 [0.]
0.001 6.31e-05 [5096689.61939208]
0.002 6.31e-05 [3285411.75249111]
0.003 6.31e-05 [1686761.10133488]
0.004 6.31e-05 [874760.07874899]
0.005 6.31e-05 [441481.91870956]
0.007 6.31e-05 [129334.77938691]
0.010 6.31e-05 [18142.49072478]
0.020 6.31e-05 [0.]
0.040 6.31e-05 [0.]
0.060 6.31e-05 [0.]
0.080 6.31e-05 [0.]
0.100 6.31e-05 [0.]
0.120 6.31e-05 [0.]
0.001 1.26e-04 [10385186.03522436]
0.002 1.26e-04 [3630227.07979132]
0.003 1.26e-04 [984343.33369987]
0.004 1.26e-04 [287049.8492142]
0.005 1.26e-04 [75648.60223547]
0.007 1.26e-04 [7534.98219198]
0.010 1.26e-04 [0.]
0.020 1.26e-04 [0.]
0.040 1.26e-04 [0.]
0.060 1.26e-04 [0.]
0.080 1.26e-04 [0.]
0.100 1.26e-04 [0.]
0.120 1.26e-04 [0.]
0.001 2.51e-04 [9059532.9297032]
0.002 2.51e-04 [1161811.56854679]
0.003 2.51e-04 [100652.15662579]
0.004 2.51e-04 [6702.41026402]
0.005 2.51e-04 [0.]
0.007 2.51e-04 [0.]
0.010 2.51e-04 [0.]
0.020 2.51e-04 [0.]
0.040 2.51e-04 [0.]
0.060 2.51e-04 [0.]
0.080 2.51e-04 [0.]
0.100 2.51e-04 [0.]
0.120 2.51e-04 [0.]
0.001 5.01e-04 [2046042.51357178]
0.002 5.01e-04 [26735.4780866]
0.003 5.01e-04 [0.]
0.004 5.01e-04 [0.]
0.005 5.01e-04 [0.]
0.007 5.01e-04 [0.]
0.010 5.01e-04 [0.]
0.020 5.01e-04 [0.]
0.040 5.01e-04 [0.]
0.060 5.01e-04 [0.]
0.080 5.01e-04 [0.]
0.100 5.01e-04 [0.]
0.120 5.01e-04 [0.]
0.001 1.00e-03 [0.]
0.002 1.00e-03 [0.]
0.003 1.00e-03 [0.]
0.004 1.00e-03 [0.]
0.005 1.00e-03 [0.]
0.007 1.00e-03 [0.]
0.010 1.00e-03 [0.]
0.020 1.00e-03 [0.]
0.040 1.00e-03 [0.]
0.060 1.00e-03 [0.]
0.080 1.00e-03 [0.]
0.100 1.00e-03 [0.]
0.120 1.00e-03 [0.]
0.001 1.00e-09 [0.]
0.002 1.00e-09 [0.]
0.003 1.00e-09 [0.]
0.004 1.00e-09 [0.]
0.005 1.00e-09 [0.]
0.007 1.00e-09 [0.]
0.010 1.00e-09 [0.]
0.020 1.00e-09 [0.]
0.040 1.00e-09 [0.]
0.060 1.00e-09 [0.]
0.080 1.00e-09 [1.45593622e-08]
0.100 1.00e-09 [4.92076794e-09]
0.120 1.00e-09 [5.19150929e-10]
0.001 2.00e-09 [0.]
0.002 2.00e-09 [0.]
0.003 2.00e-09 [0.]
0.004 2.00e-09 [0.]
0.005 2.00e-09 [0.]
0.007 2.00e-09 [0.]
0.010 2.00e-09 [0.]
0.020 2.00e-09 [0.]
0.040 2.00e-09 [1.61682641e-07]
0.060 2.00e-09 [1.10075361e-07]
0.080 2.00e-09 [1.16474898e-07]
0.100 2.00e-09 [5.90492153e-08]
0.120 2.00e-09 [6.22981115e-09]
0.001 4.00e-09 [0.]
0.002 4.00e-09 [0.]
0.003 4.00e-09 [0.]
0.004 4.00e-09 [0.]
0.005 4.00e-09 [0.]
0.007 4.00e-09 [0.]
0.010 4.00e-09 [0.]
0.020 4.00e-09 [7.97168129e-07]
0.040 4.00e-09 [1.94019169e-06]
0.060 4.00e-09 [2.64180867e-06]
0.080 4.00e-09 [1.86359836e-06]
0.100 4.00e-09 [7.87322871e-07]
0.120 4.00e-09 [1.07983393e-07]
0.001 8.00e-09 [0.]
0.002 8.00e-09 [0.]
0.003 8.00e-09 [0.]
0.004 8.00e-09 [0.]
0.005 8.00e-09 [0.]
0.007 8.00e-09 [3.38077703e-06]
0.010 8.00e-09 [3.35238567e-06]
0.020 8.00e-09 [1.27546901e-05]
0.040 8.00e-09 [3.1043067e-05]
0.060 8.00e-09 [3.87465272e-05]
0.080 8.00e-09 [2.98175738e-05]
0.100 8.00e-09 [1.29120951e-05]
0.120 8.00e-09 [1.69450863e-06]
0.001 1.60e-08 [0.]
0.002 1.60e-08 [0.]
0.003 1.60e-08 [0.]
0.004 1.60e-08 [1.3596895e-05]
0.005 1.60e-08 [1.35767305e-05]
0.007 1.60e-08 [4.05693244e-05]
0.010 1.60e-08 [6.70477134e-05]
0.020 1.60e-08 [0.00021683]
0.040 1.60e-08 [0.00050704]
0.060 1.60e-08 [0.00061994]
0.080 1.60e-08 [0.00047335]
0.100 1.60e-08 [0.00020785]
0.120 1.60e-08 [2.67134302e-05]
0.001 3.20e-08 [0.]
0.002 3.20e-08 [5.44952087e-05]
0.003 3.20e-08 [0.0001089]
0.004 3.20e-08 [0.00021755]
0.005 3.20e-08 [0.00027153]
0.007 3.20e-08 [0.00054092]
0.010 3.20e-08 [0.00107276]
0.020 3.20e-08 [0.00336724]
0.040 3.20e-08 [0.00811259]
0.060 3.20e-08 [0.00977821]
0.080 3.20e-08 [0.00745439]
0.100 3.20e-08 [0.00327526]
0.120 3.20e-08 [0.00041944]
0.001 6.30e-08 [0.0002113]
0.002 6.30e-08 [0.00084489]
0.003 6.30e-08 [0.00168839]
0.004 6.30e-08 [0.00295127]
0.005 6.30e-08 [0.00442034]
0.007 6.30e-08 [0.00838644]
0.010 6.30e-08 [0.01621622]
0.020 6.30e-08 [0.05141435]
0.040 6.30e-08 [0.12320993]
0.060 6.30e-08 [0.1475593]
0.080 6.30e-08 [0.11164276]
0.100 6.30e-08 [0.04857242]
0.120 6.30e-08 [0.00617741]
0.001 1.26e-07 [0.00422605]
0.002 1.26e-07 [0.01182844]
0.003 1.26e-07 [0.02532579]
0.004 1.26e-07 [0.04806354]
0.005 1.26e-07 [0.07072543]
0.007 1.26e-07 [0.1333444]
0.010 1.26e-07 [0.25446996]
0.020 1.26e-07 [0.79969097]
0.040 1.26e-07 [1.86098336]
0.060 1.26e-07 [2.15648464]
0.080 1.26e-07 [1.58310823]
0.100 1.26e-07 [0.66864716]
0.120 1.26e-07 [0.08276657]
0.001 2.51e-07 [0.06708124]
0.002 2.51e-07 [0.187756]
0.003 2.51e-07 [0.40535302]
0.004 2.51e-07 [0.75623306]
0.005 2.51e-07 [1.09925531]
0.007 2.51e-07 [2.06336323]
0.010 2.51e-07 [3.88086706]
0.020 2.51e-07 [11.56998294]
0.040 2.51e-07 [24.23544031]
0.060 2.51e-07 [25.26368711]
0.080 2.51e-07 [16.94994366]
0.100 2.51e-07 [6.60824353]
0.120 2.51e-07 [0.76514821]
0.001 5.01e-07 [1.05566512]
0.002 5.01e-07 [2.93870841]
0.003 5.01e-07 [6.27298004]
0.004 5.01e-07 [11.5716411]
0.005 5.01e-07 [16.59958147]
0.007 5.01e-07 [30.19082895]
0.010 5.01e-07 [54.12903943]
0.020 5.01e-07 [136.77401902]
0.040 5.01e-07 [219.08465042]
0.060 5.01e-07 [186.4406659]
0.080 5.01e-07 [107.9075506]
0.100 5.01e-07 [37.78595503]
0.120 5.01e-07 [4.03992039]
0.001 1.00e-06 [16.4506138]
0.002 1.00e-06 [44.38379306]
0.003 1.00e-06 [92.31033285]
0.004 1.00e-06 [162.25982119]
0.005 1.00e-06 [224.17515604]
0.007 1.00e-06 [374.42105624]
0.010 1.00e-06 [593.42464446]
0.020 1.00e-06 [1085.79281525]
0.040 1.00e-06 [1182.74893677]
0.060 1.00e-06 [814.17241013]
0.080 1.00e-06 [405.28896589]
0.100 1.00e-06 [128.39759798]
0.120 1.00e-06 [12.61588672]
0.001 1.99e-06 [246.63937311]
0.002 1.99e-06 [612.55128111]
0.003 1.99e-06 [1173.72474686]
0.004 1.99e-06 [1845.22815263]
0.005 1.99e-06 [2374.40582879]
0.007 1.99e-06 [3457.66282919]
0.010 1.99e-06 [4532.93266025]
0.020 1.99e-06 [5616.3607695]
0.040 1.99e-06 [3973.61837688]
0.060 1.99e-06 [2082.52113695]
0.080 1.99e-06 [857.84184519]
0.100 1.99e-06 [226.85050024]
0.120 1.99e-06 [19.44739136]
0.001 3.98e-06 [3282.9873815]
0.002 3.98e-06 [7066.15362244]
0.003 3.98e-06 [11652.33371633]
0.004 3.98e-06 [15408.26953336]
0.005 3.98e-06 [18084.27587998]
0.007 3.98e-06 [21708.18065667]
0.010 3.98e-06 [23363.83759547]
0.020 3.98e-06 [18792.00022193]
0.040 3.98e-06 [7612.90482696]
0.060 3.98e-06 [2556.58536033]
0.080 3.98e-06 [719.68438615]
0.100 3.98e-06 [140.2970061]
0.120 3.98e-06 [9.18210353]
0.001 7.94e-06 [34932.21237962]
0.002 7.94e-06 [60419.80787009]
0.003 7.94e-06 [81169.96292807]
0.004 7.94e-06 [89504.07149379]
0.005 7.94e-06 [93841.57489273]
0.007 7.94e-06 [89618.2548403]
0.010 7.94e-06 [76704.04497925]
0.020 7.94e-06 [35268.90097891]
0.040 7.94e-06 [6005.69729583]
0.060 7.94e-06 [954.90890425]
0.080 7.94e-06 [114.82104332]
0.100 7.94e-06 [12.10783843]
0.120 7.94e-06 [0.42580045]
0.001 1.58e-05 [275482.857212]
0.002 1.58e-05 [356387.31668711]
0.003 1.58e-05 [372415.93017327]
0.004 1.58e-05 [344209.78754316]
0.005 1.58e-05 [310568.30185099]
0.007 1.58e-05 [231704.39408257]
0.010 1.58e-05 [144799.7390404]
0.020 1.58e-05 [26557.0025392]
0.040 1.58e-05 [944.2567141]
0.060 1.58e-05 [34.56239773]
0.080 1.58e-05 [0.]
0.100 1.58e-05 [0.]
0.120 1.58e-05 [0.]
0.001 3.16e-05 [1472962.98626315]
0.002 3.16e-05 [1391031.14393216]
0.003 3.16e-05 [1082109.34040229]
0.004 3.16e-05 [801856.34417097]
0.005 3.16e-05 [590118.80875592]
0.007 3.16e-05 [305858.99349309]
0.010 3.16e-05 [110892.19898533]
0.020 3.16e-05 [4533.95779534]
0.040 3.16e-05 [0.]
0.060 3.16e-05 [0.]
0.080 3.16e-05 [0.]
0.100 3.16e-05 [0.]
0.120 3.16e-05 [0.]
0.001 6.31e-05 [5096689.61939208]
0.002 6.31e-05 [3285411.75249111]
0.003 6.31e-05 [1686761.10133488]
0.004 6.31e-05 [874760.07874899]
0.005 6.31e-05 [441481.91870956]
0.007 6.31e-05 [129334.77938691]
0.010 6.31e-05 [18142.49072478]
0.020 6.31e-05 [0.]
0.040 6.31e-05 [0.]
0.060 6.31e-05 [0.]
0.080 6.31e-05 [0.]
0.100 6.31e-05 [0.]
0.120 6.31e-05 [0.]
0.001 1.26e-04 [10385186.03522436]
0.002 1.26e-04 [3630227.07979132]
0.003 1.26e-04 [984343.33369987]
0.004 1.26e-04 [287049.8492142]
0.005 1.26e-04 [75648.60223547]
0.007 1.26e-04 [7534.98219198]
0.010 1.26e-04 [0.]
0.020 1.26e-04 [0.]
0.040 1.26e-04 [0.]
0.060 1.26e-04 [0.]
0.080 1.26e-04 [0.]
0.100 1.26e-04 [0.]
0.120 1.26e-04 [0.]
0.001 2.51e-04 [9059532.9297032]
0.002 2.51e-04 [1161811.56854679]
0.003 2.51e-04 [100652.15662579]
0.004 2.51e-04 [6702.41026402]
0.005 2.51e-04 [0.]
0.007 2.51e-04 [0.]
0.010 2.51e-04 [0.]
0.020 2.51e-04 [0.]
0.040 2.51e-04 [0.]
0.060 2.51e-04 [0.]
0.080 2.51e-04 [0.]
0.100 2.51e-04 [0.]
0.120 2.51e-04 [0.]
0.001 5.01e-04 [2046042.51357178]
0.002 5.01e-04 [26735.4780866]
0.003 5.01e-04 [0.]
0.004 5.01e-04 [0.]
0.005 5.01e-04 [0.]
0.007 5.01e-04 [0.]
0.010 5.01e-04 [0.]
0.020 5.01e-04 [0.]
0.040 5.01e-04 [0.]
0.060 5.01e-04 [0.]
0.080 5.01e-04 [0.]
0.100 5.01e-04 [0.]
0.120 5.01e-04 [0.]
0.001 1.00e-03 [0.]
0.002 1.00e-03 [0.]
0.003 1.00e-03 [0.]
0.004 1.00e-03 [0.]
0.005 1.00e-03 [0.]
0.007 1.00e-03 [0.]
0.010 1.00e-03 [0.]
0.020 1.00e-03 [0.]
0.040 1.00e-03 [0.]
0.060 1.00e-03 [0.]
0.080 1.00e-03 [0.]
0.100 1.00e-03 [0.]
0.120 1.00e-03 [0.]
