0.001 1.00e-09 [0.]
0.002 1.00e-09 [0.]
0.003 1.00e-09 [0.]
0.004 1.00e-09 [0.]
0.005 1.00e-09 [0.]
0.007 1.00e-09 [0.]
0.010 1.00e-09 [0.]
0.020 1.00e-09 [0.]
0.040 1.00e-09 [0.]
0.060 1.00e-09 [0.]
0.080 1.00e-09 [0.]
0.100 1.00e-09 [0.]
0.120 1.00e-09 [0.]
0.140 1.00e-09 [0.]
0.160 1.00e-09 [0.]
0.180 1.00e-09 [0.]
0.200 1.00e-09 [0.]
0.220 1.00e-09 [0.]
0.250 1.00e-09 [0.]
0.270 1.00e-09 [0.]
0.290 1.00e-09 [0.]
0.310 1.00e-09 [0.]
0.330 1.00e-09 [1.02695149e-09]
0.350 1.00e-09 [1.0776408e-09]
0.370 1.00e-09 [1.13728387e-09]
0.390 1.00e-09 [1.20784848e-09]
0.410 1.00e-09 [1.29289794e-09]
0.430 1.00e-09 [1.39426091e-09]
0.450 1.00e-09 [1.51650007e-09]
0.470 1.00e-09 [1.66757707e-09]
0.490 1.00e-09 [1.84482221e-09]
0.510 1.00e-09 [4.13817975e-09]
0.530 1.00e-09 [4.70372317e-09]
0.550 1.00e-09 [5.42395961e-09]
0.570 1.00e-09 [6.34659418e-09]
0.590 1.00e-09 [1.12730383e-08]
0.610 1.00e-09 [1.379102e-08]
0.630 1.00e-09 [2.3270401e-08]
0.650 1.00e-09 [3.75712634e-08]
0.670 1.00e-09 [6.03531852e-08]
0.690 1.00e-09 [1.06785267e-07]
0.710 1.00e-09 [2.28713422e-07]
0.730 1.00e-09 [6.35612783e-07]
0.750 1.00e-09 [8.41033762e-06]
0.770 1.00e-09 [2.69823537e-05]
0.790 1.00e-09 [1.69128974e-05]
0.810 1.00e-09 [5.75010885e-07]
0.830 1.00e-09 [3.17487041e-07]
0.850 1.00e-09 [1.52357918e-07]
0.870 1.00e-09 [1.02417039e-07]
0.890 1.00e-09 [6.29703909e-08]
0.910 1.00e-09 [5.132759e-08]
0.930 1.00e-09 [4.00222065e-08]
0.950 1.00e-09 [3.44844471e-08]
0.970 1.00e-09 [2.89466876e-08]
0.990 1.00e-09 [2.57769314e-08]
1.010 1.00e-09 [3.27418239e-08]
1.030 1.00e-09 [3.87843035e-08]
1.050 1.00e-09 [2.21411481e-08]
1.070 1.00e-09 [2.06062766e-08]
1.090 1.00e-09 [1.97090735e-08]
1.110 1.00e-09 [1.88118705e-08]
1.130 1.00e-09 [1.81667845e-08]
1.150 1.00e-09 [1.98116241e-08]
1.170 1.00e-09 [1.91476498e-08]
1.190 1.00e-09 [1.82352934e-08]
1.210 1.00e-09 [1.92477079e-08]
1.230 1.00e-09 [1.78773505e-08]
1.250 1.00e-09 [1.59795017e-08]
1.270 1.00e-09 [1.54898182e-08]
1.290 1.00e-09 [1.45352813e-08]
1.310 1.00e-09 [1.21018197e-08]
1.330 1.00e-09 [1.04740547e-08]
1.350 1.00e-09 [8.40945994e-09]
1.370 1.00e-09 [7.32429993e-09]
1.390 1.00e-09 [5.99170543e-09]
1.410 1.00e-09 [4.87051155e-09]
1.430 1.00e-09 [3.9684142e-09]
1.450 1.00e-09 [3.25796166e-09]
1.470 1.00e-09 [2.66366128e-09]
1.490 1.00e-09 [2.21981487e-09]
0.001 2.00e-09 [0.]
0.002 2.00e-09 [0.]
0.003 2.00e-09 [0.]
0.004 2.00e-09 [0.]
0.005 2.00e-09 [0.]
0.007 2.00e-09 [0.]
0.010 2.00e-09 [0.]
0.020 2.00e-09 [0.]
0.040 2.00e-09 [0.]
0.060 2.00e-09 [0.]
0.080 2.00e-09 [0.]
0.100 2.00e-09 [0.]
0.120 2.00e-09 [0.]
0.140 2.00e-09 [0.]
0.160 2.00e-09 [0.]
0.180 2.00e-09 [0.]
0.200 2.00e-09 [0.]
0.220 2.00e-09 [3.44348234e-09]
0.250 2.00e-09 [3.56351057e-09]
0.270 2.00e-09 [3.66441925e-09]
0.290 2.00e-09 [7.58539812e-09]
0.310 2.00e-09 [7.87038073e-09]
0.330 2.00e-09 [8.21561196e-09]
0.350 2.00e-09 [1.29316896e-08]
0.370 2.00e-09 [1.36474065e-08]
0.390 2.00e-09 [1.44941817e-08]
0.410 2.00e-09 [2.06863671e-08]
0.430 2.00e-09 [2.23081745e-08]
0.450 2.00e-09 [3.03300015e-08]
0.470 2.00e-09 [3.33515414e-08]
0.490 2.00e-09 [4.4275733e-08]
0.510 2.00e-09 [5.79345165e-08]
0.530 2.00e-09 [6.58521244e-08]
0.550 2.00e-09 [8.67833538e-08]
0.570 2.00e-09 [1.14238695e-07]
0.590 2.00e-09 [1.65337895e-07]
0.610 2.00e-09 [2.39044347e-07]
0.630 2.00e-09 [3.49056015e-07]
0.650 2.00e-09 [5.41026193e-07]
0.670 2.00e-09 [8.8518005e-07]
0.690 2.00e-09 [1.70856427e-06]
0.710 2.00e-09 [3.76106516e-06]
0.730 2.00e-09 [9.9579336e-06]
0.750 2.00e-09 [0.00013457]
0.770 2.00e-09 [0.00043172]
0.790 2.00e-09 [0.00026663]
0.810 2.00e-09 [9.20017417e-06]
0.830 2.00e-09 [5.20678747e-06]
0.850 2.00e-09 [2.43772668e-06]
0.870 2.00e-09 [1.63867262e-06]
0.890 2.00e-09 [1.04350933e-06]
0.910 2.00e-09 [8.21241439e-07]
0.930 2.00e-09 [6.17485472e-07]
0.950 2.00e-09 [5.12340356e-07]
0.970 2.00e-09 [4.30065073e-07]
0.990 2.00e-09 [3.97701228e-07]
1.010 2.00e-09 [5.36965911e-07]
1.030 2.00e-09 [6.08615224e-07]
1.050 2.00e-09 [3.54258369e-07]
1.070 2.00e-09 [3.19397288e-07]
1.090 2.00e-09 [3.15345177e-07]
1.110 2.00e-09 [3.00989928e-07]
1.130 2.00e-09 [2.99751943e-07]
1.150 2.00e-09 [2.99375652e-07]
1.170 2.00e-09 [2.9785233e-07]
1.190 2.00e-09 [2.9986927e-07]
1.210 2.00e-09 [3.00264242e-07]
1.230 2.00e-09 [2.86037607e-07]
1.250 2.00e-09 [2.68455629e-07]
1.270 2.00e-09 [2.47837092e-07]
1.290 2.00e-09 [2.22874313e-07]
1.310 2.00e-09 [1.93629116e-07]
1.330 2.00e-09 [1.61139303e-07]
1.350 2.00e-09 [1.37138885e-07]
1.370 2.00e-09 [1.19281456e-07]
1.390 2.00e-09 [9.42694987e-08]
1.410 2.00e-09 [7.67105569e-08]
1.430 2.00e-09 [6.44867308e-08]
1.450 2.00e-09 [5.28939658e-08]
1.470 2.00e-09 [4.14970389e-08]
1.490 2.00e-09 [3.55170379e-08]
0.001 4.00e-09 [0.]
0.002 4.00e-09 [0.]
0.003 4.00e-09 [0.]
0.004 4.00e-09 [0.]
0.005 4.00e-09 [0.]
0.007 4.00e-09 [0.]
0.010 4.00e-09 [0.]
0.020 4.00e-09 [0.]
0.040 4.00e-09 [0.]
0.060 4.00e-09 [0.]
0.080 4.00e-09 [0.]
0.100 4.00e-09 [0.]
0.120 4.00e-09 [1.28835232e-08]
0.140 4.00e-09 [1.29812203e-08]
0.160 4.00e-09 [1.31414371e-08]
0.180 4.00e-09 [1.33289594e-08]
0.200 4.00e-09 [2.70537536e-08]
0.220 4.00e-09 [4.1321788e-08]
0.250 4.00e-09 [7.12702113e-08]
0.270 4.00e-09 [8.79460621e-08]
0.290 4.00e-09 [1.06195574e-07]
0.310 4.00e-09 [1.25926092e-07]
0.330 4.00e-09 [1.47881015e-07]
0.350 4.00e-09 [1.72422528e-07]
0.370 4.00e-09 [2.18358504e-07]
0.390 4.00e-09 [2.51232484e-07]
0.410 4.00e-09 [3.10295506e-07]
0.430 4.00e-09 [3.79238966e-07]
0.450 4.00e-09 [4.61016022e-07]
0.470 4.00e-09 [5.60305895e-07]
0.490 4.00e-09 [7.08411729e-07]
0.510 4.00e-09 [8.60741387e-07]
0.530 4.00e-09 [1.12889356e-06]
0.550 4.00e-09 [1.47531701e-06]
0.570 4.00e-09 [1.87859188e-06]
0.590 4.00e-09 [2.58528346e-06]
0.610 4.00e-09 [3.67760533e-06]
0.630 4.00e-09 [5.58489625e-06]
0.650 4.00e-09 [8.77664713e-06]
0.670 4.00e-09 [1.43238226e-05]
0.690 4.00e-09 [2.7581109e-05]
0.710 4.00e-09 [5.97704409e-05]
0.730 4.00e-09 [0.00015763]
0.750 4.00e-09 [0.00214343]
0.770 4.00e-09 [0.00690748]
0.790 4.00e-09 [0.00420236]
0.810 4.00e-09 [0.00014797]
0.830 4.00e-09 [8.33085996e-05]
0.850 4.00e-09 [3.84619099e-05]
0.870 4.00e-09 [2.62187619e-05]
0.890 4.00e-09 [1.66961494e-05]
0.910 4.00e-09 [1.30225428e-05]
0.930 4.00e-09 [9.69680889e-06]
0.950 4.00e-09 [8.1974457e-06]
0.970 4.00e-09 [6.94720502e-06]
0.990 4.00e-09 [6.24538225e-06]
1.010 4.00e-09 [8.59145458e-06]
1.030 4.00e-09 [9.73784358e-06]
1.050 4.00e-09 [5.66813391e-06]
1.070 4.00e-09 [5.06914405e-06]
1.090 4.00e-09 [4.96668653e-06]
1.110 4.00e-09 [4.81583884e-06]
1.130 4.00e-09 [4.7960311e-06]
1.150 4.00e-09 [4.79001044e-06]
1.170 4.00e-09 [4.73159702e-06]
1.190 4.00e-09 [4.70065342e-06]
1.210 4.00e-09 [4.74263521e-06]
1.230 4.00e-09 [4.60520548e-06]
1.250 4.00e-09 [4.21858845e-06]
1.270 4.00e-09 [3.98792411e-06]
1.290 4.00e-09 [3.54660864e-06]
1.310 4.00e-09 [3.09806586e-06]
1.330 4.00e-09 [2.57822885e-06]
1.350 4.00e-09 [2.16317185e-06]
1.370 4.00e-09 [1.88339141e-06]
1.390 4.00e-09 [1.49552967e-06]
1.410 4.00e-09 [1.21275738e-06]
1.430 4.00e-09 [1.03178769e-06]
1.450 4.00e-09 [8.43237136e-07]
1.470 4.00e-09 [6.59466457e-07]
1.490 4.00e-09 [5.68272606e-07]
0.001 8.00e-09 [0.]
0.002 8.00e-09 [0.]
0.003 8.00e-09 [0.]
0.004 8.00e-09 [0.]
0.005 8.00e-09 [0.]
0.007 8.00e-09 [0.]
0.010 8.00e-09 [0.]
0.020 8.00e-09 [0.]
0.040 8.00e-09 [0.]
0.060 8.00e-09 [5.08761288e-08]
0.080 8.00e-09 [5.10286032e-08]
0.100 8.00e-09 [1.02484639e-07]
0.120 8.00e-09 [1.54602278e-07]
0.140 8.00e-09 [1.55774644e-07]
0.160 8.00e-09 [2.10262993e-07]
0.180 8.00e-09 [3.19895027e-07]
0.200 8.00e-09 [3.78752551e-07]
0.220 8.00e-09 [6.61148609e-07]
0.250 8.00e-09 [1.02629104e-06]
0.270 8.00e-09 [1.28987558e-06]
0.290 8.00e-09 [1.75981236e-06]
0.310 8.00e-09 [1.95185442e-06]
0.330 8.00e-09 [2.36609624e-06]
0.350 8.00e-09 [2.82772945e-06]
0.370 8.00e-09 [3.42094989e-06]
0.390 8.00e-09 [4.09702204e-06]
0.410 8.00e-09 [4.96472809e-06]
0.430 8.00e-09 [6.06782346e-06]
0.450 8.00e-09 [7.37625636e-06]
0.470 8.00e-09 [8.96489432e-06]
0.490 8.00e-09 [1.10984504e-05]
0.510 8.00e-09 [1.39042839e-05]
0.530 8.00e-09 [1.77612587e-05]
0.550 8.00e-09 [2.32579388e-05]
0.570 8.00e-09 [3.005747e-05]
0.590 8.00e-09 [4.13645353e-05]
0.610 8.00e-09 [5.88416853e-05]
0.630 8.00e-09 [8.82413607e-05]
0.650 8.00e-09 [0.00014043]
0.670 8.00e-09 [0.00022854]
0.690 8.00e-09 [0.00043837]
0.710 8.00e-09 [0.0009482]
0.730 8.00e-09 [0.0024916]
0.750 8.00e-09 [0.03398738]
0.770 8.00e-09 [0.10909759]
0.790 8.00e-09 [0.06653733]
0.810 8.00e-09 [0.00233991]
0.830 8.00e-09 [0.00132075]
0.850 8.00e-09 [0.00060997]
0.870 8.00e-09 [0.0004154]
0.890 8.00e-09 [0.00026541]
0.910 8.00e-09 [0.00020695]
0.930 8.00e-09 [0.00015332]
0.950 8.00e-09 [0.0001299]
0.970 8.00e-09 [0.00010983]
0.990 8.00e-09 [9.92190915e-05]
1.010 8.00e-09 [0.00013579]
1.030 8.00e-09 [0.00015447]
1.050 8.00e-09 [9.0158755e-05]
1.070 8.00e-09 [8.06117541e-05]
1.090 8.00e-09 [7.86786216e-05]
1.110 8.00e-09 [7.66019366e-05]
1.130 8.00e-09 [7.61551604e-05]
1.150 8.00e-09 [7.59357537e-05]
1.170 8.00e-09 [7.50247469e-05]
1.190 8.00e-09 [7.48214351e-05]
1.210 8.00e-09 [7.50198661e-05]
1.230 8.00e-09 [7.27679673e-05]
1.250 8.00e-09 [6.68838023e-05]
1.270 8.00e-09 [6.31759278e-05]
1.290 8.00e-09 [5.60480447e-05]
1.310 8.00e-09 [4.90527094e-05]
1.330 8.00e-09 [4.07360158e-05]
1.350 8.00e-09 [3.43209467e-05]
1.370 8.00e-09 [2.97659549e-05]
1.390 8.00e-09 [2.36472641e-05]
1.410 8.00e-09 [1.91898155e-05]
1.430 8.00e-09 [1.63181192e-05]
1.450 8.00e-09 [1.32955499e-05]
1.470 8.00e-09 [1.0407906e-05]
1.490 8.00e-09 [8.96524808e-06]
0.001 1.60e-08 [0.]
0.002 1.60e-08 [0.]
0.003 1.60e-08 [0.]
0.004 1.60e-08 [0.]
0.005 1.60e-08 [0.]
0.007 1.60e-08 [0.]
0.010 1.60e-08 [0.]
0.020 1.60e-08 [0.]
0.040 1.60e-08 [2.04306671e-07]
0.060 1.60e-08 [6.10513545e-07]
0.080 1.60e-08 [8.16457651e-07]
0.100 1.60e-08 [1.43478494e-06]
0.120 1.60e-08 [2.06136371e-06]
0.140 1.60e-08 [2.90779335e-06]
0.160 1.60e-08 [3.78473387e-06]
0.180 1.60e-08 [4.69179372e-06]
0.200 1.60e-08 [5.84361078e-06]
0.220 1.60e-08 [1.0137612e-05]
0.250 1.60e-08 [1.66487214e-05]
0.270 1.60e-08 [2.08725321e-05]
0.290 1.60e-08 [2.79142651e-05]
0.310 1.60e-08 [3.12296707e-05]
0.330 1.60e-08 [3.75946403e-05]
0.350 1.60e-08 [4.52436712e-05]
0.370 1.60e-08 [5.47351983e-05]
0.390 1.60e-08 [6.4624725e-05]
0.410 1.60e-08 [7.94356495e-05]
0.430 1.60e-08 [9.6014383e-05]
0.450 1.60e-08 [0.00011686]
0.470 1.60e-08 [0.00014258]
0.490 1.60e-08 [0.00017616]
0.510 1.60e-08 [0.00022035]
0.530 1.60e-08 [0.00028117]
0.550 1.60e-08 [0.00036866]
0.570 1.60e-08 [0.00047767]
0.590 1.60e-08 [0.00065702]
0.610 1.60e-08 [0.00093323]
0.630 1.60e-08 [0.00139399]
0.650 1.60e-08 [0.00221797]
0.670 1.60e-08 [0.00360767]
0.690 1.60e-08 [0.00689674]
0.710 1.60e-08 [0.01485885]
0.730 1.60e-08 [0.03893001]
0.750 1.60e-08 [0.5285729]
0.770 1.60e-08 [1.68827]
0.790 1.60e-08 [1.02970495]
0.810 1.60e-08 [0.03650629]
0.830 1.60e-08 [0.02066053]
0.850 1.60e-08 [0.00957322]
0.870 1.60e-08 [0.00652192]
0.890 1.60e-08 [0.00417058]
0.910 1.60e-08 [0.00325493]
0.930 1.60e-08 [0.00241505]
0.950 1.60e-08 [0.00204432]
0.970 1.60e-08 [0.00172873]
0.990 1.60e-08 [0.00156394]
1.010 1.60e-08 [0.00212565]
1.030 1.60e-08 [0.00240506]
1.050 1.60e-08 [0.00141632]
1.070 1.60e-08 [0.00126671]
1.090 1.60e-08 [0.00123489]
1.110 1.60e-08 [0.00120215]
1.130 1.60e-08 [0.00119465]
1.150 1.60e-08 [0.0011913]
1.170 1.60e-08 [0.00117643]
1.190 1.60e-08 [0.00117173]
1.210 1.60e-08 [0.0011747]
1.230 1.60e-08 [0.00113912]
1.250 1.60e-08 [0.00104601]
1.270 1.60e-08 [0.0009863]
1.290 1.60e-08 [0.00087475]
1.310 1.60e-08 [0.00076496]
1.330 1.60e-08 [0.00063486]
1.350 1.60e-08 [0.0005339]
1.370 1.60e-08 [0.00046233]
1.390 1.60e-08 [0.0003669]
1.410 1.60e-08 [0.0002973]
1.430 1.60e-08 [0.00025252]
1.450 1.60e-08 [0.00020547]
1.470 1.60e-08 [0.00016039]
1.490 1.60e-08 [0.000138]
0.001 3.20e-08 [0.]
0.002 3.20e-08 [0.]
0.003 3.20e-08 [0.]
0.004 3.20e-08 [0.]
0.005 3.20e-08 [0.]
0.007 3.20e-08 [0.]
0.010 3.20e-08 [0.]
0.020 3.20e-08 [8.16760622e-07]
0.040 3.20e-08 [4.08613343e-06]
0.060 3.20e-08 [8.1401806e-06]
0.080 3.20e-08 [1.46962377e-05]
0.100 3.20e-08 [2.29565591e-05]
0.120 3.20e-08 [3.29818194e-05]
0.140 3.20e-08 [4.48630974e-05]
0.160 3.20e-08 [5.971469e-05]
0.180 3.20e-08 [7.50686996e-05]
0.200 3.20e-08 [9.43634926e-05]
0.220 3.20e-08 [0.0001622]
0.250 3.20e-08 [0.00026364]
0.270 3.20e-08 [0.00033208]
0.290 3.20e-08 [0.00044177]
0.310 3.20e-08 [0.00049565]
0.330 3.20e-08 [0.0005952]
0.350 3.20e-08 [0.00071948]
0.370 3.20e-08 [0.00086645]
0.390 3.20e-08 [0.00102534]
0.410 3.20e-08 [0.00125773]
0.430 3.20e-08 [0.00152053]
0.450 3.20e-08 [0.00184639]
0.470 3.20e-08 [0.0022472]
0.490 3.20e-08 [0.00278075]
0.510 3.20e-08 [0.00347263]
0.530 3.20e-08 [0.00442406]
0.550 3.20e-08 [0.00578463]
0.570 3.20e-08 [0.00749]
0.590 3.20e-08 [0.01027764]
0.610 3.20e-08 [0.01455508]
0.630 3.20e-08 [0.02164855]
0.650 3.20e-08 [0.03424864]
0.670 3.20e-08 [0.05533309]
0.690 3.20e-08 [0.10472425]
0.710 3.20e-08 [0.22249242]
0.730 3.20e-08 [0.5734685]
0.750 3.20e-08 [7.66361498]
0.770 3.20e-08 [23.98928057]
0.790 3.20e-08 [14.67004824]
0.810 3.20e-08 [0.53591628]
0.830 3.20e-08 [0.30709582]
0.850 3.20e-08 [0.14355068]
0.870 3.20e-08 [0.09837279]
0.890 3.20e-08 [0.06319205]
0.910 3.20e-08 [0.04942841]
0.930 3.20e-08 [0.03675566]
0.950 3.20e-08 [0.0311402]
0.970 3.20e-08 [0.0263258]
0.990 3.20e-08 [0.02378619]
1.010 3.20e-08 [0.0315495]
1.030 3.20e-08 [0.03508373]
1.050 3.20e-08 [0.02134052]
1.070 3.20e-08 [0.01912262]
1.090 3.20e-08 [0.01862555]
1.110 3.20e-08 [0.01811237]
1.130 3.20e-08 [0.01797029]
1.150 3.20e-08 [0.01789097]
1.170 3.20e-08 [0.01764212]
1.190 3.20e-08 [0.01752352]
1.210 3.20e-08 [0.01749626]
1.230 3.20e-08 [0.01691878]
1.250 3.20e-08 [0.01550886]
1.270 3.20e-08 [0.01454362]
1.290 3.20e-08 [0.01286857]
1.310 3.20e-08 [0.01120777]
1.330 3.20e-08 [0.00926842]
1.350 3.20e-08 [0.00776274]
1.370 3.20e-08 [0.00667615]
1.390 3.20e-08 [0.00527858]
1.410 3.20e-08 [0.00424771]
1.430 3.20e-08 [0.00359151]
1.450 3.20e-08 [0.00290422]
1.470 3.20e-08 [0.00224753]
1.490 3.20e-08 [0.00192567]
0.001 6.30e-08 [0.]
0.002 6.30e-08 [0.]
0.003 6.30e-08 [0.]
0.004 6.30e-08 [0.]
0.005 6.30e-08 [0.]
0.007 6.30e-08 [3.1652555e-06]
0.010 6.30e-08 [3.16532564e-06]
0.020 6.30e-08 [1.26629801e-05]
0.040 6.30e-08 [5.70159267e-05]
0.060 6.30e-08 [0.0001262]
0.080 6.30e-08 [0.00022468]
0.100 6.30e-08 [0.00035274]
0.120 6.30e-08 [0.00051135]
0.140 6.30e-08 [0.00069233]
0.160 6.30e-08 [0.00091603]
0.180 6.30e-08 [0.00115725]
0.200 6.30e-08 [0.00144623]
0.220 6.30e-08 [0.00249426]
0.250 6.30e-08 [0.00403445]
0.270 6.30e-08 [0.00507588]
0.290 6.30e-08 [0.00674384]
0.310 6.30e-08 [0.00755168]
0.330 6.30e-08 [0.00904458]
0.350 6.30e-08 [0.0109153]
0.370 6.30e-08 [0.01310831]
0.390 6.30e-08 [0.01547967]
0.410 6.30e-08 [0.01893015]
0.430 6.30e-08 [0.02280488]
0.450 6.30e-08 [0.02762114]
0.470 6.30e-08 [0.0334968]
0.490 6.30e-08 [0.04126735]
0.510 6.30e-08 [0.05130994]
0.530 6.30e-08 [0.06500573]
0.550 6.30e-08 [0.08443162]
0.570 6.30e-08 [0.10865548]
0.590 6.30e-08 [0.14760613]
0.610 6.30e-08 [0.20668524]
0.630 6.30e-08 [0.3027799]
0.650 6.30e-08 [0.46820806]
0.670 6.30e-08 [0.73659101]
0.690 6.30e-08 [1.342393]
0.710 6.30e-08 [2.70271474]
0.730 6.30e-08 [6.55451752]
0.750 6.30e-08 [82.59560026]
0.770 6.30e-08 [240.36070353]
0.790 6.30e-08 [148.41054046]
0.810 6.30e-08 [6.04997027]
0.830 6.30e-08 [3.62771935]
0.850 6.30e-08 [1.75372206]
0.870 6.30e-08 [1.22898146]
0.890 6.30e-08 [0.80409455]
0.910 6.30e-08 [0.63371224]
0.930 6.30e-08 [0.47550055]
0.950 6.30e-08 [0.40393885]
0.970 6.30e-08 [0.34107381]
0.990 6.30e-08 [0.30717439]
1.010 6.30e-08 [0.37113077]
1.030 6.30e-08 [0.3870397]
1.050 6.30e-08 [0.26548009]
1.070 6.30e-08 [0.23999171]
1.090 6.30e-08 [0.23280831]
1.110 6.30e-08 [0.22538356]
1.130 6.30e-08 [0.22215232]
1.150 6.30e-08 [0.21988222]
1.170 6.30e-08 [0.21569644]
1.190 6.30e-08 [0.21195678]
1.210 6.30e-08 [0.20873174]
1.230 6.30e-08 [0.19960408]
1.250 6.30e-08 [0.18175027]
1.270 6.30e-08 [0.16712811]
1.290 6.30e-08 [0.14653395]
1.310 6.30e-08 [0.1257521]
1.330 6.30e-08 [0.10265288]
1.350 6.30e-08 [0.08476768]
1.370 6.30e-08 [0.07112219]
1.390 6.30e-08 [0.05545272]
1.410 6.30e-08 [0.04355409]
1.430 6.30e-08 [0.03624418]
1.450 6.30e-08 [0.02866998]
1.470 6.30e-08 [0.02152919]
1.490 6.30e-08 [0.01819357]
0.001 1.26e-07 [0.]
0.002 1.26e-07 [0.]
0.003 1.26e-07 [0.]
0.004 1.26e-07 [1.26608413e-05]
0.005 1.26e-07 [1.26608906e-05]
0.007 1.26e-07 [2.5322044e-05]
0.010 1.26e-07 [5.06452102e-05]
0.020 1.26e-07 [0.00022793]
0.040 1.26e-07 [0.00089958]
0.060 1.26e-07 [0.00200665]
0.080 1.26e-07 [0.00356964]
0.100 1.26e-07 [0.00561839]
0.120 1.26e-07 [0.00809207]
0.140 1.26e-07 [0.0109614]
0.160 1.26e-07 [0.01448699]
0.180 1.26e-07 [0.01829109]
0.200 1.26e-07 [0.02280405]
0.220 1.26e-07 [0.0389788]
0.250 1.26e-07 [0.06237316]
0.270 1.26e-07 [0.07794172]
0.290 1.26e-07 [0.10251245]
0.310 1.26e-07 [0.11434502]
0.330 1.26e-07 [0.13590916]
0.350 1.26e-07 [0.16256616]
0.370 1.26e-07 [0.19335655]
0.390 1.26e-07 [0.22623612]
0.410 1.26e-07 [0.27334538]
0.430 1.26e-07 [0.32527803]
0.450 1.26e-07 [0.38909151]
0.470 1.26e-07 [0.46534147]
0.490 1.26e-07 [0.5639188]
0.510 1.26e-07 [0.68999053]
0.530 1.26e-07 [0.85564115]
0.550 1.26e-07 [1.08314448]
0.570 1.26e-07 [1.3618019]
0.590 1.26e-07 [1.78147491]
0.610 1.26e-07 [2.38965217]
0.630 1.26e-07 [3.31037507]
0.650 1.26e-07 [4.7147081]
0.670 1.26e-07 [6.7531622]
0.690 1.26e-07 [10.81519135]
0.710 1.26e-07 [18.28356869]
0.730 1.26e-07 [36.83126727]
0.750 1.26e-07 [394.56858387]
0.770 1.26e-07 [947.88610505]
0.790 1.26e-07 [602.99259846]
0.810 1.26e-07 [32.92708351]
0.830 1.26e-07 [22.56749156]
0.850 1.26e-07 [12.12265999]
0.870 1.26e-07 [9.13166709]
0.890 1.26e-07 [6.35035108]
0.910 1.26e-07 [5.13023163]
0.930 1.26e-07 [3.9685711]
0.950 1.26e-07 [3.4052168]
0.970 1.26e-07 [2.86041788]
0.990 1.26e-07 [2.55122673]
1.010 1.26e-07 [2.30389832]
1.030 1.26e-07 [2.00366403]
1.050 1.26e-07 [1.95726758]
1.070 1.26e-07 [1.81933651]
1.090 1.26e-07 [1.74156925]
1.110 1.26e-07 [1.6617663]
1.130 1.26e-07 [1.60593562]
1.150 1.26e-07 [1.56191777]
1.170 1.26e-07 [1.5079498]
1.190 1.26e-07 [1.43458644]
1.210 1.26e-07 [1.35654624]
1.230 1.26e-07 [1.25363654]
1.250 1.26e-07 [1.12085567]
1.270 1.26e-07 [0.97420882]
1.290 1.26e-07 [0.83374356]
1.310 1.26e-07 [0.68681132]
1.330 1.26e-07 [0.54173451]
1.350 1.26e-07 [0.43107868]
1.370 1.26e-07 [0.33951439]
1.390 1.26e-07 [0.2556244]
1.410 1.26e-07 [0.18978268]
1.430 1.26e-07 [0.15171406]
1.450 1.26e-07 [0.11424482]
1.470 1.26e-07 [0.08027875]
1.490 1.26e-07 [0.06599116]
0.001 2.51e-07 [0.]
0.002 2.51e-07 [5.02419709e-05]
0.003 2.51e-07 [0.00010048]
0.004 2.51e-07 [0.00015073]
0.005 2.51e-07 [0.00020097]
0.007 2.51e-07 [0.00045219]
0.010 2.51e-07 [0.00090439]
0.020 2.51e-07 [0.0035678]
0.040 2.51e-07 [0.01427935]
0.060 2.51e-07 [0.03160173]
0.080 2.51e-07 [0.05600877]
0.100 2.51e-07 [0.08766899]
0.120 2.51e-07 [0.12575887]
0.140 2.51e-07 [0.16954635]
0.160 2.51e-07 [0.22250449]
0.180 2.51e-07 [0.27879294]
0.200 2.51e-07 [0.3447709]
0.220 2.51e-07 [0.57191554]
0.250 2.51e-07 [0.8769716]
0.270 2.51e-07 [1.0680834]
0.290 2.51e-07 [1.34937556]
0.310 2.51e-07 [1.48349685]
0.330 2.51e-07 [1.71174068]
0.350 2.51e-07 [1.97892907]
0.370 2.51e-07 [2.27109073]
0.390 2.51e-07 [2.56617401]
0.410 2.51e-07 [2.96516498]
0.430 2.51e-07 [3.37348872]
0.450 2.51e-07 [3.85679994]
0.470 2.51e-07 [4.39262281]
0.490 2.51e-07 [5.02187763]
0.510 2.51e-07 [5.8066515]
0.530 2.51e-07 [6.69874905]
0.550 2.51e-07 [7.7909284]
0.570 2.51e-07 [9.0993993]
0.590 2.51e-07 [10.57530366]
0.610 2.51e-07 [12.49866883]
0.630 2.51e-07 [14.80792423]
0.650 2.51e-07 [17.0700531]
0.670 2.51e-07 [19.79419746]
0.690 2.51e-07 [24.26829823]
0.710 2.51e-07 [30.18081607]
0.730 2.51e-07 [46.01416987]
0.750 2.51e-07 [388.61422824]
0.770 2.51e-07 [718.46418739]
0.790 2.51e-07 [483.68769197]
0.810 2.51e-07 [39.97567879]
0.830 2.51e-07 [33.03530498]
0.850 2.51e-07 [21.31871529]
0.870 2.51e-07 [18.23038143]
0.890 2.51e-07 [14.20653459]
0.910 2.51e-07 [12.09815631]
0.930 2.51e-07 [9.88872368]
0.950 2.51e-07 [8.69642589]
0.970 2.51e-07 [7.22876841]
0.990 2.51e-07 [6.37455589]
1.010 2.51e-07 [3.55889302]
1.030 2.51e-07 [2.36732704]
1.050 2.51e-07 [4.0109022]
1.070 2.51e-07 [3.8883193]
1.090 2.51e-07 [3.64731311]
1.110 2.51e-07 [3.41446512]
1.130 2.51e-07 [3.2069607]
1.150 2.51e-07 [3.00055771]
1.170 2.51e-07 [2.84128826]
1.190 2.51e-07 [2.56881009]
1.210 2.51e-07 [2.29998554]
1.230 2.51e-07 [2.02574691]
1.250 2.51e-07 [1.73639857]
1.270 2.51e-07 [1.40933954]
1.290 2.51e-07 [1.15962861]
1.310 2.51e-07 [0.89699507]
1.330 2.51e-07 [0.68408829]
1.350 2.51e-07 [0.50078741]
1.370 2.51e-07 [0.36618419]
1.390 2.51e-07 [0.25968344]
1.410 2.51e-07 [0.17697406]
1.430 2.51e-07 [0.13210118]
1.450 2.51e-07 [0.09157988]
1.470 2.51e-07 [0.0601125]
1.490 2.51e-07 [0.04491411]
0.001 5.01e-07 [0.00020017]
0.002 5.01e-07 [0.0006005]
0.003 5.01e-07 [0.00120101]
0.004 5.01e-07 [0.00220186]
0.005 5.01e-07 [0.00360306]
0.007 5.01e-07 [0.00700602]
0.010 5.01e-07 [0.01401234]
0.020 5.01e-07 [0.056257]
0.040 5.01e-07 [0.22455547]
0.060 5.01e-07 [0.49323967]
0.080 5.01e-07 [0.86375504]
0.100 5.01e-07 [1.33019906]
0.120 5.01e-07 [1.87154856]
0.140 5.01e-07 [2.46693984]
0.160 5.01e-07 [3.15523465]
0.180 5.01e-07 [3.84344659]
0.200 5.01e-07 [4.60375982]
0.220 5.01e-07 [6.80585215]
0.250 5.01e-07 [8.91045826]
0.270 5.01e-07 [9.88525921]
0.290 5.01e-07 [10.83724078]
0.310 5.01e-07 [11.34341539]
0.330 5.01e-07 [11.86985972]
0.350 5.01e-07 [12.29534425]
0.370 5.01e-07 [12.63414712]
0.390 5.01e-07 [12.89932719]
0.410 5.01e-07 [13.07355939]
0.430 5.01e-07 [13.22047222]
0.450 5.01e-07 [13.40586705]
0.470 5.01e-07 [13.68116695]
0.490 5.01e-07 [13.779971]
0.510 5.01e-07 [13.93087346]
0.530 5.01e-07 [14.08443556]
0.550 5.01e-07 [14.12404439]
0.570 5.01e-07 [14.59906211]
0.590 5.01e-07 [14.18261717]
0.610 5.01e-07 [13.75277713]
0.630 5.01e-07 [13.32453927]
0.650 5.01e-07 [11.33725655]
0.670 5.01e-07 [10.0132972]
0.690 5.01e-07 [7.88780146]
0.710 5.01e-07 [5.12838525]
0.730 5.01e-07 [3.90871638]
0.750 5.01e-07 [14.927808]
0.770 5.01e-07 [12.74841932]
0.790 5.01e-07 [8.98973823]
0.810 5.01e-07 [2.91062086]
0.830 5.01e-07 [4.04822989]
0.850 5.01e-07 [3.94317405]
0.870 5.01e-07 [4.495473]
0.890 5.01e-07 [4.30364755]
0.910 5.01e-07 [4.1833839]
0.930 5.01e-07 [3.70970169]
0.950 5.01e-07 [3.28048403]
0.970 5.01e-07 [2.7993502]
0.990 5.01e-07 [2.35601724]
1.010 5.01e-07 [0.42570434]
1.030 5.01e-07 [0.12805136]
1.050 5.01e-07 [0.9690804]
1.070 5.01e-07 [1.00211298]
1.090 5.01e-07 [0.90715561]
1.110 5.01e-07 [0.83221695]
1.130 5.01e-07 [0.71818127]
1.150 5.01e-07 [0.60335881]
1.170 5.01e-07 [0.53561083]
1.190 5.01e-07 [0.43380518]
1.210 5.01e-07 [0.32997054]
1.230 5.01e-07 [0.26519546]
1.250 5.01e-07 [0.18971419]
1.270 5.01e-07 [0.12900958]
1.290 5.01e-07 [0.0896891]
1.310 5.01e-07 [0.05720755]
1.330 5.01e-07 [0.03801936]
1.350 5.01e-07 [0.02078309]
1.370 5.01e-07 [0.0115557]
1.390 5.01e-07 [0.00671753]
1.410 5.01e-07 [0.00336188]
1.430 5.01e-07 [0.0019299]
1.450 5.01e-07 [0.00096206]
1.470 5.01e-07 [0.00045745]
1.490 5.01e-07 [0.00026393]
0.001 1.00e-06 [0.00318991]
0.002 1.00e-06 [0.00877227]
0.003 1.00e-06 [0.01993702]
0.004 1.00e-06 [0.03588674]
0.005 1.00e-06 [0.05662152]
0.007 1.00e-06 [0.11005424]
0.010 1.00e-06 [0.22170837]
0.020 1.00e-06 [0.88695099]
0.040 1.00e-06 [3.46044425]
0.060 1.00e-06 [7.34126639]
0.080 1.00e-06 [12.24527013]
0.100 1.00e-06 [17.71382926]
0.120 1.00e-06 [23.14524942]
0.140 1.00e-06 [28.03132264]
0.160 1.00e-06 [32.53984084]
0.180 1.00e-06 [35.81241484]
0.200 1.00e-06 [38.29966083]
0.220 1.00e-06 [38.57561088]
0.250 1.00e-06 [32.19275446]
0.270 1.00e-06 [28.19312563]
0.290 1.00e-06 [22.70783744]
0.310 1.00e-06 [21.6051789]
0.330 1.00e-06 [19.09410914]
0.350 1.00e-06 [16.54825208]
0.370 1.00e-06 [14.37640544]
0.390 1.00e-06 [13.19332893]
0.410 1.00e-06 [10.88620066]
0.430 1.00e-06 [9.65525677]
0.450 1.00e-06 [8.12995689]
0.470 1.00e-06 [7.21727355]
0.490 1.00e-06 [6.19860263]
0.510 1.00e-06 [4.89753573]
0.530 1.00e-06 [4.23570271]
0.550 1.00e-06 [3.11877678]
0.570 1.00e-06 [2.46247854]
0.590 1.00e-06 [1.56695233]
0.610 1.00e-06 [0.8964163]
0.630 1.00e-06 [0.46540802]
0.650 1.00e-06 [0.1427708]
0.670 1.00e-06 [0.04023546]
0.690 1.00e-06 [0.]
0.710 1.00e-06 [0.]
0.730 1.00e-06 [0.]
0.750 1.00e-06 [0.]
0.770 1.00e-06 [0.]
0.790 1.00e-06 [0.]
0.810 1.00e-06 [0.]
0.830 1.00e-06 [0.]
0.850 1.00e-06 [0.]
0.870 1.00e-06 [0.]
0.890 1.00e-06 [0.]
0.910 1.00e-06 [0.]
0.930 1.00e-06 [0.00571746]
0.950 1.00e-06 [0.00492635]
0.970 1.00e-06 [0.00413524]
0.990 1.00e-06 [0.]
1.010 1.00e-06 [0.]
1.030 1.00e-06 [0.]
1.050 1.00e-06 [0.]
1.070 1.00e-06 [0.]
1.090 1.00e-06 [0.]
1.110 1.00e-06 [0.]
1.130 1.00e-06 [0.]
1.150 1.00e-06 [0.]
1.170 1.00e-06 [0.]
1.190 1.00e-06 [0.]
1.210 1.00e-06 [0.]
1.230 1.00e-06 [0.]
1.250 1.00e-06 [0.]
1.270 1.00e-06 [0.]
1.290 1.00e-06 [0.]
1.310 1.00e-06 [0.]
1.330 1.00e-06 [0.]
1.350 1.00e-06 [0.]
1.370 1.00e-06 [0.]
1.390 1.00e-06 [0.]
1.410 1.00e-06 [0.]
1.430 1.00e-06 [0.]
1.450 1.00e-06 [0.]
1.470 1.00e-06 [0.]
1.490 1.00e-06 [0.]
0.001 1.99e-06 [0.04760974]
0.002 1.99e-06 [0.13965539]
0.003 1.99e-06 [0.32057329]
0.004 1.99e-06 [0.56814646]
0.005 1.99e-06 [0.89507221]
0.007 1.99e-06 [1.73620419]
0.010 1.99e-06 [3.49153003]
0.020 1.99e-06 [13.66321485]
0.040 1.99e-06 [48.97614427]
0.060 1.99e-06 [90.74321736]
0.080 1.99e-06 [126.12841405]
0.100 1.99e-06 [145.58537184]
0.120 1.99e-06 [147.81803492]
0.140 1.99e-06 [137.35617732]
0.160 1.99e-06 [120.20593981]
0.180 1.99e-06 [102.9460485]
0.200 1.99e-06 [85.12351342]
0.220 1.99e-06 [42.81144916]
0.250 1.99e-06 [20.52614579]
0.270 1.99e-06 [13.49064422]
0.290 1.99e-06 [7.06447735]
0.310 1.99e-06 [5.72451803]
0.330 1.99e-06 [3.68673795]
0.350 1.99e-06 [2.28176785]
0.370 1.99e-06 [1.2900292]
0.390 1.99e-06 [0.87011535]
0.410 1.99e-06 [0.42709859]
0.430 1.99e-06 [0.22196773]
0.450 1.99e-06 [0.10260704]
0.470 1.99e-06 [0.04645899]
0.490 1.99e-06 [0.02202732]
0.510 1.99e-06 [0.00823503]
0.530 1.99e-06 [0.]
0.550 1.99e-06 [0.]
0.570 1.99e-06 [0.]
0.590 1.99e-06 [0.]
0.610 1.99e-06 [0.]
0.630 1.99e-06 [0.]
0.650 1.99e-06 [0.]
0.670 1.99e-06 [0.]
0.690 1.99e-06 [0.]
0.710 1.99e-06 [0.]
0.730 1.99e-06 [0.]
0.750 1.99e-06 [0.]
0.770 1.99e-06 [0.]
0.790 1.99e-06 [0.]
0.810 1.99e-06 [0.]
0.830 1.99e-06 [0.]
0.850 1.99e-06 [0.]
0.870 1.99e-06 [0.]
0.890 1.99e-06 [0.]
0.910 1.99e-06 [0.]
0.930 1.99e-06 [0.]
0.950 1.99e-06 [0.]
0.970 1.99e-06 [0.]
0.990 1.99e-06 [0.]
1.010 1.99e-06 [0.]
1.030 1.99e-06 [0.]
1.050 1.99e-06 [0.]
1.070 1.99e-06 [0.]
1.090 1.99e-06 [0.]
1.110 1.99e-06 [0.]
1.130 1.99e-06 [0.]
1.150 1.99e-06 [0.]
1.170 1.99e-06 [0.]
1.190 1.99e-06 [0.]
1.210 1.99e-06 [0.]
1.230 1.99e-06 [0.]
1.250 1.99e-06 [0.]
1.270 1.99e-06 [0.]
1.290 1.99e-06 [0.]
1.310 1.99e-06 [0.]
1.330 1.99e-06 [0.]
1.350 1.99e-06 [0.]
1.370 1.99e-06 [0.]
1.390 1.99e-06 [0.]
1.410 1.99e-06 [0.]
1.430 1.99e-06 [0.]
1.450 1.99e-06 [0.]
1.470 1.99e-06 [0.]
1.490 1.99e-06 [0.]
0.001 3.98e-06 [0.77096202]
0.002 3.98e-06 [2.19913975]
0.003 3.98e-06 [5.04286582]
0.004 3.98e-06 [8.97354776]
0.005 3.98e-06 [14.0796776]
0.007 3.98e-06 [27.14852915]
0.010 3.98e-06 [53.83060883]
0.020 3.98e-06 [193.6844024]
0.040 3.98e-06 [503.13067867]
0.060 3.98e-06 [581.16826801]
0.080 3.98e-06 [464.81166189]
0.100 3.98e-06 [310.13596394]
0.120 3.98e-06 [195.7857119]
0.140 3.98e-06 [124.95590618]
0.160 3.98e-06 [76.72154915]
0.180 3.98e-06 [47.84634947]
0.200 3.98e-06 [28.17741706]
0.220 3.98e-06 [4.18852005]
0.250 3.98e-06 [0.35297376]
0.270 3.98e-06 [0.08711256]
0.290 3.98e-06 [0.01502702]
0.310 3.98e-06 [0.]
0.330 3.98e-06 [0.]
0.350 3.98e-06 [0.]
0.370 3.98e-06 [0.]
0.390 3.98e-06 [0.]
0.410 3.98e-06 [0.]
0.430 3.98e-06 [0.]
0.450 3.98e-06 [0.]
0.470 3.98e-06 [0.]
0.490 3.98e-06 [0.]
0.510 3.98e-06 [0.]
0.530 3.98e-06 [0.]
0.550 3.98e-06 [0.]
0.570 3.98e-06 [0.]
0.590 3.98e-06 [0.]
0.610 3.98e-06 [0.]
0.630 3.98e-06 [0.]
0.650 3.98e-06 [0.]
0.670 3.98e-06 [0.]
0.690 3.98e-06 [0.]
0.710 3.98e-06 [0.]
0.730 3.98e-06 [0.]
0.750 3.98e-06 [0.]
0.770 3.98e-06 [0.]
0.790 3.98e-06 [0.]
0.810 3.98e-06 [0.]
0.830 3.98e-06 [0.]
0.850 3.98e-06 [0.]
0.870 3.98e-06 [0.]
0.890 3.98e-06 [0.]
0.910 3.98e-06 [0.]
0.930 3.98e-06 [0.]
0.950 3.98e-06 [0.]
0.970 3.98e-06 [0.]
0.990 3.98e-06 [0.]
1.010 3.98e-06 [0.]
1.030 3.98e-06 [0.]
1.050 3.98e-06 [0.]
1.070 3.98e-06 [0.]
1.090 3.98e-06 [0.]
1.110 3.98e-06 [0.]
1.130 3.98e-06 [0.]
1.150 3.98e-06 [0.]
1.170 3.98e-06 [0.]
1.190 3.98e-06 [0.]
1.210 3.98e-06 [0.]
1.230 3.98e-06 [0.]
1.250 3.98e-06 [0.]
1.270 3.98e-06 [0.]
1.290 3.98e-06 [0.]
1.310 3.98e-06 [0.]
1.330 3.98e-06 [0.]
1.350 3.98e-06 [0.]
1.370 3.98e-06 [0.]
1.390 3.98e-06 [0.]
1.410 3.98e-06 [0.]
1.430 3.98e-06 [0.]
1.450 3.98e-06 [0.]
1.470 3.98e-06 [0.]
1.490 3.98e-06 [0.]
0.001 7.94e-06 [12.27658975]
0.002 7.94e-06 [34.71662037]
0.003 7.94e-06 [79.19431653]
0.004 7.94e-06 [139.67222817]
0.005 7.94e-06 [216.8047453]
0.007 7.94e-06 [407.19865866]
0.010 7.94e-06 [763.6967987]
0.020 7.94e-06 [1997.91195186]
0.040 7.94e-06 [1840.09258131]
0.060 7.94e-06 [775.02553855]
0.080 7.94e-06 [285.72692509]
0.100 7.94e-06 [98.40266994]
0.120 7.94e-06 [29.71937365]
0.140 7.94e-06 [8.08763886]
0.160 7.94e-06 [1.81367742]
0.180 7.94e-06 [0.31535276]
0.200 7.94e-06 [0.05333922]
0.220 7.94e-06 [0.]
0.250 7.94e-06 [0.]
0.270 7.94e-06 [0.]
0.290 7.94e-06 [0.]
0.310 7.94e-06 [0.]
0.330 7.94e-06 [0.]
0.350 7.94e-06 [0.]
0.370 7.94e-06 [0.]
0.390 7.94e-06 [0.]
0.410 7.94e-06 [0.]
0.430 7.94e-06 [0.]
0.450 7.94e-06 [0.]
0.470 7.94e-06 [0.]
0.490 7.94e-06 [0.]
0.510 7.94e-06 [0.]
0.530 7.94e-06 [0.]
0.550 7.94e-06 [0.]
0.570 7.94e-06 [0.]
0.590 7.94e-06 [0.]
0.610 7.94e-06 [0.]
0.630 7.94e-06 [0.]
0.650 7.94e-06 [0.]
0.670 7.94e-06 [0.]
0.690 7.94e-06 [0.]
0.710 7.94e-06 [0.]
0.730 7.94e-06 [0.]
0.750 7.94e-06 [0.]
0.770 7.94e-06 [0.]
0.790 7.94e-06 [0.]
0.810 7.94e-06 [0.]
0.830 7.94e-06 [0.]
0.850 7.94e-06 [0.]
0.870 7.94e-06 [0.]
0.890 7.94e-06 [0.]
0.910 7.94e-06 [0.]
0.930 7.94e-06 [0.]
0.950 7.94e-06 [0.]
0.970 7.94e-06 [0.]
0.990 7.94e-06 [0.]
1.010 7.94e-06 [0.]
1.030 7.94e-06 [0.]
1.050 7.94e-06 [0.]
1.070 7.94e-06 [0.]
1.090 7.94e-06 [0.]
1.110 7.94e-06 [0.]
1.130 7.94e-06 [0.]
1.150 7.94e-06 [0.]
1.170 7.94e-06 [0.]
1.190 7.94e-06 [0.]
1.210 7.94e-06 [0.]
1.230 7.94e-06 [0.]
1.250 7.94e-06 [0.]
1.270 7.94e-06 [0.]
1.290 7.94e-06 [0.]
1.310 7.94e-06 [0.]
1.330 7.94e-06 [0.]
1.350 7.94e-06 [0.]
1.370 7.94e-06 [0.]
1.390 7.94e-06 [0.]
1.410 7.94e-06 [0.]
1.430 7.94e-06 [0.]
1.450 7.94e-06 [0.]
1.470 7.94e-06 [0.]
1.490 7.94e-06 [0.]
0.001 1.58e-05 [193.10768446]
0.002 1.58e-05 [540.86231104]
0.003 1.58e-05 [1205.72491745]
0.004 1.58e-05 [2061.69768324]
0.005 1.58e-05 [3072.92708109]
0.007 1.58e-05 [5201.393744]
0.010 1.58e-05 [7910.74095506]
0.020 1.58e-05 [7374.63934095]
0.040 1.58e-05 [1157.50558033]
0.060 1.58e-05 [114.41749535]
0.080 1.58e-05 [6.20867792]
0.100 1.58e-05 [0.20111874]
0.120 1.58e-05 [0.]
0.140 1.58e-05 [0.]
0.160 1.58e-05 [0.]
0.180 1.58e-05 [0.]
0.200 1.58e-05 [0.]
0.220 1.58e-05 [0.]
0.250 1.58e-05 [0.]
0.270 1.58e-05 [0.]
0.290 1.58e-05 [0.]
0.310 1.58e-05 [0.]
0.330 1.58e-05 [0.]
0.350 1.58e-05 [0.]
0.370 1.58e-05 [0.]
0.390 1.58e-05 [0.]
0.410 1.58e-05 [0.]
0.430 1.58e-05 [0.]
0.450 1.58e-05 [0.]
0.470 1.58e-05 [0.]
0.490 1.58e-05 [0.]
0.510 1.58e-05 [0.]
0.530 1.58e-05 [0.]
0.550 1.58e-05 [0.]
0.570 1.58e-05 [0.]
0.590 1.58e-05 [0.]
0.610 1.58e-05 [0.]
0.630 1.58e-05 [0.]
0.650 1.58e-05 [0.]
0.670 1.58e-05 [0.]
0.690 1.58e-05 [0.]
0.710 1.58e-05 [0.]
0.730 1.58e-05 [0.]
0.750 1.58e-05 [0.]
0.770 1.58e-05 [0.]
0.790 1.58e-05 [0.]
0.810 1.58e-05 [0.]
0.830 1.58e-05 [0.]
0.850 1.58e-05 [0.]
0.870 1.58e-05 [0.]
0.890 1.58e-05 [0.]
0.910 1.58e-05 [0.]
0.930 1.58e-05 [0.]
0.950 1.58e-05 [0.]
0.970 1.58e-05 [0.]
0.990 1.58e-05 [0.]
1.010 1.58e-05 [0.]
1.030 1.58e-05 [0.]
1.050 1.58e-05 [0.]
1.070 1.58e-05 [0.]
1.090 1.58e-05 [0.]
1.110 1.58e-05 [0.]
1.130 1.58e-05 [0.]
1.150 1.58e-05 [0.]
1.170 1.58e-05 [0.]
1.190 1.58e-05 [0.]
1.210 1.58e-05 [0.]
1.230 1.58e-05 [0.]
1.250 1.58e-05 [0.]
1.270 1.58e-05 [0.]
1.290 1.58e-05 [0.]
1.310 1.58e-05 [0.]
1.330 1.58e-05 [0.]
1.350 1.58e-05 [0.]
1.370 1.58e-05 [0.]
1.390 1.58e-05 [0.]
1.410 1.58e-05 [0.]
1.430 1.58e-05 [0.]
1.450 1.58e-05 [0.]
1.470 1.58e-05 [0.]
1.490 1.58e-05 [0.]
0.001 3.16e-05 [2985.80037153]
0.002 3.16e-05 [7998.82681152]
0.003 3.16e-05 [16321.46987882]
0.004 3.16e-05 [24745.45194437]
0.005 3.16e-05 [31679.78851467]
0.007 3.16e-05 [37076.8386579]
0.010 3.16e-05 [29600.08086461]
0.020 3.16e-05 [4587.16475219]
0.040 3.16e-05 [27.9329474]
0.060 3.16e-05 [0.]
0.080 3.16e-05 [0.]
0.100 3.16e-05 [0.]
0.120 3.16e-05 [0.]
0.140 3.16e-05 [0.]
0.160 3.16e-05 [0.]
0.180 3.16e-05 [0.]
0.200 3.16e-05 [0.]
0.220 3.16e-05 [0.]
0.250 3.16e-05 [0.]
0.270 3.16e-05 [0.]
0.290 3.16e-05 [0.]
0.310 3.16e-05 [0.]
0.330 3.16e-05 [0.]
0.350 3.16e-05 [0.]
0.370 3.16e-05 [0.]
0.390 3.16e-05 [0.]
0.410 3.16e-05 [0.]
0.430 3.16e-05 [0.]
0.450 3.16e-05 [0.]
0.470 3.16e-05 [0.]
0.490 3.16e-05 [0.]
0.510 3.16e-05 [0.]
0.530 3.16e-05 [0.]
0.550 3.16e-05 [0.]
0.570 3.16e-05 [0.]
0.590 3.16e-05 [0.]
0.610 3.16e-05 [0.]
0.630 3.16e-05 [0.]
0.650 3.16e-05 [0.]
0.670 3.16e-05 [0.]
0.690 3.16e-05 [0.]
0.710 3.16e-05 [0.]
0.730 3.16e-05 [0.]
0.750 3.16e-05 [0.]
0.770 3.16e-05 [0.]
0.790 3.16e-05 [0.]
0.810 3.16e-05 [0.]
0.830 3.16e-05 [0.]
0.850 3.16e-05 [0.]
0.870 3.16e-05 [0.]
0.890 3.16e-05 [0.]
0.910 3.16e-05 [0.]
0.930 3.16e-05 [0.]
0.950 3.16e-05 [0.]
0.970 3.16e-05 [0.]
0.990 3.16e-05 [0.]
1.010 3.16e-05 [0.]
1.030 3.16e-05 [0.]
1.050 3.16e-05 [0.]
1.070 3.16e-05 [0.]
1.090 3.16e-05 [0.]
1.110 3.16e-05 [0.]
1.130 3.16e-05 [0.]
1.150 3.16e-05 [0.]
1.170 3.16e-05 [0.]
1.190 3.16e-05 [0.]
1.210 3.16e-05 [0.]
1.230 3.16e-05 [0.]
1.250 3.16e-05 [0.]
1.270 3.16e-05 [0.]
1.290 3.16e-05 [0.]
1.310 3.16e-05 [0.]
1.330 3.16e-05 [0.]
1.350 3.16e-05 [0.]
1.370 3.16e-05 [0.]
1.390 3.16e-05 [0.]
1.410 3.16e-05 [0.]
1.430 3.16e-05 [0.]
1.450 3.16e-05 [0.]
1.470 3.16e-05 [0.]
1.490 3.16e-05 [0.]
0.001 6.31e-05 [42968.34430261]
0.002 6.31e-05 [96724.90635376]
0.003 6.31e-05 [142477.94236254]
0.004 6.31e-05 [143589.57538715]
0.005 6.31e-05 [116514.78831214]
0.007 6.31e-05 [59570.82400327]
0.010 6.31e-05 [18624.43088956]
0.020 6.31e-05 [111.13901279]
0.040 6.31e-05 [0.]
0.060 6.31e-05 [0.]
0.080 6.31e-05 [0.]
0.100 6.31e-05 [0.]
0.120 6.31e-05 [0.]
0.140 6.31e-05 [0.]
0.160 6.31e-05 [0.]
0.180 6.31e-05 [0.]
0.200 6.31e-05 [0.]
0.220 6.31e-05 [0.]
0.250 6.31e-05 [0.]
0.270 6.31e-05 [0.]
0.290 6.31e-05 [0.]
0.310 6.31e-05 [0.]
0.330 6.31e-05 [0.]
0.350 6.31e-05 [0.]
0.370 6.31e-05 [0.]
0.390 6.31e-05 [0.]
0.410 6.31e-05 [0.]
0.430 6.31e-05 [0.]
0.450 6.31e-05 [0.]
0.470 6.31e-05 [0.]
0.490 6.31e-05 [0.]
0.510 6.31e-05 [0.]
0.530 6.31e-05 [0.]
0.550 6.31e-05 [0.]
0.570 6.31e-05 [0.]
0.590 6.31e-05 [0.]
0.610 6.31e-05 [0.]
0.630 6.31e-05 [0.]
0.650 6.31e-05 [0.]
0.670 6.31e-05 [0.]
0.690 6.31e-05 [0.]
0.710 6.31e-05 [0.]
0.730 6.31e-05 [0.]
0.750 6.31e-05 [0.]
0.770 6.31e-05 [0.]
0.790 6.31e-05 [0.]
0.810 6.31e-05 [0.]
0.830 6.31e-05 [0.]
0.850 6.31e-05 [0.]
0.870 6.31e-05 [0.]
0.890 6.31e-05 [0.]
0.910 6.31e-05 [0.]
0.930 6.31e-05 [0.]
0.950 6.31e-05 [0.]
0.970 6.31e-05 [0.]
0.990 6.31e-05 [0.]
1.010 6.31e-05 [0.]
1.030 6.31e-05 [0.]
1.050 6.31e-05 [0.]
1.070 6.31e-05 [0.]
1.090 6.31e-05 [0.]
1.110 6.31e-05 [0.]
1.130 6.31e-05 [0.]
1.150 6.31e-05 [0.]
1.170 6.31e-05 [0.]
1.190 6.31e-05 [0.]
1.210 6.31e-05 [0.]
1.230 6.31e-05 [0.]
1.250 6.31e-05 [0.]
1.270 6.31e-05 [0.]
1.290 6.31e-05 [0.]
1.310 6.31e-05 [0.]
1.330 6.31e-05 [0.]
1.350 6.31e-05 [0.]
1.370 6.31e-05 [0.]
1.390 6.31e-05 [0.]
1.410 6.31e-05 [0.]
1.430 6.31e-05 [0.]
1.450 6.31e-05 [0.]
1.470 6.31e-05 [0.]
1.490 6.31e-05 [0.]
0.001 1.26e-04 [468790.48741958]
0.002 1.26e-04 [574758.69176255]
0.003 1.26e-04 [343422.66180967]
0.004 1.26e-04 [162327.13465925]
0.005 1.26e-04 [73472.81050598]
0.007 1.26e-04 [13296.782921]
0.010 1.26e-04 [455.03307239]
0.020 1.26e-04 [0.]
0.040 1.26e-04 [0.]
0.060 1.26e-04 [0.]
0.080 1.26e-04 [0.]
0.100 1.26e-04 [0.]
0.120 1.26e-04 [0.]
0.140 1.26e-04 [0.]
0.160 1.26e-04 [0.]
0.180 1.26e-04 [0.]
0.200 1.26e-04 [0.]
0.220 1.26e-04 [0.]
0.250 1.26e-04 [0.]
0.270 1.26e-04 [0.]
0.290 1.26e-04 [0.]
0.310 1.26e-04 [0.]
0.330 1.26e-04 [0.]
0.350 1.26e-04 [0.]
0.370 1.26e-04 [0.]
0.390 1.26e-04 [0.]
0.410 1.26e-04 [0.]
0.430 1.26e-04 [0.]
0.450 1.26e-04 [0.]
0.470 1.26e-04 [0.]
0.490 1.26e-04 [0.]
0.510 1.26e-04 [0.]
0.530 1.26e-04 [0.]
0.550 1.26e-04 [0.]
0.570 1.26e-04 [0.]
0.590 1.26e-04 [0.]
0.610 1.26e-04 [0.]
0.630 1.26e-04 [0.]
0.650 1.26e-04 [0.]
0.670 1.26e-04 [0.]
0.690 1.26e-04 [0.]
0.710 1.26e-04 [0.]
0.730 1.26e-04 [0.]
0.750 1.26e-04 [0.]
0.770 1.26e-04 [0.]
0.790 1.26e-04 [0.]
0.810 1.26e-04 [0.]
0.830 1.26e-04 [0.]
0.850 1.26e-04 [0.]
0.870 1.26e-04 [0.]
0.890 1.26e-04 [0.]
0.910 1.26e-04 [0.]
0.930 1.26e-04 [0.]
0.950 1.26e-04 [0.]
0.970 1.26e-04 [0.]
0.990 1.26e-04 [0.]
1.010 1.26e-04 [0.]
1.030 1.26e-04 [0.]
1.050 1.26e-04 [0.]
1.070 1.26e-04 [0.]
1.090 1.26e-04 [0.]
1.110 1.26e-04 [0.]
1.130 1.26e-04 [0.]
1.150 1.26e-04 [0.]
1.170 1.26e-04 [0.]
1.190 1.26e-04 [0.]
1.210 1.26e-04 [0.]
1.230 1.26e-04 [0.]
1.250 1.26e-04 [0.]
1.270 1.26e-04 [0.]
1.290 1.26e-04 [0.]
1.310 1.26e-04 [0.]
1.330 1.26e-04 [0.]
1.350 1.26e-04 [0.]
1.370 1.26e-04 [0.]
1.390 1.26e-04 [0.]
1.410 1.26e-04 [0.]
1.430 1.26e-04 [0.]
1.450 1.26e-04 [0.]
1.470 1.26e-04 [0.]
1.490 1.26e-04 [0.]
0.001 2.51e-04 [2024881.35878238]
0.002 2.51e-04 [675967.47907438]
0.003 2.51e-04 [126146.65237399]
0.004 2.51e-04 [18215.08822265]
0.005 2.51e-04 [1912.08852401]
0.007 2.51e-04 [0.]
0.010 2.51e-04 [0.]
0.020 2.51e-04 [0.]
0.040 2.51e-04 [0.]
0.060 2.51e-04 [0.]
0.080 2.51e-04 [0.]
0.100 2.51e-04 [0.]
0.120 2.51e-04 [0.]
0.140 2.51e-04 [0.]
0.160 2.51e-04 [0.]
0.180 2.51e-04 [0.]
0.200 2.51e-04 [0.]
0.220 2.51e-04 [0.]
0.250 2.51e-04 [0.]
0.270 2.51e-04 [0.]
0.290 2.51e-04 [0.]
0.310 2.51e-04 [0.]
0.330 2.51e-04 [0.]
0.350 2.51e-04 [0.]
0.370 2.51e-04 [0.]
0.390 2.51e-04 [0.]
0.410 2.51e-04 [0.]
0.430 2.51e-04 [0.]
0.450 2.51e-04 [0.]
0.470 2.51e-04 [0.]
0.490 2.51e-04 [0.]
0.510 2.51e-04 [0.]
0.530 2.51e-04 [0.]
0.550 2.51e-04 [0.]
0.570 2.51e-04 [0.]
0.590 2.51e-04 [0.]
0.610 2.51e-04 [0.]
0.630 2.51e-04 [0.]
0.650 2.51e-04 [0.]
0.670 2.51e-04 [0.]
0.690 2.51e-04 [0.]
0.710 2.51e-04 [0.]
0.730 2.51e-04 [0.]
0.750 2.51e-04 [0.]
0.770 2.51e-04 [0.]
0.790 2.51e-04 [0.]
0.810 2.51e-04 [0.]
0.830 2.51e-04 [0.]
0.850 2.51e-04 [0.]
0.870 2.51e-04 [0.]
0.890 2.51e-04 [0.]
0.910 2.51e-04 [0.]
0.930 2.51e-04 [0.]
0.950 2.51e-04 [0.]
0.970 2.51e-04 [0.]
0.990 2.51e-04 [0.]
1.010 2.51e-04 [0.]
1.030 2.51e-04 [0.]
1.050 2.51e-04 [0.]
1.070 2.51e-04 [0.]
1.090 2.51e-04 [0.]
1.110 2.51e-04 [0.]
1.130 2.51e-04 [0.]
1.150 2.51e-04 [0.]
1.170 2.51e-04 [0.]
1.190 2.51e-04 [0.]
1.210 2.51e-04 [0.]
1.230 2.51e-04 [0.]
1.250 2.51e-04 [0.]
1.270 2.51e-04 [0.]
1.290 2.51e-04 [0.]
1.310 2.51e-04 [0.]
1.330 2.51e-04 [0.]
1.350 2.51e-04 [0.]
1.370 2.51e-04 [0.]
1.390 2.51e-04 [0.]
1.410 2.51e-04 [0.]
1.430 2.51e-04 [0.]
1.450 2.51e-04 [0.]
1.470 2.51e-04 [0.]
1.490 2.51e-04 [0.]
0.001 5.01e-04 [1509590.92531193]
0.002 5.01e-04 [85936.19328449]
0.003 5.01e-04 [400.63579851]
0.004 5.01e-04 [0.]
0.005 5.01e-04 [0.]
0.007 5.01e-04 [0.]
0.010 5.01e-04 [0.]
0.020 5.01e-04 [0.]
0.040 5.01e-04 [0.]
0.060 5.01e-04 [0.]
0.080 5.01e-04 [0.]
0.100 5.01e-04 [0.]
0.120 5.01e-04 [0.]
0.140 5.01e-04 [0.]
0.160 5.01e-04 [0.]
0.180 5.01e-04 [0.]
0.200 5.01e-04 [0.]
0.220 5.01e-04 [0.]
0.250 5.01e-04 [0.]
0.270 5.01e-04 [0.]
0.290 5.01e-04 [0.]
0.310 5.01e-04 [0.]
0.330 5.01e-04 [0.]
0.350 5.01e-04 [0.]
0.370 5.01e-04 [0.]
0.390 5.01e-04 [0.]
0.410 5.01e-04 [0.]
0.430 5.01e-04 [0.]
0.450 5.01e-04 [0.]
0.470 5.01e-04 [0.]
0.490 5.01e-04 [0.]
0.510 5.01e-04 [0.]
0.530 5.01e-04 [0.]
0.550 5.01e-04 [0.]
0.570 5.01e-04 [0.]
0.590 5.01e-04 [0.]
0.610 5.01e-04 [0.]
0.630 5.01e-04 [0.]
0.650 5.01e-04 [0.]
0.670 5.01e-04 [0.]
0.690 5.01e-04 [0.]
0.710 5.01e-04 [0.]
0.730 5.01e-04 [0.]
0.750 5.01e-04 [0.]
0.770 5.01e-04 [0.]
0.790 5.01e-04 [0.]
0.810 5.01e-04 [0.]
0.830 5.01e-04 [0.]
0.850 5.01e-04 [0.]
0.870 5.01e-04 [0.]
0.890 5.01e-04 [0.]
0.910 5.01e-04 [0.]
0.930 5.01e-04 [0.]
0.950 5.01e-04 [0.]
0.970 5.01e-04 [0.]
0.990 5.01e-04 [0.]
1.010 5.01e-04 [0.]
1.030 5.01e-04 [0.]
1.050 5.01e-04 [0.]
1.070 5.01e-04 [0.]
1.090 5.01e-04 [0.]
1.110 5.01e-04 [0.]
1.130 5.01e-04 [0.]
1.150 5.01e-04 [0.]
1.170 5.01e-04 [0.]
1.190 5.01e-04 [0.]
1.210 5.01e-04 [0.]
1.230 5.01e-04 [0.]
1.250 5.01e-04 [0.]
1.270 5.01e-04 [0.]
1.290 5.01e-04 [0.]
1.310 5.01e-04 [0.]
1.330 5.01e-04 [0.]
1.350 5.01e-04 [0.]
1.370 5.01e-04 [0.]
1.390 5.01e-04 [0.]
1.410 5.01e-04 [0.]
1.430 5.01e-04 [0.]
1.450 5.01e-04 [0.]
1.470 5.01e-04 [0.]
1.490 5.01e-04 [0.]
0.001 1.00e-03 [63000.77368431]
0.002 1.00e-03 [0.]
0.003 1.00e-03 [0.]
0.004 1.00e-03 [0.]
0.005 1.00e-03 [0.]
0.007 1.00e-03 [0.]
0.010 1.00e-03 [0.]
0.020 1.00e-03 [0.]
0.040 1.00e-03 [0.]
0.060 1.00e-03 [0.]
0.080 1.00e-03 [0.]
0.100 1.00e-03 [0.]
0.120 1.00e-03 [0.]
0.140 1.00e-03 [0.]
0.160 1.00e-03 [0.]
0.180 1.00e-03 [0.]
0.200 1.00e-03 [0.]
0.220 1.00e-03 [0.]
0.250 1.00e-03 [0.]
0.270 1.00e-03 [0.]
0.290 1.00e-03 [0.]
0.310 1.00e-03 [0.]
0.330 1.00e-03 [0.]
0.350 1.00e-03 [0.]
0.370 1.00e-03 [0.]
0.390 1.00e-03 [0.]
0.410 1.00e-03 [0.]
0.430 1.00e-03 [0.]
0.450 1.00e-03 [0.]
0.470 1.00e-03 [0.]
0.490 1.00e-03 [0.]
0.510 1.00e-03 [0.]
0.530 1.00e-03 [0.]
0.550 1.00e-03 [0.]
0.570 1.00e-03 [0.]
0.590 1.00e-03 [0.]
0.610 1.00e-03 [0.]
0.630 1.00e-03 [0.]
0.650 1.00e-03 [0.]
0.670 1.00e-03 [0.]
0.690 1.00e-03 [0.]
0.710 1.00e-03 [0.]
0.730 1.00e-03 [0.]
0.750 1.00e-03 [0.]
0.770 1.00e-03 [0.]
0.790 1.00e-03 [0.]
0.810 1.00e-03 [0.]
0.830 1.00e-03 [0.]
0.850 1.00e-03 [0.]
0.870 1.00e-03 [0.]
0.890 1.00e-03 [0.]
0.910 1.00e-03 [0.]
0.930 1.00e-03 [0.]
0.950 1.00e-03 [0.]
0.970 1.00e-03 [0.]
0.990 1.00e-03 [0.]
1.010 1.00e-03 [0.]
1.030 1.00e-03 [0.]
1.050 1.00e-03 [0.]
1.070 1.00e-03 [0.]
1.090 1.00e-03 [0.]
1.110 1.00e-03 [0.]
1.130 1.00e-03 [0.]
1.150 1.00e-03 [0.]
1.170 1.00e-03 [0.]
1.190 1.00e-03 [0.]
1.210 1.00e-03 [0.]
1.230 1.00e-03 [0.]
1.250 1.00e-03 [0.]
1.270 1.00e-03 [0.]
1.290 1.00e-03 [0.]
1.310 1.00e-03 [0.]
1.330 1.00e-03 [0.]
1.350 1.00e-03 [0.]
1.370 1.00e-03 [0.]
1.390 1.00e-03 [0.]
1.410 1.00e-03 [0.]
1.430 1.00e-03 [0.]
1.450 1.00e-03 [0.]
1.470 1.00e-03 [0.]
1.490 1.00e-03 [0.]
