0.250 1.00e-03 0.0
0.350 1.00e-03 0.0
0.450 1.00e-03 0.0
0.550 1.00e-03 0.0
0.650 1.00e-03 0.0
0.750 1.00e-03 0.0
0.850 1.00e-03 0.0
0.950 1.00e-03 0.0
1.050 1.00e-03 0.0
1.150 1.00e-03 0.0
1.250 1.00e-03 0.0
1.350 1.00e-03 0.0
1.450 1.00e-03 0.0
1.550 1.00e-03 0.0
1.650 1.00e-03 0.0
1.750 1.00e-03 0.0
1.850 1.00e-03 0.0
1.950 1.00e-03 0.0
2.050 1.00e-03 0.0
2.150 1.00e-03 0.0
2.250 1.00e-03 0.0
2.350 1.00e-03 0.0
2.450 1.00e-03 0.0
2.550 1.00e-03 0.0
2.650 1.00e-03 0.0
2.750 1.00e-03 0.0
2.850 1.00e-03 0.0
2.950 1.00e-03 0.0
3.050 1.00e-03 0.0
0.250 5.01e-04 0.0
0.350 5.01e-04 0.0
0.450 5.01e-04 0.0
0.550 5.01e-04 0.0
0.650 5.01e-04 0.0
0.750 5.01e-04 0.0
0.850 5.01e-04 0.0
0.950 5.01e-04 0.0
1.050 5.01e-04 0.0
1.150 5.01e-04 0.0
1.250 5.01e-04 0.0
1.350 5.01e-04 0.0
1.450 5.01e-04 0.0
1.550 5.01e-04 0.0
1.650 5.01e-04 0.0
1.750 5.01e-04 0.0
1.850 5.01e-04 0.0
1.950 5.01e-04 0.0
2.050 5.01e-04 0.0
2.150 5.01e-04 0.0
2.250 5.01e-04 0.0
2.350 5.01e-04 0.0
2.450 5.01e-04 0.0
2.550 5.01e-04 0.0
2.650 5.01e-04 0.0
2.750 5.01e-04 0.0
2.850 5.01e-04 0.0
2.950 5.01e-04 0.0
3.050 5.01e-04 0.0
0.250 2.51e-04 0.0
0.350 2.51e-04 0.0
0.450 2.51e-04 0.0
0.550 2.51e-04 0.0
0.650 2.51e-04 0.0
0.750 2.51e-04 0.0
0.850 2.51e-04 0.0
0.950 2.51e-04 0.0
1.050 2.51e-04 0.0
1.150 2.51e-04 0.0
1.250 2.51e-04 0.0
1.350 2.51e-04 0.0
1.450 2.51e-04 0.0
1.550 2.51e-04 0.0
1.650 2.51e-04 0.0
1.750 2.51e-04 0.0
1.850 2.51e-04 0.0
1.950 2.51e-04 0.0
2.050 2.51e-04 0.0
2.150 2.51e-04 0.0
2.250 2.51e-04 0.0
2.350 2.51e-04 0.0
2.450 2.51e-04 0.0
2.550 2.51e-04 0.0
2.650 2.51e-04 0.0
2.750 2.51e-04 0.0
2.850 2.51e-04 0.0
2.950 2.51e-04 0.0
3.050 2.51e-04 0.0
0.250 1.26e-04 0.0
0.350 1.26e-04 0.0
0.450 1.26e-04 0.0
0.550 1.26e-04 0.0
0.650 1.26e-04 0.0
0.750 1.26e-04 0.0
0.850 1.26e-04 0.0
0.950 1.26e-04 0.0
1.050 1.26e-04 0.0
1.150 1.26e-04 0.0
1.250 1.26e-04 0.0
1.350 1.26e-04 0.0
1.450 1.26e-04 0.0
1.550 1.26e-04 0.0
1.650 1.26e-04 0.0
1.750 1.26e-04 0.0
1.850 1.26e-04 0.0
1.950 1.26e-04 0.0
2.050 1.26e-04 0.0
2.150 1.26e-04 0.0
2.250 1.26e-04 0.0
2.350 1.26e-04 0.0
2.450 1.26e-04 0.0
2.550 1.26e-04 0.0
2.650 1.26e-04 0.0
2.750 1.26e-04 0.0
2.850 1.26e-04 0.0
2.950 1.26e-04 0.0
3.050 1.26e-04 0.0
0.250 6.31e-05 0.0
0.350 6.31e-05 0.0
0.450 6.31e-05 0.0
0.550 6.31e-05 0.0
0.650 6.31e-05 0.0
0.750 6.31e-05 0.0
0.850 6.31e-05 0.0
0.950 6.31e-05 0.0
1.050 6.31e-05 0.0
1.150 6.31e-05 0.0
1.250 6.31e-05 0.0
1.350 6.31e-05 0.0
1.450 6.31e-05 0.0
1.550 6.31e-05 0.0
1.650 6.31e-05 0.0
1.750 6.31e-05 0.0
1.850 6.31e-05 0.0
1.950 6.31e-05 0.0
2.050 6.31e-05 0.0
2.150 6.31e-05 0.0
2.250 6.31e-05 0.0
2.350 6.31e-05 0.0
2.450 6.31e-05 0.0
2.550 6.31e-05 0.0
2.650 6.31e-05 0.0
2.750 6.31e-05 0.0
2.850 6.31e-05 0.0
2.950 6.31e-05 0.0
3.050 6.31e-05 0.0
0.250 3.16e-05 0.0
0.350 3.16e-05 0.0
0.450 3.16e-05 0.0
0.550 3.16e-05 0.0
0.650 3.16e-05 0.0
0.750 3.16e-05 0.0
0.850 3.16e-05 0.0
0.950 3.16e-05 0.0
1.050 3.16e-05 0.0
1.150 3.16e-05 0.0
1.250 3.16e-05 0.0
1.350 3.16e-05 0.0
1.450 3.16e-05 0.0
1.550 3.16e-05 0.0
1.650 3.16e-05 0.0
1.750 3.16e-05 0.0
1.850 3.16e-05 0.0
1.950 3.16e-05 0.0
2.050 3.16e-05 0.0
2.150 3.16e-05 0.0
2.250 3.16e-05 0.0
2.350 3.16e-05 0.0
2.450 3.16e-05 0.0
2.550 3.16e-05 0.0
2.650 3.16e-05 0.0
2.750 3.16e-05 0.0
2.850 3.16e-05 0.0
2.950 3.16e-05 0.0
3.050 3.16e-05 0.0
0.250 1.58e-05 0.0
0.350 1.58e-05 0.0
0.450 1.58e-05 0.0
0.550 1.58e-05 0.0
0.650 1.58e-05 0.0
0.750 1.58e-05 0.0
0.850 1.58e-05 0.0
0.950 1.58e-05 0.0
1.050 1.58e-05 0.0
1.150 1.58e-05 0.0
1.250 1.58e-05 0.0
1.350 1.58e-05 0.0
1.450 1.58e-05 0.0
1.550 1.58e-05 0.0
1.650 1.58e-05 0.0
1.750 1.58e-05 0.0
1.850 1.58e-05 0.0
1.950 1.58e-05 0.0
2.050 1.58e-05 0.0
2.150 1.58e-05 0.0
2.250 1.58e-05 0.0
2.350 1.58e-05 0.0
2.450 1.58e-05 0.0
2.550 1.58e-05 0.0
2.650 1.58e-05 0.0
2.750 1.58e-05 0.0
2.850 1.58e-05 0.0
2.950 1.58e-05 0.0
3.050 1.58e-05 0.0
0.250 7.94e-06 0.000786
0.350 7.94e-06 4e-06
0.450 7.94e-06 0.0
0.550 7.94e-06 0.0
0.650 7.94e-06 0.0
0.750 7.94e-06 0.0
0.850 7.94e-06 0.0
0.950 7.94e-06 0.0
1.050 7.94e-06 0.0
1.150 7.94e-06 0.0
1.250 7.94e-06 0.0
1.350 7.94e-06 0.0
1.450 7.94e-06 0.0
1.550 7.94e-06 0.0
1.650 7.94e-06 0.0
1.750 7.94e-06 0.0
1.850 7.94e-06 0.0
1.950 7.94e-06 0.0
2.050 7.94e-06 0.0
2.150 7.94e-06 0.0
2.250 7.94e-06 0.0
2.350 7.94e-06 0.0
2.450 7.94e-06 0.0
2.550 7.94e-06 0.0
2.650 7.94e-06 0.0
2.750 7.94e-06 0.0
2.850 7.94e-06 0.0
2.950 7.94e-06 0.0
3.050 7.94e-06 0.0
0.250 3.98e-06 0.021458
0.350 3.98e-06 0.00413
0.450 3.98e-06 0.000584
0.550 3.98e-06 2.1e-05
0.650 3.98e-06 0.0
0.750 3.98e-06 0.0
0.850 3.98e-06 0.0
0.950 3.98e-06 0.0
1.050 3.98e-06 0.0
1.150 3.98e-06 0.0
1.250 3.98e-06 0.0
1.350 3.98e-06 0.0
1.450 3.98e-06 0.0
1.550 3.98e-06 0.0
1.650 3.98e-06 0.0
1.750 3.98e-06 0.0
1.850 3.98e-06 0.0
1.950 3.98e-06 0.0
2.050 3.98e-06 0.0
2.150 3.98e-06 0.0
2.250 3.98e-06 0.0
2.350 3.98e-06 0.0
2.450 3.98e-06 0.0
2.550 3.98e-06 0.0
2.650 3.98e-06 0.0
2.750 3.98e-06 0.0
2.850 3.98e-06 0.0
2.950 3.98e-06 0.0
3.050 3.98e-06 0.0
0.250 1.99e-06 0.06264
0.350 1.99e-06 0.040458
0.450 1.99e-06 0.020143
0.550 1.99e-06 0.007477
0.650 1.99e-06 0.000539
0.750 1.99e-06 0.0
0.850 1.99e-06 1.2e-05
0.950 1.99e-06 0.000101
1.050 1.99e-06 1.8e-05
1.150 1.99e-06 1.6e-05
1.250 1.99e-06 2e-06
1.350 1.99e-06 0.0
1.450 1.99e-06 0.0
1.550 1.99e-06 0.0
1.650 1.99e-06 0.0
1.750 1.99e-06 0.0
1.850 1.99e-06 0.0
1.950 1.99e-06 0.0
2.050 1.99e-06 0.0
2.150 1.99e-06 0.0
2.250 1.99e-06 0.0
2.350 1.99e-06 0.0
2.450 1.99e-06 0.0
2.550 1.99e-06 0.0
2.650 1.99e-06 0.0
2.750 1.99e-06 0.0
2.850 1.99e-06 0.0
2.950 1.99e-06 0.0
3.050 1.99e-06 0.0
0.250 1.00e-06 0.040355
0.350 1.00e-06 0.060433
0.450 1.00e-06 0.062236
0.550 1.00e-06 0.04829
0.650 1.00e-06 0.021311
0.750 1.00e-06 0.001706
0.850 1.00e-06 0.007621
0.950 1.00e-06 0.013618
1.050 1.00e-06 0.008095
1.150 1.00e-06 0.009324
1.250 1.00e-06 0.005127
1.350 1.00e-06 0.002415
1.450 1.00e-06 0.000689
1.550 1.00e-06 0.000238
1.650 1.00e-06 8.8e-05
1.750 1.00e-06 2.8e-05
1.850 1.00e-06 3.5e-05
1.950 1.00e-06 1.8e-05
2.050 1.00e-06 4e-06
2.150 1.00e-06 1e-06
2.250 1.00e-06 1e-06
2.350 1.00e-06 0.0
2.450 1.00e-06 0.0
2.550 1.00e-06 0.0
2.650 1.00e-06 0.0
2.750 1.00e-06 0.0
2.850 1.00e-06 0.0
2.950 1.00e-06 0.0
3.050 1.00e-06 0.0
0.250 5.01e-07 0.01318
0.350 5.01e-07 0.027082
0.450 5.01e-07 0.04147
0.550 5.01e-07 0.05585
0.650 5.01e-07 0.062452
0.750 5.01e-07 0.028851
0.850 5.01e-07 0.047791
0.950 5.01e-07 0.055991
1.050 5.01e-07 0.047499
1.150 5.01e-07 0.048972
1.250 5.01e-07 0.042615
1.350 5.01e-07 0.034715
1.450 5.01e-07 0.02451
1.550 5.01e-07 0.01817
1.650 5.01e-07 0.014024
1.750 5.01e-07 0.011192
1.850 5.01e-07 0.012001
1.950 5.01e-07 0.009805
2.050 5.01e-07 0.006309
2.150 5.01e-07 0.005049
2.250 5.01e-07 0.004775
2.350 5.01e-07 0.003562
2.450 5.01e-07 0.002468
2.550 5.01e-07 0.0018
2.650 5.01e-07 0.001835
2.750 5.01e-07 0.001262
2.850 5.01e-07 0.00091
2.950 5.01e-07 0.000621
3.050 5.01e-07 0.000323
0.250 2.51e-07 0.003542
0.350 2.51e-07 0.007937
0.450 2.51e-07 0.01374
0.550 2.51e-07 0.022642
0.650 2.51e-07 0.040638
0.750 2.51e-07 0.062521
0.850 2.51e-07 0.05548
0.950 2.51e-07 0.048753
1.050 2.51e-07 0.055405
1.150 2.51e-07 0.053855
1.250 2.51e-07 0.058056
1.350 2.51e-07 0.060847
1.450 2.51e-07 0.061305
1.550 2.51e-07 0.057357
1.650 2.51e-07 0.053926
1.750 2.51e-07 0.051771
1.850 2.51e-07 0.052557
1.950 2.51e-07 0.050752
2.050 2.51e-07 0.045047
2.150 2.51e-07 0.043608
2.250 2.51e-07 0.043658
2.350 2.51e-07 0.039855
2.450 2.51e-07 0.035221
2.550 2.51e-07 0.033623
2.650 2.51e-07 0.033976
2.750 2.51e-07 0.032726
2.850 2.51e-07 0.028712
2.950 2.51e-07 0.025576
3.050 2.51e-07 0.022577
0.250 1.26e-07 0.000905
0.350 1.26e-07 0.002074
0.450 1.26e-07 0.003708
0.550 1.26e-07 0.006455
0.650 1.26e-07 0.013388
0.750 1.26e-07 0.035032
0.850 1.26e-07 0.023055
0.950 1.26e-07 0.017962
1.050 1.26e-07 0.022966
1.150 1.26e-07 0.022152
1.250 1.26e-07 0.026465
1.350 1.26e-07 0.031741
1.450 1.26e-07 0.039131
1.550 1.26e-07 0.045293
1.650 1.26e-07 0.049293
1.750 1.26e-07 0.051559
1.850 1.26e-07 0.050774
1.950 1.26e-07 0.05258
2.050 1.26e-07 0.056529
2.150 1.26e-07 0.057448
2.250 1.26e-07 0.057379
2.350 1.26e-07 0.058426
2.450 1.26e-07 0.060063
2.550 1.26e-07 0.060611
2.650 1.26e-07 0.059024
2.750 1.26e-07 0.059154
2.850 1.26e-07 0.059516
2.950 1.26e-07 0.058324
3.050 1.26e-07 0.060611
0.250 6.30e-08 0.000228
0.350 6.30e-08 0.000526
0.450 6.30e-08 0.000948
0.550 6.30e-08 0.001675
0.650 6.30e-08 0.003607
0.750 6.30e-08 0.010987
0.850 6.30e-08 0.006629
0.950 6.30e-08 0.004992
1.050 6.30e-08 0.006594
1.150 6.30e-08 0.006355
1.250 6.30e-08 0.007828
1.350 6.30e-08 0.009782
1.450 6.30e-08 0.012897
1.550 6.30e-08 0.016171
1.650 6.30e-08 0.018736
1.750 6.30e-08 0.020517
1.850 6.30e-08 0.01997
1.950 6.30e-08 0.021466
2.050 6.30e-08 0.025007
2.150 6.30e-08 0.0263
2.250 6.30e-08 0.026452
2.350 6.30e-08 0.029108
2.450 6.30e-08 0.031858
2.550 6.30e-08 0.033008
2.650 6.30e-08 0.03363
2.750 6.30e-08 0.034807
2.850 6.30e-08 0.037336
2.950 6.30e-08 0.040059
3.050 6.30e-08 0.040878
0.250 3.20e-08 5.7e-05
0.350 3.20e-08 0.000132
0.450 3.20e-08 0.000239
0.550 3.20e-08 0.000424
0.650 3.20e-08 0.000922
0.750 3.20e-08 0.002922
0.850 3.20e-08 0.001723
0.950 3.20e-08 0.001287
1.050 3.20e-08 0.001714
1.150 3.20e-08 0.001651
1.250 3.20e-08 0.002051
1.350 3.20e-08 0.00259
1.450 3.20e-08 0.003477
1.550 3.20e-08 0.004456
1.650 3.20e-08 0.005256
1.750 3.20e-08 0.005835
1.850 3.20e-08 0.00566
1.950 3.20e-08 0.006154
2.050 3.20e-08 0.007333
2.150 3.20e-08 0.007809
2.250 3.20e-08 0.007877
2.350 3.20e-08 0.008885
2.450 3.20e-08 0.009891
2.550 3.20e-08 0.010354
2.650 3.20e-08 0.010785
2.750 3.20e-08 0.011279
2.850 3.20e-08 0.012341
2.950 3.20e-08 0.013703
3.050 3.20e-08 0.013829
0.250 1.60e-08 1.4e-05
0.350 1.60e-08 3.3e-05
0.450 1.60e-08 6e-05
0.550 1.60e-08 0.000107
0.650 1.60e-08 0.000233
0.750 1.60e-08 0.000745
0.850 1.60e-08 0.000437
0.950 1.60e-08 0.000325
1.050 1.60e-08 0.000434
1.150 1.60e-08 0.000418
1.250 1.60e-08 0.000521
1.350 1.60e-08 0.000659
1.450 1.60e-08 0.000889
1.550 1.60e-08 0.001146
1.650 1.60e-08 0.001358
1.750 1.60e-08 0.001513
1.850 1.60e-08 0.001466
1.950 1.60e-08 0.001599
2.050 1.60e-08 0.001916
2.150 1.60e-08 0.002048
2.250 1.60e-08 0.002068
2.350 1.60e-08 0.002347
2.450 1.60e-08 0.002625
2.550 1.60e-08 0.002755
2.650 1.60e-08 0.002888
2.750 1.60e-08 0.003029
2.850 1.60e-08 0.003331
2.950 1.60e-08 0.003734
3.050 1.60e-08 0.003757
0.250 8.00e-09 4e-06
0.350 8.00e-09 8e-06
0.450 8.00e-09 1.5e-05
0.550 8.00e-09 2.7e-05
0.650 8.00e-09 5.9e-05
0.750 8.00e-09 0.000188
0.850 8.00e-09 0.00011
0.950 8.00e-09 8.2e-05
1.050 8.00e-09 0.000109
1.150 8.00e-09 0.000105
1.250 8.00e-09 0.000131
1.350 8.00e-09 0.000166
1.450 8.00e-09 0.000224
1.550 8.00e-09 0.00029
1.650 8.00e-09 0.000344
1.750 8.00e-09 0.000383
1.850 8.00e-09 0.000371
1.950 8.00e-09 0.000405
2.050 8.00e-09 0.000486
2.150 8.00e-09 0.00052
2.250 8.00e-09 0.000525
2.350 8.00e-09 0.000597
2.450 8.00e-09 0.000668
2.550 8.00e-09 0.000702
2.650 8.00e-09 0.000737
2.750 8.00e-09 0.000774
2.850 8.00e-09 0.000852
2.950 8.00e-09 0.000957
3.050 8.00e-09 0.000963
0.250 4.00e-09 1e-06
0.350 4.00e-09 2e-06
0.450 4.00e-09 4e-06
0.550 4.00e-09 7e-06
0.650 4.00e-09 1.5e-05
0.750 4.00e-09 4.7e-05
0.850 4.00e-09 2.8e-05
0.950 4.00e-09 2.1e-05
1.050 4.00e-09 2.7e-05
1.150 4.00e-09 2.6e-05
1.250 4.00e-09 3.3e-05
1.350 4.00e-09 4.2e-05
1.450 4.00e-09 5.6e-05
1.550 4.00e-09 7.3e-05
1.650 4.00e-09 8.6e-05
1.750 4.00e-09 9.6e-05
1.850 4.00e-09 9.3e-05
1.950 4.00e-09 0.000102
2.050 4.00e-09 0.000122
2.150 4.00e-09 0.000131
2.250 4.00e-09 0.000132
2.350 4.00e-09 0.00015
2.450 4.00e-09 0.000168
2.550 4.00e-09 0.000177
2.650 4.00e-09 0.000186
2.750 4.00e-09 0.000195
2.850 4.00e-09 0.000215
2.950 4.00e-09 0.000242
3.050 4.00e-09 0.000243
0.250 2.00e-09 0.0
0.350 2.00e-09 1e-06
0.450 2.00e-09 1e-06
0.550 2.00e-09 2e-06
0.650 2.00e-09 4e-06
0.750 2.00e-09 1.2e-05
0.850 2.00e-09 7e-06
0.950 2.00e-09 5e-06
1.050 2.00e-09 7e-06
1.150 2.00e-09 7e-06
1.250 2.00e-09 8e-06
1.350 2.00e-09 1e-05
1.450 2.00e-09 1.4e-05
1.550 2.00e-09 1.8e-05
1.650 2.00e-09 2.2e-05
1.750 2.00e-09 2.4e-05
1.850 2.00e-09 2.3e-05
1.950 2.00e-09 2.6e-05
2.050 2.00e-09 3.1e-05
2.150 2.00e-09 3.3e-05
2.250 2.00e-09 3.3e-05
2.350 2.00e-09 3.8e-05
2.450 2.00e-09 4.2e-05
2.550 2.00e-09 4.5e-05
2.650 2.00e-09 4.7e-05
2.750 2.00e-09 4.9e-05
2.850 2.00e-09 5.4e-05
2.950 2.00e-09 6.1e-05
3.050 2.00e-09 6.1e-05
0.250 1.00e-09 0.0
0.350 1.00e-09 0.0
0.450 1.00e-09 0.0
0.550 1.00e-09 0.0
0.650 1.00e-09 1e-06
0.750 1.00e-09 3e-06
0.850 1.00e-09 2e-06
0.950 1.00e-09 1e-06
1.050 1.00e-09 2e-06
1.150 1.00e-09 2e-06
1.250 1.00e-09 2e-06
1.350 1.00e-09 3e-06
1.450 1.00e-09 4e-06
1.550 1.00e-09 5e-06
1.650 1.00e-09 5e-06
1.750 1.00e-09 6e-06
1.850 1.00e-09 6e-06
1.950 1.00e-09 6e-06
2.050 1.00e-09 8e-06
2.150 1.00e-09 8e-06
2.250 1.00e-09 8e-06
2.350 1.00e-09 1e-05
2.450 1.00e-09 1.1e-05
2.550 1.00e-09 1.1e-05
2.650 1.00e-09 1.2e-05
2.750 1.00e-09 1.2e-05
2.850 1.00e-09 1.4e-05
2.950 1.00e-09 1.5e-05
3.050 1.00e-09 1.5e-05
0.250 1.00e-03 0.0
0.350 1.00e-03 0.0
0.450 1.00e-03 0.0
0.550 1.00e-03 0.0
0.650 1.00e-03 0.0
0.750 1.00e-03 0.0
0.850 1.00e-03 0.0
0.950 1.00e-03 0.0
1.050 1.00e-03 0.0
1.150 1.00e-03 0.0
1.250 1.00e-03 0.0
1.350 1.00e-03 0.0
1.450 1.00e-03 0.0
1.550 1.00e-03 0.0
1.650 1.00e-03 0.0
1.750 1.00e-03 0.0
1.850 1.00e-03 0.0
1.950 1.00e-03 0.0
2.050 1.00e-03 0.0
2.150 1.00e-03 0.0
2.250 1.00e-03 0.0
2.350 1.00e-03 0.0
2.450 1.00e-03 0.0
2.550 1.00e-03 0.0
2.650 1.00e-03 0.0
2.750 1.00e-03 0.0
2.850 1.00e-03 0.0
2.950 1.00e-03 0.0
3.050 1.00e-03 0.0
0.250 5.01e-04 0.0
0.350 5.01e-04 0.0
0.450 5.01e-04 0.0
0.550 5.01e-04 0.0
0.650 5.01e-04 0.0
0.750 5.01e-04 0.0
0.850 5.01e-04 0.0
0.950 5.01e-04 0.0
1.050 5.01e-04 0.0
1.150 5.01e-04 0.0
1.250 5.01e-04 0.0
1.350 5.01e-04 0.0
1.450 5.01e-04 0.0
1.550 5.01e-04 0.0
1.650 5.01e-04 0.0
1.750 5.01e-04 0.0
1.850 5.01e-04 0.0
1.950 5.01e-04 0.0
2.050 5.01e-04 0.0
2.150 5.01e-04 0.0
2.250 5.01e-04 0.0
2.350 5.01e-04 0.0
2.450 5.01e-04 0.0
2.550 5.01e-04 0.0
2.650 5.01e-04 0.0
2.750 5.01e-04 0.0
2.850 5.01e-04 0.0
2.950 5.01e-04 0.0
3.050 5.01e-04 0.0
0.250 2.51e-04 0.0
0.350 2.51e-04 0.0
0.450 2.51e-04 0.0
0.550 2.51e-04 0.0
0.650 2.51e-04 0.0
0.750 2.51e-04 0.0
0.850 2.51e-04 0.0
0.950 2.51e-04 0.0
1.050 2.51e-04 0.0
1.150 2.51e-04 0.0
1.250 2.51e-04 0.0
1.350 2.51e-04 0.0
1.450 2.51e-04 0.0
1.550 2.51e-04 0.0
1.650 2.51e-04 0.0
1.750 2.51e-04 0.0
1.850 2.51e-04 0.0
1.950 2.51e-04 0.0
2.050 2.51e-04 0.0
2.150 2.51e-04 0.0
2.250 2.51e-04 0.0
2.350 2.51e-04 0.0
2.450 2.51e-04 0.0
2.550 2.51e-04 0.0
2.650 2.51e-04 0.0
2.750 2.51e-04 0.0
2.850 2.51e-04 0.0
2.950 2.51e-04 0.0
3.050 2.51e-04 0.0
0.250 1.26e-04 0.0
0.350 1.26e-04 0.0
0.450 1.26e-04 0.0
0.550 1.26e-04 0.0
0.650 1.26e-04 0.0
0.750 1.26e-04 0.0
0.850 1.26e-04 0.0
0.950 1.26e-04 0.0
1.050 1.26e-04 0.0
1.150 1.26e-04 0.0
1.250 1.26e-04 0.0
1.350 1.26e-04 0.0
1.450 1.26e-04 0.0
1.550 1.26e-04 0.0
1.650 1.26e-04 0.0
1.750 1.26e-04 0.0
1.850 1.26e-04 0.0
1.950 1.26e-04 0.0
2.050 1.26e-04 0.0
2.150 1.26e-04 0.0
2.250 1.26e-04 0.0
2.350 1.26e-04 0.0
2.450 1.26e-04 0.0
2.550 1.26e-04 0.0
2.650 1.26e-04 0.0
2.750 1.26e-04 0.0
2.850 1.26e-04 0.0
2.950 1.26e-04 0.0
3.050 1.26e-04 0.0
0.250 6.31e-05 0.0
0.350 6.31e-05 0.0
0.450 6.31e-05 0.0
0.550 6.31e-05 0.0
0.650 6.31e-05 0.0
0.750 6.31e-05 0.0
0.850 6.31e-05 0.0
0.950 6.31e-05 0.0
1.050 6.31e-05 0.0
1.150 6.31e-05 0.0
1.250 6.31e-05 0.0
1.350 6.31e-05 0.0
1.450 6.31e-05 0.0
1.550 6.31e-05 0.0
1.650 6.31e-05 0.0
1.750 6.31e-05 0.0
1.850 6.31e-05 0.0
1.950 6.31e-05 0.0
2.050 6.31e-05 0.0
2.150 6.31e-05 0.0
2.250 6.31e-05 0.0
2.350 6.31e-05 0.0
2.450 6.31e-05 0.0
2.550 6.31e-05 0.0
2.650 6.31e-05 0.0
2.750 6.31e-05 0.0
2.850 6.31e-05 0.0
2.950 6.31e-05 0.0
3.050 6.31e-05 0.0
0.250 3.16e-05 0.0
0.350 3.16e-05 0.0
0.450 3.16e-05 0.0
0.550 3.16e-05 0.0
0.650 3.16e-05 0.0
0.750 3.16e-05 0.0
0.850 3.16e-05 0.0
0.950 3.16e-05 0.0
1.050 3.16e-05 0.0
1.150 3.16e-05 0.0
1.250 3.16e-05 0.0
1.350 3.16e-05 0.0
1.450 3.16e-05 0.0
1.550 3.16e-05 0.0
1.650 3.16e-05 0.0
1.750 3.16e-05 0.0
1.850 3.16e-05 0.0
1.950 3.16e-05 0.0
2.050 3.16e-05 0.0
2.150 3.16e-05 0.0
2.250 3.16e-05 0.0
2.350 3.16e-05 0.0
2.450 3.16e-05 0.0
2.550 3.16e-05 0.0
2.650 3.16e-05 0.0
2.750 3.16e-05 0.0
2.850 3.16e-05 0.0
2.950 3.16e-05 0.0
3.050 3.16e-05 0.0
0.250 1.58e-05 0.0
0.350 1.58e-05 0.0
0.450 1.58e-05 0.0
0.550 1.58e-05 0.0
0.650 1.58e-05 0.0
0.750 1.58e-05 0.0
0.850 1.58e-05 0.0
0.950 1.58e-05 0.0
1.050 1.58e-05 0.0
1.150 1.58e-05 0.0
1.250 1.58e-05 0.0
1.350 1.58e-05 0.0
1.450 1.58e-05 0.0
1.550 1.58e-05 0.0
1.650 1.58e-05 0.0
1.750 1.58e-05 0.0
1.850 1.58e-05 0.0
1.950 1.58e-05 0.0
2.050 1.58e-05 0.0
2.150 1.58e-05 0.0
2.250 1.58e-05 0.0
2.350 1.58e-05 0.0
2.450 1.58e-05 0.0
2.550 1.58e-05 0.0
2.650 1.58e-05 0.0
2.750 1.58e-05 0.0
2.850 1.58e-05 0.0
2.950 1.58e-05 0.0
3.050 1.58e-05 0.0
0.250 7.94e-06 0.000786
0.350 7.94e-06 4e-06
0.450 7.94e-06 0.0
0.550 7.94e-06 0.0
0.650 7.94e-06 0.0
0.750 7.94e-06 0.0
0.850 7.94e-06 0.0
0.950 7.94e-06 0.0
1.050 7.94e-06 0.0
1.150 7.94e-06 0.0
1.250 7.94e-06 0.0
1.350 7.94e-06 0.0
1.450 7.94e-06 0.0
1.550 7.94e-06 0.0
1.650 7.94e-06 0.0
1.750 7.94e-06 0.0
1.850 7.94e-06 0.0
1.950 7.94e-06 0.0
2.050 7.94e-06 0.0
2.150 7.94e-06 0.0
2.250 7.94e-06 0.0
2.350 7.94e-06 0.0
2.450 7.94e-06 0.0
2.550 7.94e-06 0.0
2.650 7.94e-06 0.0
2.750 7.94e-06 0.0
2.850 7.94e-06 0.0
2.950 7.94e-06 0.0
3.050 7.94e-06 0.0
0.250 3.98e-06 0.021458
0.350 3.98e-06 0.00413
0.450 3.98e-06 0.000584
0.550 3.98e-06 2.1e-05
0.650 3.98e-06 0.0
0.750 3.98e-06 0.0
0.850 3.98e-06 0.0
0.950 3.98e-06 0.0
1.050 3.98e-06 0.0
1.150 3.98e-06 0.0
1.250 3.98e-06 0.0
1.350 3.98e-06 0.0
1.450 3.98e-06 0.0
1.550 3.98e-06 0.0
1.650 3.98e-06 0.0
1.750 3.98e-06 0.0
1.850 3.98e-06 0.0
1.950 3.98e-06 0.0
2.050 3.98e-06 0.0
2.150 3.98e-06 0.0
2.250 3.98e-06 0.0
2.350 3.98e-06 0.0
2.450 3.98e-06 0.0
2.550 3.98e-06 0.0
2.650 3.98e-06 0.0
2.750 3.98e-06 0.0
2.850 3.98e-06 0.0
2.950 3.98e-06 0.0
3.050 3.98e-06 0.0
0.250 1.99e-06 0.06264
0.350 1.99e-06 0.040458
0.450 1.99e-06 0.020143
0.550 1.99e-06 0.007477
0.650 1.99e-06 0.000539
0.750 1.99e-06 0.0
0.850 1.99e-06 1.2e-05
0.950 1.99e-06 0.000101
1.050 1.99e-06 1.8e-05
1.150 1.99e-06 1.6e-05
1.250 1.99e-06 2e-06
1.350 1.99e-06 0.0
1.450 1.99e-06 0.0
1.550 1.99e-06 0.0
1.650 1.99e-06 0.0
1.750 1.99e-06 0.0
1.850 1.99e-06 0.0
1.950 1.99e-06 0.0
2.050 1.99e-06 0.0
2.150 1.99e-06 0.0
2.250 1.99e-06 0.0
2.350 1.99e-06 0.0
2.450 1.99e-06 0.0
2.550 1.99e-06 0.0
2.650 1.99e-06 0.0
2.750 1.99e-06 0.0
2.850 1.99e-06 0.0
2.950 1.99e-06 0.0
3.050 1.99e-06 0.0
0.250 1.00e-06 0.040355
0.350 1.00e-06 0.060433
0.450 1.00e-06 0.062236
0.550 1.00e-06 0.04829
0.650 1.00e-06 0.021311
0.750 1.00e-06 0.001706
0.850 1.00e-06 0.007621
0.950 1.00e-06 0.013618
1.050 1.00e-06 0.008095
1.150 1.00e-06 0.009324
1.250 1.00e-06 0.005127
1.350 1.00e-06 0.002415
1.450 1.00e-06 0.000689
1.550 1.00e-06 0.000238
1.650 1.00e-06 8.8e-05
1.750 1.00e-06 2.8e-05
1.850 1.00e-06 3.5e-05
1.950 1.00e-06 1.8e-05
2.050 1.00e-06 4e-06
2.150 1.00e-06 1e-06
2.250 1.00e-06 1e-06
2.350 1.00e-06 0.0
2.450 1.00e-06 0.0
2.550 1.00e-06 0.0
2.650 1.00e-06 0.0
2.750 1.00e-06 0.0
2.850 1.00e-06 0.0
2.950 1.00e-06 0.0
3.050 1.00e-06 0.0
0.250 5.01e-07 0.01318
0.350 5.01e-07 0.027082
0.450 5.01e-07 0.04147
0.550 5.01e-07 0.05585
0.650 5.01e-07 0.062452
0.750 5.01e-07 0.028851
0.850 5.01e-07 0.047791
0.950 5.01e-07 0.055991
1.050 5.01e-07 0.047499
1.150 5.01e-07 0.048972
1.250 5.01e-07 0.042615
1.350 5.01e-07 0.034715
1.450 5.01e-07 0.02451
1.550 5.01e-07 0.01817
1.650 5.01e-07 0.014024
1.750 5.01e-07 0.011192
1.850 5.01e-07 0.012001
1.950 5.01e-07 0.009805
2.050 5.01e-07 0.006309
2.150 5.01e-07 0.005049
2.250 5.01e-07 0.004775
2.350 5.01e-07 0.003562
2.450 5.01e-07 0.002468
2.550 5.01e-07 0.0018
2.650 5.01e-07 0.001835
2.750 5.01e-07 0.001262
2.850 5.01e-07 0.00091
2.950 5.01e-07 0.000621
3.050 5.01e-07 0.000323
0.250 2.51e-07 0.003542
0.350 2.51e-07 0.007937
0.450 2.51e-07 0.01374
0.550 2.51e-07 0.022642
0.650 2.51e-07 0.040638
0.750 2.51e-07 0.062521
0.850 2.51e-07 0.05548
0.950 2.51e-07 0.048753
1.050 2.51e-07 0.055405
1.150 2.51e-07 0.053855
1.250 2.51e-07 0.058056
1.350 2.51e-07 0.060847
1.450 2.51e-07 0.061305
1.550 2.51e-07 0.057357
1.650 2.51e-07 0.053926
1.750 2.51e-07 0.051771
1.850 2.51e-07 0.052557
1.950 2.51e-07 0.050752
2.050 2.51e-07 0.045047
2.150 2.51e-07 0.043608
2.250 2.51e-07 0.043658
2.350 2.51e-07 0.039855
2.450 2.51e-07 0.035221
2.550 2.51e-07 0.033623
2.650 2.51e-07 0.033976
2.750 2.51e-07 0.032726
2.850 2.51e-07 0.028712
2.950 2.51e-07 0.025576
3.050 2.51e-07 0.022577
0.250 1.26e-07 0.000905
0.350 1.26e-07 0.002074
0.450 1.26e-07 0.003708
0.550 1.26e-07 0.006455
0.650 1.26e-07 0.013388
0.750 1.26e-07 0.035032
0.850 1.26e-07 0.023055
0.950 1.26e-07 0.017962
1.050 1.26e-07 0.022966
1.150 1.26e-07 0.022152
1.250 1.26e-07 0.026465
1.350 1.26e-07 0.031741
1.450 1.26e-07 0.039131
1.550 1.26e-07 0.045293
1.650 1.26e-07 0.049293
1.750 1.26e-07 0.051559
1.850 1.26e-07 0.050774
1.950 1.26e-07 0.05258
2.050 1.26e-07 0.056529
2.150 1.26e-07 0.057448
2.250 1.26e-07 0.057379
2.350 1.26e-07 0.058426
2.450 1.26e-07 0.060063
2.550 1.26e-07 0.060611
2.650 1.26e-07 0.059024
2.750 1.26e-07 0.059154
2.850 1.26e-07 0.059516
2.950 1.26e-07 0.058324
3.050 1.26e-07 0.060611
0.250 6.30e-08 0.000228
0.350 6.30e-08 0.000526
0.450 6.30e-08 0.000948
0.550 6.30e-08 0.001675
0.650 6.30e-08 0.003607
0.750 6.30e-08 0.010987
0.850 6.30e-08 0.006629
0.950 6.30e-08 0.004992
1.050 6.30e-08 0.006594
1.150 6.30e-08 0.006355
1.250 6.30e-08 0.007828
1.350 6.30e-08 0.009782
1.450 6.30e-08 0.012897
1.550 6.30e-08 0.016171
1.650 6.30e-08 0.018736
1.750 6.30e-08 0.020517
1.850 6.30e-08 0.01997
1.950 6.30e-08 0.021466
2.050 6.30e-08 0.025007
2.150 6.30e-08 0.0263
2.250 6.30e-08 0.026452
2.350 6.30e-08 0.029108
2.450 6.30e-08 0.031858
2.550 6.30e-08 0.033008
2.650 6.30e-08 0.03363
2.750 6.30e-08 0.034807
2.850 6.30e-08 0.037336
2.950 6.30e-08 0.040059
3.050 6.30e-08 0.040878
0.250 3.20e-08 5.7e-05
0.350 3.20e-08 0.000132
0.450 3.20e-08 0.000239
0.550 3.20e-08 0.000424
0.650 3.20e-08 0.000922
0.750 3.20e-08 0.002922
0.850 3.20e-08 0.001723
0.950 3.20e-08 0.001287
1.050 3.20e-08 0.001714
1.150 3.20e-08 0.001651
1.250 3.20e-08 0.002051
1.350 3.20e-08 0.00259
1.450 3.20e-08 0.003477
1.550 3.20e-08 0.004456
1.650 3.20e-08 0.005256
1.750 3.20e-08 0.005835
1.850 3.20e-08 0.00566
1.950 3.20e-08 0.006154
2.050 3.20e-08 0.007333
2.150 3.20e-08 0.007809
2.250 3.20e-08 0.007877
2.350 3.20e-08 0.008885
2.450 3.20e-08 0.009891
2.550 3.20e-08 0.010354
2.650 3.20e-08 0.010785
2.750 3.20e-08 0.011279
2.850 3.20e-08 0.012341
2.950 3.20e-08 0.013703
3.050 3.20e-08 0.013829
0.250 1.60e-08 1.4e-05
0.350 1.60e-08 3.3e-05
0.450 1.60e-08 6e-05
0.550 1.60e-08 0.000107
0.650 1.60e-08 0.000233
0.750 1.60e-08 0.000745
0.850 1.60e-08 0.000437
0.950 1.60e-08 0.000325
1.050 1.60e-08 0.000434
1.150 1.60e-08 0.000418
1.250 1.60e-08 0.000521
1.350 1.60e-08 0.000659
1.450 1.60e-08 0.000889
1.550 1.60e-08 0.001146
1.650 1.60e-08 0.001358
1.750 1.60e-08 0.001513
1.850 1.60e-08 0.001466
1.950 1.60e-08 0.001599
2.050 1.60e-08 0.001916
2.150 1.60e-08 0.002048
2.250 1.60e-08 0.002068
2.350 1.60e-08 0.002347
2.450 1.60e-08 0.002625
2.550 1.60e-08 0.002755
2.650 1.60e-08 0.002888
2.750 1.60e-08 0.003029
2.850 1.60e-08 0.003331
2.950 1.60e-08 0.003734
3.050 1.60e-08 0.003757
0.250 8.00e-09 4e-06
0.350 8.00e-09 8e-06
0.450 8.00e-09 1.5e-05
0.550 8.00e-09 2.7e-05
0.650 8.00e-09 5.9e-05
0.750 8.00e-09 0.000188
0.850 8.00e-09 0.00011
0.950 8.00e-09 8.2e-05
1.050 8.00e-09 0.000109
1.150 8.00e-09 0.000105
1.250 8.00e-09 0.000131
1.350 8.00e-09 0.000166
1.450 8.00e-09 0.000224
1.550 8.00e-09 0.00029
1.650 8.00e-09 0.000344
1.750 8.00e-09 0.000383
1.850 8.00e-09 0.000371
1.950 8.00e-09 0.000405
2.050 8.00e-09 0.000486
2.150 8.00e-09 0.00052
2.250 8.00e-09 0.000525
2.350 8.00e-09 0.000597
2.450 8.00e-09 0.000668
2.550 8.00e-09 0.000702
2.650 8.00e-09 0.000737
2.750 8.00e-09 0.000774
2.850 8.00e-09 0.000852
2.950 8.00e-09 0.000957
3.050 8.00e-09 0.000963
0.250 4.00e-09 1e-06
0.350 4.00e-09 2e-06
0.450 4.00e-09 4e-06
0.550 4.00e-09 7e-06
0.650 4.00e-09 1.5e-05
0.750 4.00e-09 4.7e-05
0.850 4.00e-09 2.8e-05
0.950 4.00e-09 2.1e-05
1.050 4.00e-09 2.7e-05
1.150 4.00e-09 2.6e-05
1.250 4.00e-09 3.3e-05
1.350 4.00e-09 4.2e-05
1.450 4.00e-09 5.6e-05
1.550 4.00e-09 7.3e-05
1.650 4.00e-09 8.6e-05
1.750 4.00e-09 9.6e-05
1.850 4.00e-09 9.3e-05
1.950 4.00e-09 0.000102
2.050 4.00e-09 0.000122
2.150 4.00e-09 0.000131
2.250 4.00e-09 0.000132
2.350 4.00e-09 0.00015
2.450 4.00e-09 0.000168
2.550 4.00e-09 0.000177
2.650 4.00e-09 0.000186
2.750 4.00e-09 0.000195
2.850 4.00e-09 0.000215
2.950 4.00e-09 0.000242
3.050 4.00e-09 0.000243
0.250 2.00e-09 0.0
0.350 2.00e-09 1e-06
0.450 2.00e-09 1e-06
0.550 2.00e-09 2e-06
0.650 2.00e-09 4e-06
0.750 2.00e-09 1.2e-05
0.850 2.00e-09 7e-06
0.950 2.00e-09 5e-06
1.050 2.00e-09 7e-06
1.150 2.00e-09 7e-06
1.250 2.00e-09 8e-06
1.350 2.00e-09 1e-05
1.450 2.00e-09 1.4e-05
1.550 2.00e-09 1.8e-05
1.650 2.00e-09 2.2e-05
1.750 2.00e-09 2.4e-05
1.850 2.00e-09 2.3e-05
1.950 2.00e-09 2.6e-05
2.050 2.00e-09 3.1e-05
2.150 2.00e-09 3.3e-05
2.250 2.00e-09 3.3e-05
2.350 2.00e-09 3.8e-05
2.450 2.00e-09 4.2e-05
2.550 2.00e-09 4.5e-05
2.650 2.00e-09 4.7e-05
2.750 2.00e-09 4.9e-05
2.850 2.00e-09 5.4e-05
2.950 2.00e-09 6.1e-05
3.050 2.00e-09 6.1e-05
0.250 1.00e-09 0.0
0.350 1.00e-09 0.0
0.450 1.00e-09 0.0
0.550 1.00e-09 0.0
0.650 1.00e-09 1e-06
0.750 1.00e-09 3e-06
0.850 1.00e-09 2e-06
0.950 1.00e-09 1e-06
1.050 1.00e-09 2e-06
1.150 1.00e-09 2e-06
1.250 1.00e-09 2e-06
1.350 1.00e-09 3e-06
1.450 1.00e-09 4e-06
1.550 1.00e-09 5e-06
1.650 1.00e-09 5e-06
1.750 1.00e-09 6e-06
1.850 1.00e-09 6e-06
1.950 1.00e-09 6e-06
2.050 1.00e-09 8e-06
2.150 1.00e-09 8e-06
2.250 1.00e-09 8e-06
2.350 1.00e-09 1e-05
2.450 1.00e-09 1.1e-05
2.550 1.00e-09 1.1e-05
2.650 1.00e-09 1.2e-05
2.750 1.00e-09 1.2e-05
2.850 1.00e-09 1.4e-05
2.950 1.00e-09 1.5e-05
3.050 1.00e-09 1.5e-05
0.250 1.00e-04 0.0
0.270 1.00e-04 0.0
0.290 1.00e-04 0.0
0.310 1.00e-04 0.0
0.330 1.00e-04 0.0
0.350 1.00e-04 0.0
0.370 1.00e-04 0.0
0.390 1.00e-04 0.0
0.410 1.00e-04 0.0
0.430 1.00e-04 0.0
0.450 1.00e-04 0.0
0.470 1.00e-04 0.0
0.490 1.00e-04 0.0
0.510 1.00e-04 0.0
0.530 1.00e-04 0.0
0.550 1.00e-04 0.0
0.570 1.00e-04 0.0
0.590 1.00e-04 0.0
0.610 1.00e-04 0.0
0.630 1.00e-04 0.0
0.650 1.00e-04 0.0
0.670 1.00e-04 0.0
0.690 1.00e-04 0.0
0.710 1.00e-04 0.0
0.730 1.00e-04 0.0
0.750 1.00e-04 0.0
0.770 1.00e-04 0.0
0.790 1.00e-04 0.0
0.810 1.00e-04 0.0
0.830 1.00e-04 0.0
0.850 1.00e-04 0.0
0.870 1.00e-04 0.0
0.890 1.00e-04 0.0
0.910 1.00e-04 0.0
0.930 1.00e-04 0.0
0.950 1.00e-04 0.0
0.970 1.00e-04 0.0
0.990 1.00e-04 0.0
1.010 1.00e-04 0.0
1.030 1.00e-04 0.0
1.050 1.00e-04 0.0
1.070 1.00e-04 0.0
1.090 1.00e-04 0.0
1.110 1.00e-04 0.0
1.130 1.00e-04 0.0
1.150 1.00e-04 0.0
1.170 1.00e-04 0.0
1.190 1.00e-04 0.0
1.210 1.00e-04 0.0
1.230 1.00e-04 0.0
0.250 6.31e-05 0.0
0.270 6.31e-05 0.0
0.290 6.31e-05 0.0
0.310 6.31e-05 0.0
0.330 6.31e-05 0.0
0.350 6.31e-05 0.0
0.370 6.31e-05 0.0
0.390 6.31e-05 0.0
0.410 6.31e-05 0.0
0.430 6.31e-05 0.0
0.450 6.31e-05 0.0
0.470 6.31e-05 0.0
0.490 6.31e-05 0.0
0.510 6.31e-05 0.0
0.530 6.31e-05 0.0
0.550 6.31e-05 0.0
0.570 6.31e-05 0.0
0.590 6.31e-05 0.0
0.610 6.31e-05 0.0
0.630 6.31e-05 0.0
0.650 6.31e-05 0.0
0.670 6.31e-05 0.0
0.690 6.31e-05 0.0
0.710 6.31e-05 0.0
0.730 6.31e-05 0.0
0.750 6.31e-05 0.0
0.770 6.31e-05 0.0
0.790 6.31e-05 0.0
0.810 6.31e-05 0.0
0.830 6.31e-05 0.0
0.850 6.31e-05 0.0
0.870 6.31e-05 0.0
0.890 6.31e-05 0.0
0.910 6.31e-05 0.0
0.930 6.31e-05 0.0
0.950 6.31e-05 0.0
0.970 6.31e-05 0.0
0.990 6.31e-05 0.0
1.010 6.31e-05 0.0
1.030 6.31e-05 0.0
1.050 6.31e-05 0.0
1.070 6.31e-05 0.0
1.090 6.31e-05 0.0
1.110 6.31e-05 0.0
1.130 6.31e-05 0.0
1.150 6.31e-05 0.0
1.170 6.31e-05 0.0
1.190 6.31e-05 0.0
1.210 6.31e-05 0.0
1.230 6.31e-05 0.0
0.250 3.98e-05 0.0
0.270 3.98e-05 0.0
0.290 3.98e-05 0.0
0.310 3.98e-05 0.0
0.330 3.98e-05 0.0
0.350 3.98e-05 0.0
0.370 3.98e-05 0.0
0.390 3.98e-05 0.0
0.410 3.98e-05 0.0
0.430 3.98e-05 0.0
0.450 3.98e-05 0.0
0.470 3.98e-05 0.0
0.490 3.98e-05 0.0
0.510 3.98e-05 0.0
0.530 3.98e-05 0.0
0.550 3.98e-05 0.0
0.570 3.98e-05 0.0
0.590 3.98e-05 0.0
0.610 3.98e-05 0.0
0.630 3.98e-05 0.0
0.650 3.98e-05 0.0
0.670 3.98e-05 0.0
0.690 3.98e-05 0.0
0.710 3.98e-05 0.0
0.730 3.98e-05 0.0
0.750 3.98e-05 0.0
0.770 3.98e-05 0.0
0.790 3.98e-05 0.0
0.810 3.98e-05 0.0
0.830 3.98e-05 0.0
0.850 3.98e-05 0.0
0.870 3.98e-05 0.0
0.890 3.98e-05 0.0
0.910 3.98e-05 0.0
0.930 3.98e-05 0.0
0.950 3.98e-05 0.0
0.970 3.98e-05 0.0
0.990 3.98e-05 0.0
1.010 3.98e-05 0.0
1.030 3.98e-05 0.0
1.050 3.98e-05 0.0
1.070 3.98e-05 0.0
1.090 3.98e-05 0.0
1.110 3.98e-05 0.0
1.130 3.98e-05 0.0
1.150 3.98e-05 0.0
1.170 3.98e-05 0.0
1.190 3.98e-05 0.0
1.210 3.98e-05 0.0
1.230 3.98e-05 0.0
0.250 2.51e-05 0.0
0.270 2.51e-05 0.0
0.290 2.51e-05 0.0
0.310 2.51e-05 0.0
0.330 2.51e-05 0.0
0.350 2.51e-05 0.0
0.370 2.51e-05 0.0
0.390 2.51e-05 0.0
0.410 2.51e-05 0.0
0.430 2.51e-05 0.0
0.450 2.51e-05 0.0
0.470 2.51e-05 0.0
0.490 2.51e-05 0.0
0.510 2.51e-05 0.0
0.530 2.51e-05 0.0
0.550 2.51e-05 0.0
0.570 2.51e-05 0.0
0.590 2.51e-05 0.0
0.610 2.51e-05 0.0
0.630 2.51e-05 0.0
0.650 2.51e-05 0.0
0.670 2.51e-05 0.0
0.690 2.51e-05 0.0
0.710 2.51e-05 0.0
0.730 2.51e-05 0.0
0.750 2.51e-05 0.0
0.770 2.51e-05 0.0
0.790 2.51e-05 0.0
0.810 2.51e-05 0.0
0.830 2.51e-05 0.0
0.850 2.51e-05 0.0
0.870 2.51e-05 0.0
0.890 2.51e-05 0.0
0.910 2.51e-05 0.0
0.930 2.51e-05 0.0
0.950 2.51e-05 0.0
0.970 2.51e-05 0.0
0.990 2.51e-05 0.0
1.010 2.51e-05 0.0
1.030 2.51e-05 0.0
1.050 2.51e-05 0.0
1.070 2.51e-05 0.0
1.090 2.51e-05 0.0
1.110 2.51e-05 0.0
1.130 2.51e-05 0.0
1.150 2.51e-05 0.0
1.170 2.51e-05 0.0
1.190 2.51e-05 0.0
1.210 2.51e-05 0.0
1.230 2.51e-05 0.0
0.250 1.58e-05 0.0
0.270 1.58e-05 0.0
0.290 1.58e-05 0.0
0.310 1.58e-05 0.0
0.330 1.58e-05 0.0
0.350 1.58e-05 0.0
0.370 1.58e-05 0.0
0.390 1.58e-05 0.0
0.410 1.58e-05 0.0
0.430 1.58e-05 0.0
0.450 1.58e-05 0.0
0.470 1.58e-05 0.0
0.490 1.58e-05 0.0
0.510 1.58e-05 0.0
0.530 1.58e-05 0.0
0.550 1.58e-05 0.0
0.570 1.58e-05 0.0
0.590 1.58e-05 0.0
0.610 1.58e-05 0.0
0.630 1.58e-05 0.0
0.650 1.58e-05 0.0
0.670 1.58e-05 0.0
0.690 1.58e-05 0.0
0.710 1.58e-05 0.0
0.730 1.58e-05 0.0
0.750 1.58e-05 0.0
0.770 1.58e-05 0.0
0.790 1.58e-05 0.0
0.810 1.58e-05 0.0
0.830 1.58e-05 0.0
0.850 1.58e-05 0.0
0.870 1.58e-05 0.0
0.890 1.58e-05 0.0
0.910 1.58e-05 0.0
0.930 1.58e-05 0.0
0.950 1.58e-05 0.0
0.970 1.58e-05 0.0
0.990 1.58e-05 0.0
1.010 1.58e-05 0.0
1.030 1.58e-05 0.0
1.050 1.58e-05 0.0
1.070 1.58e-05 0.0
1.090 1.58e-05 0.0
1.110 1.58e-05 0.0
1.130 1.58e-05 0.0
1.150 1.58e-05 0.0
1.170 1.58e-05 0.0
1.190 1.58e-05 0.0
1.210 1.58e-05 0.0
1.230 1.58e-05 0.0
0.250 1.00e-05 6.9e-05
0.270 1.00e-05 1.8e-05
0.290 1.00e-05 2e-06
0.310 1.00e-05 1e-06
0.330 1.00e-05 0.0
0.350 1.00e-05 0.0
0.370 1.00e-05 0.0
0.390 1.00e-05 0.0
0.410 1.00e-05 0.0
0.430 1.00e-05 0.0
0.450 1.00e-05 0.0
0.470 1.00e-05 0.0
0.490 1.00e-05 0.0
0.510 1.00e-05 0.0
0.530 1.00e-05 0.0
0.550 1.00e-05 0.0
0.570 1.00e-05 0.0
0.590 1.00e-05 0.0
0.610 1.00e-05 0.0
0.630 1.00e-05 0.0
0.650 1.00e-05 0.0
0.670 1.00e-05 0.0
0.690 1.00e-05 0.0
0.710 1.00e-05 0.0
0.730 1.00e-05 0.0
0.750 1.00e-05 0.0
0.770 1.00e-05 0.0
0.790 1.00e-05 0.0
0.810 1.00e-05 0.0
0.830 1.00e-05 0.0
0.850 1.00e-05 0.0
0.870 1.00e-05 0.0
0.890 1.00e-05 0.0
0.910 1.00e-05 0.0
0.930 1.00e-05 0.0
0.950 1.00e-05 0.0
0.970 1.00e-05 0.0
0.990 1.00e-05 0.0
1.010 1.00e-05 0.0
1.030 1.00e-05 0.0
1.050 1.00e-05 0.0
1.070 1.00e-05 0.0
1.090 1.00e-05 0.0
1.110 1.00e-05 0.0
1.130 1.00e-05 0.0
1.150 1.00e-05 0.0
1.170 1.00e-05 0.0
1.190 1.00e-05 0.0
1.210 1.00e-05 0.0
1.230 1.00e-05 0.0
0.250 6.31e-06 0.003264
0.270 6.31e-06 0.001828
0.290 6.31e-06 0.000755
0.310 6.31e-06 0.000536
0.330 6.31e-06 0.000276
0.350 6.31e-06 0.000128
0.370 6.31e-06 5.7e-05
0.390 6.31e-06 2.5e-05
0.410 6.31e-06 9e-06
0.430 6.31e-06 3e-06
0.450 6.31e-06 1e-06
0.470 6.31e-06 0.0
0.490 6.31e-06 0.0
0.510 6.31e-06 0.0
0.530 6.31e-06 0.0
0.550 6.31e-06 0.0
0.570 6.31e-06 0.0
0.590 6.31e-06 0.0
0.610 6.31e-06 0.0
0.630 6.31e-06 0.0
0.650 6.31e-06 0.0
0.670 6.31e-06 0.0
0.690 6.31e-06 0.0
0.710 6.31e-06 0.0
0.730 6.31e-06 0.0
0.750 6.31e-06 0.0
0.770 6.31e-06 0.0
0.790 6.31e-06 0.0
0.810 6.31e-06 0.0
0.830 6.31e-06 0.0
0.850 6.31e-06 0.0
0.870 6.31e-06 0.0
0.890 6.31e-06 0.0
0.910 6.31e-06 0.0
0.930 6.31e-06 0.0
0.950 6.31e-06 0.0
0.970 6.31e-06 0.0
0.990 6.31e-06 0.0
1.010 6.31e-06 0.0
1.030 6.31e-06 0.0
1.050 6.31e-06 0.0
1.070 6.31e-06 0.0
1.090 6.31e-06 0.0
1.110 6.31e-06 0.0
1.130 6.31e-06 0.0
1.150 6.31e-06 0.0
1.170 6.31e-06 0.0
1.190 6.31e-06 0.0
1.210 6.31e-06 0.0
1.230 6.31e-06 0.0
0.250 3.98e-06 0.020539
0.270 3.98e-06 0.015192
0.290 3.98e-06 0.009899
0.310 3.98e-06 0.008441
0.330 3.98e-06 0.006253
0.350 3.98e-06 0.004444
0.370 3.98e-06 0.003136
0.390 3.98e-06 0.002216
0.410 3.98e-06 0.001457
0.430 3.98e-06 0.000952
0.450 3.98e-06 0.000606
0.470 3.98e-06 0.000365
0.490 3.98e-06 0.000207
0.510 3.98e-06 0.000117
0.530 3.98e-06 5.7e-05
0.550 3.98e-06 2.3e-05
0.570 3.98e-06 9e-06
0.590 3.98e-06 3e-06
0.610 3.98e-06 0.0
0.630 3.98e-06 0.0
0.650 3.98e-06 0.0
0.670 3.98e-06 0.0
0.690 3.98e-06 0.0
0.710 3.98e-06 0.0
0.730 3.98e-06 0.0
0.750 3.98e-06 0.0
0.770 3.98e-06 0.0
0.790 3.98e-06 0.0
0.810 3.98e-06 0.0
0.830 3.98e-06 0.0
0.850 3.98e-06 0.0
0.870 3.98e-06 0.0
0.890 3.98e-06 0.0
0.910 3.98e-06 0.0
0.930 3.98e-06 0.0
0.950 3.98e-06 0.0
0.970 3.98e-06 0.0
0.990 3.98e-06 0.0
1.010 3.98e-06 0.0
1.030 3.98e-06 0.0
1.050 3.98e-06 0.0
1.070 3.98e-06 0.0
1.090 3.98e-06 0.0
1.110 3.98e-06 0.0
1.130 3.98e-06 0.0
1.150 3.98e-06 0.0
1.170 3.98e-06 0.0
1.190 3.98e-06 0.0
1.210 3.98e-06 0.0
1.230 3.98e-06 0.0
0.250 2.51e-06 0.052993
0.270 2.51e-06 0.04609
0.290 2.51e-06 0.037101
0.310 2.51e-06 0.034034
0.330 2.51e-06 0.029021
0.350 2.51e-06 0.024263
0.370 2.51e-06 0.020309
0.390 2.51e-06 0.017072
0.410 2.51e-06 0.013929
0.430 2.51e-06 0.011481
0.450 2.51e-06 0.009342
0.470 2.51e-06 0.007424
0.490 2.51e-06 0.005831
0.510 2.51e-06 0.004535
0.530 2.51e-06 0.003317
0.550 2.51e-06 0.002291
0.570 2.51e-06 0.001543
0.590 2.51e-06 0.000907
0.610 2.51e-06 0.000459
0.630 2.51e-06 0.000196
0.650 2.51e-06 5.9e-05
0.670 2.51e-06 1.3e-05
0.690 2.51e-06 2e-06
0.710 2.51e-06 0.0
0.730 2.51e-06 nan
0.750 2.51e-06 nan
0.770 2.51e-06 0.0
0.790 2.51e-06 0.0
0.810 2.51e-06 0.0
0.830 2.51e-06 0.0
0.850 2.51e-06 0.0
0.870 2.51e-06 0.0
0.890 2.51e-06 1e-06
0.910 2.51e-06 1e-06
0.930 2.51e-06 2e-06
0.950 2.51e-06 3e-06
0.970 2.51e-06 3e-06
0.990 2.51e-06 2e-06
1.010 2.51e-06 0.0
1.030 2.51e-06 0.0
1.050 2.51e-06 0.0
1.070 2.51e-06 0.0
1.090 2.51e-06 0.0
1.110 2.51e-06 0.0
1.130 2.51e-06 0.0
1.150 2.51e-06 0.0
1.170 2.51e-06 0.0
1.190 2.51e-06 0.0
1.210 2.51e-06 0.0
1.230 2.51e-06 0.0
0.250 1.59e-06 0.062146
0.270 1.59e-06 0.063703
0.290 1.59e-06 0.063031
0.310 1.59e-06 0.062032
0.330 1.59e-06 0.059538
0.350 1.59e-06 0.056021
0.370 1.59e-06 0.0522
0.390 1.59e-06 0.048275
0.410 1.59e-06 0.043831
0.430 1.59e-06 0.039816
0.450 1.59e-06 0.035855
0.470 1.59e-06 0.031868
0.490 1.59e-06 0.028124
0.510 1.59e-06 0.024743
0.530 1.59e-06 0.021171
0.550 1.59e-06 0.017819
0.570 1.59e-06 0.014829
0.590 1.59e-06 0.011578
0.610 1.59e-06 0.008575
0.630 1.59e-06 0.005918
0.650 1.59e-06 0.003537
0.670 1.59e-06 0.001856
0.690 1.59e-06 0.000762
0.710 1.59e-06 0.000217
0.730 1.59e-06 nan
0.750 1.59e-06 1.2e-05
0.770 1.59e-06 2e-06
0.790 1.59e-06 2e-06
0.810 1.59e-06 3.8e-05
0.830 1.59e-06 0.000114
0.850 1.59e-06 0.000252
0.870 1.59e-06 0.000423
0.890 1.59e-06 0.000634
0.910 1.59e-06 0.000799
0.930 1.59e-06 0.000986
0.950 1.59e-06 0.001029
0.970 1.59e-06 0.001042
0.990 1.59e-06 0.000953
1.010 1.59e-06 0.000102
1.030 1.59e-06 2.1e-05
1.050 1.59e-06 0.000397
1.070 1.59e-06 0.000478
1.090 1.59e-06 0.000446
1.110 1.59e-06 0.000411
1.130 1.59e-06 0.000362
1.150 1.59e-06 0.000295
1.170 1.59e-06 0.000263
1.190 1.59e-06 0.000214
1.210 1.59e-06 0.00015
1.230 1.59e-06 0.000118
0.250 1.00e-06 0.040818
0.270 1.00e-06 0.046194
0.290 1.00e-06 0.052534
0.310 1.00e-06 0.054544
0.330 1.00e-06 0.057664
0.350 1.00e-06 0.060295
0.370 1.00e-06 0.062084
0.390 1.00e-06 0.063093
0.410 1.00e-06 0.063467
0.430 1.00e-06 0.063119
0.450 1.00e-06 0.062139
0.470 1.00e-06 0.060535
0.490 1.00e-06 0.058339
0.510 1.00e-06 0.055759
0.530 1.00e-06 0.052443
0.550 1.00e-06 0.048492
0.570 1.00e-06 0.04473
0.590 1.00e-06 0.039619
0.610 1.00e-06 0.034204
0.630 1.00e-06 0.028423
0.650 1.00e-06 0.022273
0.670 1.00e-06 0.016447
0.690 1.00e-06 0.010963
0.710 1.00e-06 0.006294
0.730 1.00e-06 0.003402
0.750 1.00e-06 0.001825
0.770 1.00e-06 0.000923
0.790 1.00e-06 0.000971
0.810 1.00e-06 0.003083
0.830 1.00e-06 0.004943
0.850 1.00e-06 0.006963
0.870 1.00e-06 0.008762
0.890 1.00e-06 0.010507
0.910 1.00e-06 0.011652
0.930 1.00e-06 0.012824
0.950 1.00e-06 0.013111
0.970 1.00e-06 0.013252
0.990 1.00e-06 0.012821
1.010 1.00e-06 0.004959
1.030 1.00e-06 0.002582
1.050 1.00e-06 0.008836
1.070 1.00e-06 0.00964
1.090 1.00e-06 0.009393
1.110 1.00e-06 0.009081
1.130 1.00e-06 0.008639
1.150 1.00e-06 0.007931
1.170 1.00e-06 0.007568
1.190 1.00e-06 0.007
1.210 1.00e-06 0.006052
1.230 1.00e-06 0.005481
0.250 6.31e-07 0.020061
0.270 6.31e-07 0.023755
0.290 6.31e-07 0.02887
0.310 6.31e-07 0.030787
0.330 6.31e-07 0.034218
0.350 6.31e-07 0.037898
0.370 6.31e-07 0.041322
0.390 6.31e-07 0.044473
0.410 6.31e-07 0.047824
0.430 6.31e-07 0.050694
0.450 6.31e-07 0.053383
0.470 6.31e-07 0.055941
0.490 6.31e-07 0.058162
0.510 6.31e-07 0.05996
0.530 6.31e-07 0.061552
0.550 6.31e-07 0.06253
0.570 6.31e-07 0.063013
0.590 6.31e-07 0.062587
0.610 6.31e-07 0.061033
0.630 6.31e-07 0.057974
0.650 6.31e-07 0.053137
0.670 6.31e-07 0.046677
0.690 6.31e-07 0.03843
0.710 6.31e-07 0.029414
0.730 6.31e-07 0.021953
0.750 6.31e-07 0.016463
0.770 6.31e-07 0.012153
0.790 6.31e-07 0.012397
0.810 6.31e-07 0.021122
0.830 6.31e-07 0.02634
0.850 6.31e-07 0.030908
0.870 6.31e-07 0.034582
0.890 6.31e-07 0.037639
0.910 6.31e-07 0.039398
0.930 6.31e-07 0.041112
0.950 6.31e-07 0.041505
0.970 6.31e-07 0.041692
0.990 6.31e-07 0.041152
1.010 6.31e-07 0.026604
1.030 6.31e-07 0.019938
1.050 6.31e-07 0.034633
1.070 6.31e-07 0.036037
1.090 6.31e-07 0.035721
1.110 6.31e-07 0.035271
1.130 6.31e-07 0.034317
1.150 6.31e-07 0.033022
1.170 6.31e-07 0.032364
1.190 6.31e-07 0.031282
1.210 6.31e-07 0.029386
1.230 6.31e-07 0.028037
0.250 3.98e-07 0.008701
0.270 3.98e-07 0.0105
0.290 3.98e-07 0.013125
0.310 3.98e-07 0.014159
0.330 3.98e-07 0.016084
0.350 3.98e-07 0.018274
0.370 3.98e-07 0.020447
0.390 3.98e-07 0.022595
0.410 3.98e-07 0.025075
0.430 3.98e-07 0.027418
0.450 3.98e-07 0.029867
0.470 3.98e-07 0.032498
0.490 3.98e-07 0.035198
0.510 3.98e-07 0.03786
0.530 3.98e-07 0.040908
0.550 3.98e-07 0.044157
0.570 3.98e-07 0.047127
0.590 3.98e-07 0.050806
0.610 3.98e-07 0.054459
0.630 3.98e-07 0.057946
0.650 3.98e-07 0.060968
0.670 3.98e-07 0.06263
0.690 3.98e-07 0.062053
0.710 3.98e-07 0.058412
0.730 3.98e-07 0.052561
0.750 3.98e-07 0.046396
0.770 3.98e-07 0.040323
0.790 3.98e-07 0.040647
0.810 3.98e-07 0.051512
0.830 3.98e-07 0.055908
0.850 3.98e-07 0.058743
0.870 3.98e-07 0.060426
0.890 3.98e-07 0.061407
0.910 3.98e-07 0.061724
0.930 3.98e-07 0.061912
0.950 3.98e-07 0.061942
0.970 3.98e-07 0.061904
0.990 3.98e-07 0.06181
1.010 3.98e-07 0.055545
1.030 3.98e-07 0.04963
1.050 3.98e-07 0.059979
1.070 3.98e-07 0.060377
1.090 3.98e-07 0.060318
1.110 3.98e-07 0.060173
1.130 3.98e-07 0.059651
1.150 3.98e-07 0.059091
1.170 3.98e-07 0.058723
1.190 3.98e-07 0.058147
1.210 3.98e-07 0.056983
1.230 3.98e-07 0.056083
0.250 2.51e-07 0.003585
0.270 2.51e-07 0.00436
0.290 2.51e-07 0.005513
0.310 2.51e-07 0.005975
0.330 2.51e-07 0.006849
0.350 2.51e-07 0.007864
0.370 2.51e-07 0.008894
0.390 2.51e-07 0.009938
0.410 2.51e-07 0.011177
0.430 2.51e-07 0.012385
0.450 2.51e-07 0.01369
0.470 2.51e-07 0.015142
0.490 2.51e-07 0.016699
0.510 2.51e-07 0.018307
0.530 2.51e-07 0.020248
0.550 2.51e-07 0.022489
0.570 2.51e-07 0.024664
0.590 2.51e-07 0.027686
0.610 2.51e-07 0.031157
0.630 2.51e-07 0.035255
0.650 2.51e-07 0.040197
0.670 2.51e-07 0.045612
0.690 2.51e-07 0.051632
0.710 2.51e-07 0.057374
0.730 2.51e-07 0.061023
0.750 2.51e-07 0.062428
0.770 2.51e-07 0.062207
0.790 2.51e-07 0.062233
0.810 2.51e-07 0.061221
0.830 2.51e-07 0.05898
0.850 2.51e-07 0.056474
0.870 2.51e-07 0.054226
0.890 2.51e-07 0.052201
0.910 2.51e-07 0.050967
0.930 2.51e-07 0.049735
0.950 2.51e-07 0.049445
0.970 2.51e-07 0.049312
0.990 2.51e-07 0.049732
1.010 2.51e-07 0.05874
1.030 2.51e-07 0.061238
1.050 2.51e-07 0.054177
1.070 2.51e-07 0.053267
1.090 2.51e-07 0.05349
1.110 2.51e-07 0.053797
1.130 2.51e-07 0.054378
1.150 2.51e-07 0.055178
1.170 2.51e-07 0.055573
1.190 2.51e-07 0.056209
1.210 2.51e-07 0.057254
1.230 2.51e-07 0.057945
0.250 1.58e-07 0.001447
0.270 1.58e-07 0.001765
0.290 1.58e-07 0.002242
0.310 1.58e-07 0.002435
0.330 1.58e-07 0.002801
0.350 1.58e-07 0.00323
0.370 1.58e-07 0.003669
0.390 1.58e-07 0.004118
0.410 1.58e-07 0.004657
0.430 1.58e-07 0.005188
0.450 1.58e-07 0.005769
0.470 1.58e-07 0.006425
0.490 1.58e-07 0.007139
0.510 1.58e-07 0.007888
0.530 1.58e-07 0.00881
0.550 1.58e-07 0.009904
0.570 1.58e-07 0.010988
0.590 1.58e-07 0.012551
0.610 1.58e-07 0.014427
0.630 1.58e-07 0.016776
0.650 1.58e-07 0.019841
0.670 1.58e-07 0.023593
0.690 1.58e-07 0.028529
0.710 1.58e-07 0.034627
0.730 1.58e-07 0.040618
0.750 1.58e-07 0.045768
0.770 1.58e-07 0.050315
0.790 1.58e-07 0.050069
0.810 1.58e-07 0.041489
0.830 1.58e-07 0.037198
0.850 1.58e-07 0.033791
0.870 1.58e-07 0.031263
0.890 1.58e-07 0.029246
0.910 1.58e-07 0.028134
0.930 1.58e-07 0.027078
0.950 1.58e-07 0.026836
0.970 1.58e-07 0.026744
0.990 1.58e-07 0.027122
1.010 1.58e-07 0.037298
1.030 1.58e-07 0.04295
1.050 1.58e-07 0.031431
1.070 1.58e-07 0.030529
1.090 1.58e-07 0.030748
1.110 1.58e-07 0.031066
1.130 1.58e-07 0.031753
1.150 1.58e-07 0.032661
1.170 1.58e-07 0.033162
1.190 1.58e-07 0.033961
1.210 1.58e-07 0.035415
1.230 1.58e-07 0.036443
0.250 1.00e-07 0.000579
0.270 1.00e-07 0.000707
0.290 1.00e-07 0.0009
0.310 1.00e-07 0.000978
0.330 1.00e-07 0.001127
0.350 1.00e-07 0.001302
0.370 1.00e-07 0.001482
0.390 1.00e-07 0.001666
0.410 1.00e-07 0.001888
0.430 1.00e-07 0.002108
0.450 1.00e-07 0.00235
0.470 1.00e-07 0.002624
0.490 1.00e-07 0.002924
0.510 1.00e-07 0.003242
0.530 1.00e-07 0.003635
0.550 1.00e-07 0.004106
0.570 1.00e-07 0.004578
0.590 1.00e-07 0.005266
0.610 1.00e-07 0.006106
0.630 1.00e-07 0.007181
0.650 1.00e-07 0.008624
0.670 1.00e-07 0.01046
0.690 1.00e-07 0.013013
0.710 1.00e-07 0.016423
0.730 1.00e-07 0.020144
0.750 1.00e-07 0.023768
0.770 1.00e-07 0.027437
0.790 1.00e-07 0.02723
0.810 1.00e-07 0.020761
0.830 1.00e-07 0.018005
0.850 1.00e-07 0.015972
0.870 1.00e-07 0.014534
0.890 1.00e-07 0.013427
0.910 1.00e-07 0.012833
0.930 1.00e-07 0.012278
0.950 1.00e-07 0.012151
0.970 1.00e-07 0.012107
0.990 1.00e-07 0.012308
1.010 1.00e-07 0.018124
1.030 1.00e-07 0.02188
1.050 1.00e-07 0.014659
1.070 1.00e-07 0.014164
1.090 1.00e-07 0.014284
1.110 1.00e-07 0.014462
1.130 1.00e-07 0.014856
1.150 1.00e-07 0.015375
1.170 1.00e-07 0.015669
1.190 1.00e-07 0.016138
1.210 1.00e-07 0.017013
1.230 1.00e-07 0.017642
0.250 6.30e-08 0.000231
0.270 6.30e-08 0.000282
0.290 6.30e-08 0.00036
0.310 6.30e-08 0.000391
0.330 6.30e-08 0.000451
0.350 6.30e-08 0.000521
0.370 6.30e-08 0.000593
0.390 6.30e-08 0.000667
0.410 6.30e-08 0.000757
0.430 6.30e-08 0.000846
0.450 6.30e-08 0.000944
0.470 6.30e-08 0.001055
0.490 6.30e-08 0.001178
0.510 6.30e-08 0.001307
0.530 6.30e-08 0.001468
0.550 6.30e-08 0.001662
0.570 6.30e-08 0.001856
0.590 6.30e-08 0.002141
0.610 6.30e-08 0.002491
0.630 6.30e-08 0.002943
0.650 6.30e-08 0.003557
0.670 6.30e-08 0.004349
0.690 6.30e-08 0.005474
0.710 6.30e-08 0.00702
0.730 6.30e-08 0.008774
0.750 6.30e-08 0.010556
0.770 6.30e-08 0.012446
0.790 6.30e-08 0.012338
0.810 6.30e-08 0.009077
0.830 6.30e-08 0.007763
0.850 6.30e-08 0.006818
0.870 6.30e-08 0.006162
0.890 6.30e-08 0.005663
0.910 6.30e-08 0.005398
0.930 6.30e-08 0.005152
0.950 6.30e-08 0.005096
0.970 6.30e-08 0.005077
0.990 6.30e-08 0.005167
1.010 6.30e-08 0.007828
1.030 6.30e-08 0.009642
1.050 6.30e-08 0.006224
1.070 6.30e-08 0.006001
1.090 6.30e-08 0.006055
1.110 6.30e-08 0.006136
1.130 6.30e-08 0.006316
1.150 6.30e-08 0.006553
1.170 6.30e-08 0.006689
1.190 6.30e-08 0.006906
1.210 6.30e-08 0.007314
1.230 6.30e-08 0.007608
0.250 4.00e-08 9.2e-05
0.270 4.00e-08 0.000113
0.290 4.00e-08 0.000143
0.310 4.00e-08 0.000156
0.330 4.00e-08 0.00018
0.350 4.00e-08 0.000208
0.370 4.00e-08 0.000237
0.390 4.00e-08 0.000266
0.410 4.00e-08 0.000302
0.430 4.00e-08 0.000338
0.450 4.00e-08 0.000377
0.470 4.00e-08 0.000422
0.490 4.00e-08 0.000471
0.510 4.00e-08 0.000523
0.530 4.00e-08 0.000588
0.550 4.00e-08 0.000666
0.570 4.00e-08 0.000744
0.590 4.00e-08 0.000859
0.610 4.00e-08 0.001002
0.630 4.00e-08 0.001185
0.650 4.00e-08 0.001436
0.670 4.00e-08 0.001762
0.690 4.00e-08 0.002228
0.710 4.00e-08 0.002876
0.730 4.00e-08 0.003621
0.750 4.00e-08 0.004392
0.770 4.00e-08 0.005223
0.790 4.00e-08 0.005176
0.810 4.00e-08 0.003753
0.830 4.00e-08 0.003191
0.850 4.00e-08 0.002792
0.870 4.00e-08 0.002516
0.890 4.00e-08 0.002308
0.910 4.00e-08 0.002197
0.930 4.00e-08 0.002095
0.950 4.00e-08 0.002072
0.970 4.00e-08 0.002064
0.990 4.00e-08 0.002101
1.010 4.00e-08 0.00322
1.030 4.00e-08 0.003999
1.050 4.00e-08 0.002543
1.070 4.00e-08 0.002449
1.090 4.00e-08 0.002472
1.110 4.00e-08 0.002506
1.130 4.00e-08 0.002582
1.150 4.00e-08 0.002681
1.170 4.00e-08 0.002739
1.190 4.00e-08 0.00283
1.210 4.00e-08 0.003003
1.230 4.00e-08 0.003128
0.250 1.00e-04 0.0
0.270 1.00e-04 0.0
0.290 1.00e-04 0.0
0.310 1.00e-04 0.0
0.330 1.00e-04 0.0
0.350 1.00e-04 0.0
0.370 1.00e-04 0.0
0.390 1.00e-04 0.0
0.410 1.00e-04 0.0
0.430 1.00e-04 0.0
0.450 1.00e-04 0.0
0.470 1.00e-04 0.0
0.490 1.00e-04 0.0
0.510 1.00e-04 0.0
0.530 1.00e-04 0.0
0.550 1.00e-04 0.0
0.570 1.00e-04 0.0
0.590 1.00e-04 0.0
0.610 1.00e-04 0.0
0.630 1.00e-04 0.0
0.650 1.00e-04 0.0
0.670 1.00e-04 0.0
0.690 1.00e-04 0.0
0.710 1.00e-04 0.0
0.730 1.00e-04 0.0
0.750 1.00e-04 0.0
0.770 1.00e-04 0.0
0.790 1.00e-04 0.0
0.810 1.00e-04 0.0
0.830 1.00e-04 0.0
0.850 1.00e-04 0.0
0.870 1.00e-04 0.0
0.890 1.00e-04 0.0
0.910 1.00e-04 0.0
0.930 1.00e-04 0.0
0.950 1.00e-04 0.0
0.970 1.00e-04 0.0
0.990 1.00e-04 0.0
1.010 1.00e-04 0.0
1.030 1.00e-04 0.0
1.050 1.00e-04 0.0
1.070 1.00e-04 0.0
1.090 1.00e-04 0.0
1.110 1.00e-04 0.0
1.130 1.00e-04 0.0
1.150 1.00e-04 0.0
1.170 1.00e-04 0.0
1.190 1.00e-04 0.0
1.210 1.00e-04 0.0
1.230 1.00e-04 0.0
0.250 6.31e-05 0.0
0.270 6.31e-05 0.0
0.290 6.31e-05 0.0
0.310 6.31e-05 0.0
0.330 6.31e-05 0.0
0.350 6.31e-05 0.0
0.370 6.31e-05 0.0
0.390 6.31e-05 0.0
0.410 6.31e-05 0.0
0.430 6.31e-05 0.0
0.450 6.31e-05 0.0
0.470 6.31e-05 0.0
0.490 6.31e-05 0.0
0.510 6.31e-05 0.0
0.530 6.31e-05 0.0
0.550 6.31e-05 0.0
0.570 6.31e-05 0.0
0.590 6.31e-05 0.0
0.610 6.31e-05 0.0
0.630 6.31e-05 0.0
0.650 6.31e-05 0.0
0.670 6.31e-05 0.0
0.690 6.31e-05 0.0
0.710 6.31e-05 0.0
0.730 6.31e-05 0.0
0.750 6.31e-05 0.0
0.770 6.31e-05 0.0
0.790 6.31e-05 0.0
0.810 6.31e-05 0.0
0.830 6.31e-05 0.0
0.850 6.31e-05 0.0
0.870 6.31e-05 0.0
0.890 6.31e-05 0.0
0.910 6.31e-05 0.0
0.930 6.31e-05 0.0
0.950 6.31e-05 0.0
0.970 6.31e-05 0.0
0.990 6.31e-05 0.0
1.010 6.31e-05 0.0
1.030 6.31e-05 0.0
1.050 6.31e-05 0.0
1.070 6.31e-05 0.0
1.090 6.31e-05 0.0
1.110 6.31e-05 0.0
1.130 6.31e-05 0.0
1.150 6.31e-05 0.0
1.170 6.31e-05 0.0
1.190 6.31e-05 0.0
1.210 6.31e-05 0.0
1.230 6.31e-05 0.0
0.250 3.98e-05 0.0
0.270 3.98e-05 0.0
0.290 3.98e-05 0.0
0.310 3.98e-05 0.0
0.330 3.98e-05 0.0
0.350 3.98e-05 0.0
0.370 3.98e-05 0.0
0.390 3.98e-05 0.0
0.410 3.98e-05 0.0
0.430 3.98e-05 0.0
0.450 3.98e-05 0.0
0.470 3.98e-05 0.0
0.490 3.98e-05 0.0
0.510 3.98e-05 0.0
0.530 3.98e-05 0.0
0.550 3.98e-05 0.0
0.570 3.98e-05 0.0
0.590 3.98e-05 0.0
0.610 3.98e-05 0.0
0.630 3.98e-05 0.0
0.650 3.98e-05 0.0
0.670 3.98e-05 0.0
0.690 3.98e-05 0.0
0.710 3.98e-05 0.0
0.730 3.98e-05 0.0
0.750 3.98e-05 0.0
0.770 3.98e-05 0.0
0.790 3.98e-05 0.0
0.810 3.98e-05 0.0
0.830 3.98e-05 0.0
0.850 3.98e-05 0.0
0.870 3.98e-05 0.0
0.890 3.98e-05 0.0
0.910 3.98e-05 0.0
0.930 3.98e-05 0.0
0.950 3.98e-05 0.0
0.970 3.98e-05 0.0
0.990 3.98e-05 0.0
1.010 3.98e-05 0.0
1.030 3.98e-05 0.0
1.050 3.98e-05 0.0
1.070 3.98e-05 0.0
1.090 3.98e-05 0.0
1.110 3.98e-05 0.0
1.130 3.98e-05 0.0
1.150 3.98e-05 0.0
1.170 3.98e-05 0.0
1.190 3.98e-05 0.0
1.210 3.98e-05 0.0
1.230 3.98e-05 0.0
0.250 2.51e-05 0.0
0.270 2.51e-05 0.0
0.290 2.51e-05 0.0
0.310 2.51e-05 0.0
0.330 2.51e-05 0.0
0.350 2.51e-05 0.0
0.370 2.51e-05 0.0
0.390 2.51e-05 0.0
0.410 2.51e-05 0.0
0.430 2.51e-05 0.0
0.450 2.51e-05 0.0
0.470 2.51e-05 0.0
0.490 2.51e-05 0.0
0.510 2.51e-05 0.0
0.530 2.51e-05 0.0
0.550 2.51e-05 0.0
0.570 2.51e-05 0.0
0.590 2.51e-05 0.0
0.610 2.51e-05 0.0
0.630 2.51e-05 0.0
0.650 2.51e-05 0.0
0.670 2.51e-05 0.0
0.690 2.51e-05 0.0
0.710 2.51e-05 0.0
0.730 2.51e-05 0.0
0.750 2.51e-05 0.0
0.770 2.51e-05 0.0
0.790 2.51e-05 0.0
0.810 2.51e-05 0.0
0.830 2.51e-05 0.0
0.850 2.51e-05 0.0
0.870 2.51e-05 0.0
0.890 2.51e-05 0.0
0.910 2.51e-05 0.0
0.930 2.51e-05 0.0
0.950 2.51e-05 0.0
0.970 2.51e-05 0.0
0.990 2.51e-05 0.0
1.010 2.51e-05 0.0
1.030 2.51e-05 0.0
1.050 2.51e-05 0.0
1.070 2.51e-05 0.0
1.090 2.51e-05 0.0
1.110 2.51e-05 0.0
1.130 2.51e-05 0.0
1.150 2.51e-05 0.0
1.170 2.51e-05 0.0
1.190 2.51e-05 0.0
1.210 2.51e-05 0.0
1.230 2.51e-05 0.0
0.250 1.58e-05 0.0
0.270 1.58e-05 0.0
0.290 1.58e-05 0.0
0.310 1.58e-05 0.0
0.330 1.58e-05 0.0
0.350 1.58e-05 0.0
0.370 1.58e-05 0.0
0.390 1.58e-05 0.0
0.410 1.58e-05 0.0
0.430 1.58e-05 0.0
0.450 1.58e-05 0.0
0.470 1.58e-05 0.0
0.490 1.58e-05 0.0
0.510 1.58e-05 0.0
0.530 1.58e-05 0.0
0.550 1.58e-05 0.0
0.570 1.58e-05 0.0
0.590 1.58e-05 0.0
0.610 1.58e-05 0.0
0.630 1.58e-05 0.0
0.650 1.58e-05 0.0
0.670 1.58e-05 0.0
0.690 1.58e-05 0.0
0.710 1.58e-05 0.0
0.730 1.58e-05 0.0
0.750 1.58e-05 0.0
0.770 1.58e-05 0.0
0.790 1.58e-05 0.0
0.810 1.58e-05 0.0
0.830 1.58e-05 0.0
0.850 1.58e-05 0.0
0.870 1.58e-05 0.0
0.890 1.58e-05 0.0
0.910 1.58e-05 0.0
0.930 1.58e-05 0.0
0.950 1.58e-05 0.0
0.970 1.58e-05 0.0
0.990 1.58e-05 0.0
1.010 1.58e-05 0.0
1.030 1.58e-05 0.0
1.050 1.58e-05 0.0
1.070 1.58e-05 0.0
1.090 1.58e-05 0.0
1.110 1.58e-05 0.0
1.130 1.58e-05 0.0
1.150 1.58e-05 0.0
1.170 1.58e-05 0.0
1.190 1.58e-05 0.0
1.210 1.58e-05 0.0
1.230 1.58e-05 0.0
0.250 1.00e-05 6.9e-05
0.270 1.00e-05 1.8e-05
0.290 1.00e-05 2e-06
0.310 1.00e-05 1e-06
0.330 1.00e-05 0.0
0.350 1.00e-05 0.0
0.370 1.00e-05 0.0
0.390 1.00e-05 0.0
0.410 1.00e-05 0.0
0.430 1.00e-05 0.0
0.450 1.00e-05 0.0
0.470 1.00e-05 0.0
0.490 1.00e-05 0.0
0.510 1.00e-05 0.0
0.530 1.00e-05 0.0
0.550 1.00e-05 0.0
0.570 1.00e-05 0.0
0.590 1.00e-05 0.0
0.610 1.00e-05 0.0
0.630 1.00e-05 0.0
0.650 1.00e-05 0.0
0.670 1.00e-05 0.0
0.690 1.00e-05 0.0
0.710 1.00e-05 0.0
0.730 1.00e-05 0.0
0.750 1.00e-05 0.0
0.770 1.00e-05 0.0
0.790 1.00e-05 0.0
0.810 1.00e-05 0.0
0.830 1.00e-05 0.0
0.850 1.00e-05 0.0
0.870 1.00e-05 0.0
0.890 1.00e-05 0.0
0.910 1.00e-05 0.0
0.930 1.00e-05 0.0
0.950 1.00e-05 0.0
0.970 1.00e-05 0.0
0.990 1.00e-05 0.0
1.010 1.00e-05 0.0
1.030 1.00e-05 0.0
1.050 1.00e-05 0.0
1.070 1.00e-05 0.0
1.090 1.00e-05 0.0
1.110 1.00e-05 0.0
1.130 1.00e-05 0.0
1.150 1.00e-05 0.0
1.170 1.00e-05 0.0
1.190 1.00e-05 0.0
1.210 1.00e-05 0.0
1.230 1.00e-05 0.0
0.250 6.31e-06 0.003264
0.270 6.31e-06 0.001828
0.290 6.31e-06 0.000755
0.310 6.31e-06 0.000536
0.330 6.31e-06 0.000276
0.350 6.31e-06 0.000128
0.370 6.31e-06 5.7e-05
0.390 6.31e-06 2.5e-05
0.410 6.31e-06 9e-06
0.430 6.31e-06 3e-06
0.450 6.31e-06 1e-06
0.470 6.31e-06 0.0
0.490 6.31e-06 0.0
0.510 6.31e-06 0.0
0.530 6.31e-06 0.0
0.550 6.31e-06 0.0
0.570 6.31e-06 0.0
0.590 6.31e-06 0.0
0.610 6.31e-06 0.0
0.630 6.31e-06 0.0
0.650 6.31e-06 0.0
0.670 6.31e-06 0.0
0.690 6.31e-06 0.0
0.710 6.31e-06 0.0
0.730 6.31e-06 0.0
0.750 6.31e-06 0.0
0.770 6.31e-06 0.0
0.790 6.31e-06 0.0
0.810 6.31e-06 0.0
0.830 6.31e-06 0.0
0.850 6.31e-06 0.0
0.870 6.31e-06 0.0
0.890 6.31e-06 0.0
0.910 6.31e-06 0.0
0.930 6.31e-06 0.0
0.950 6.31e-06 0.0
0.970 6.31e-06 0.0
0.990 6.31e-06 0.0
1.010 6.31e-06 0.0
1.030 6.31e-06 0.0
1.050 6.31e-06 0.0
1.070 6.31e-06 0.0
1.090 6.31e-06 0.0
1.110 6.31e-06 0.0
1.130 6.31e-06 0.0
1.150 6.31e-06 0.0
1.170 6.31e-06 0.0
1.190 6.31e-06 0.0
1.210 6.31e-06 0.0
1.230 6.31e-06 0.0
0.250 3.98e-06 0.020539
0.270 3.98e-06 0.015192
0.290 3.98e-06 0.009899
0.310 3.98e-06 0.008441
0.330 3.98e-06 0.006253
0.350 3.98e-06 0.004444
0.370 3.98e-06 0.003136
0.390 3.98e-06 0.002216
0.410 3.98e-06 0.001457
0.430 3.98e-06 0.000952
0.450 3.98e-06 0.000606
0.470 3.98e-06 0.000365
0.490 3.98e-06 0.000207
0.510 3.98e-06 0.000117
0.530 3.98e-06 5.7e-05
0.550 3.98e-06 2.3e-05
0.570 3.98e-06 9e-06
0.590 3.98e-06 3e-06
0.610 3.98e-06 0.0
0.630 3.98e-06 0.0
0.650 3.98e-06 0.0
0.670 3.98e-06 0.0
0.690 3.98e-06 0.0
0.710 3.98e-06 0.0
0.730 3.98e-06 0.0
0.750 3.98e-06 0.0
0.770 3.98e-06 0.0
0.790 3.98e-06 0.0
0.810 3.98e-06 0.0
0.830 3.98e-06 0.0
0.850 3.98e-06 0.0
0.870 3.98e-06 0.0
0.890 3.98e-06 0.0
0.910 3.98e-06 0.0
0.930 3.98e-06 0.0
0.950 3.98e-06 0.0
0.970 3.98e-06 0.0
0.990 3.98e-06 0.0
1.010 3.98e-06 0.0
1.030 3.98e-06 0.0
1.050 3.98e-06 0.0
1.070 3.98e-06 0.0
1.090 3.98e-06 0.0
1.110 3.98e-06 0.0
1.130 3.98e-06 0.0
1.150 3.98e-06 0.0
1.170 3.98e-06 0.0
1.190 3.98e-06 0.0
1.210 3.98e-06 0.0
1.230 3.98e-06 0.0
0.250 2.51e-06 0.052993
0.270 2.51e-06 0.04609
0.290 2.51e-06 0.037101
0.310 2.51e-06 0.034034
0.330 2.51e-06 0.029021
0.350 2.51e-06 0.024263
0.370 2.51e-06 0.020309
0.390 2.51e-06 0.017072
0.410 2.51e-06 0.013929
0.430 2.51e-06 0.011481
0.450 2.51e-06 0.009342
0.470 2.51e-06 0.007424
0.490 2.51e-06 0.005831
0.510 2.51e-06 0.004535
0.530 2.51e-06 0.003317
0.550 2.51e-06 0.002291
0.570 2.51e-06 0.001543
0.590 2.51e-06 0.000907
0.610 2.51e-06 0.000459
0.630 2.51e-06 0.000196
0.650 2.51e-06 5.9e-05
0.670 2.51e-06 1.3e-05
0.690 2.51e-06 2e-06
0.710 2.51e-06 0.0
0.730 2.51e-06 nan
0.750 2.51e-06 nan
0.770 2.51e-06 0.0
0.790 2.51e-06 0.0
0.810 2.51e-06 0.0
0.830 2.51e-06 0.0
0.850 2.51e-06 0.0
0.870 2.51e-06 0.0
0.890 2.51e-06 1e-06
0.910 2.51e-06 1e-06
0.930 2.51e-06 2e-06
0.950 2.51e-06 3e-06
0.970 2.51e-06 3e-06
0.990 2.51e-06 2e-06
1.010 2.51e-06 0.0
1.030 2.51e-06 0.0
1.050 2.51e-06 0.0
1.070 2.51e-06 0.0
1.090 2.51e-06 0.0
1.110 2.51e-06 0.0
1.130 2.51e-06 0.0
1.150 2.51e-06 0.0
1.170 2.51e-06 0.0
1.190 2.51e-06 0.0
1.210 2.51e-06 0.0
1.230 2.51e-06 0.0
0.250 1.59e-06 0.062146
0.270 1.59e-06 0.063703
0.290 1.59e-06 0.063031
0.310 1.59e-06 0.062032
0.330 1.59e-06 0.059538
0.350 1.59e-06 0.056021
0.370 1.59e-06 0.0522
0.390 1.59e-06 0.048275
0.410 1.59e-06 0.043831
0.430 1.59e-06 0.039816
0.450 1.59e-06 0.035855
0.470 1.59e-06 0.031868
0.490 1.59e-06 0.028124
0.510 1.59e-06 0.024743
0.530 1.59e-06 0.021171
0.550 1.59e-06 0.017819
0.570 1.59e-06 0.014829
0.590 1.59e-06 0.011578
0.610 1.59e-06 0.008575
0.630 1.59e-06 0.005918
0.650 1.59e-06 0.003537
0.670 1.59e-06 0.001856
0.690 1.59e-06 0.000762
0.710 1.59e-06 0.000217
0.730 1.59e-06 nan
0.750 1.59e-06 1.2e-05
0.770 1.59e-06 2e-06
0.790 1.59e-06 2e-06
0.810 1.59e-06 3.8e-05
0.830 1.59e-06 0.000114
0.850 1.59e-06 0.000252
0.870 1.59e-06 0.000423
0.890 1.59e-06 0.000634
0.910 1.59e-06 0.000799
0.930 1.59e-06 0.000986
0.950 1.59e-06 0.001029
0.970 1.59e-06 0.001042
0.990 1.59e-06 0.000953
1.010 1.59e-06 0.000102
1.030 1.59e-06 2.1e-05
1.050 1.59e-06 0.000397
1.070 1.59e-06 0.000478
1.090 1.59e-06 0.000446
1.110 1.59e-06 0.000411
1.130 1.59e-06 0.000362
1.150 1.59e-06 0.000295
1.170 1.59e-06 0.000263
1.190 1.59e-06 0.000214
1.210 1.59e-06 0.00015
1.230 1.59e-06 0.000118
0.250 1.00e-06 0.040818
0.270 1.00e-06 0.046194
0.290 1.00e-06 0.052534
0.310 1.00e-06 0.054544
0.330 1.00e-06 0.057664
0.350 1.00e-06 0.060295
0.370 1.00e-06 0.062084
0.390 1.00e-06 0.063093
0.410 1.00e-06 0.063467
0.430 1.00e-06 0.063119
0.450 1.00e-06 0.062139
0.470 1.00e-06 0.060535
0.490 1.00e-06 0.058339
0.510 1.00e-06 0.055759
0.530 1.00e-06 0.052443
0.550 1.00e-06 0.048492
0.570 1.00e-06 0.04473
0.590 1.00e-06 0.039619
0.610 1.00e-06 0.034204
0.630 1.00e-06 0.028423
0.650 1.00e-06 0.022273
0.670 1.00e-06 0.016447
0.690 1.00e-06 0.010963
0.710 1.00e-06 0.006294
0.730 1.00e-06 0.003402
0.750 1.00e-06 0.001825
0.770 1.00e-06 0.000923
0.790 1.00e-06 0.000971
0.810 1.00e-06 0.003083
0.830 1.00e-06 0.004943
0.850 1.00e-06 0.006963
0.870 1.00e-06 0.008762
0.890 1.00e-06 0.010507
0.910 1.00e-06 0.011652
0.930 1.00e-06 0.012824
0.950 1.00e-06 0.013111
0.970 1.00e-06 0.013252
0.990 1.00e-06 0.012821
1.010 1.00e-06 0.004959
1.030 1.00e-06 0.002582
1.050 1.00e-06 0.008836
1.070 1.00e-06 0.00964
1.090 1.00e-06 0.009393
1.110 1.00e-06 0.009081
1.130 1.00e-06 0.008639
1.150 1.00e-06 0.007931
1.170 1.00e-06 0.007568
1.190 1.00e-06 0.007
1.210 1.00e-06 0.006052
1.230 1.00e-06 0.005481
0.250 6.31e-07 0.020061
0.270 6.31e-07 0.023755
0.290 6.31e-07 0.02887
0.310 6.31e-07 0.030787
0.330 6.31e-07 0.034218
0.350 6.31e-07 0.037898
0.370 6.31e-07 0.041322
0.390 6.31e-07 0.044473
0.410 6.31e-07 0.047824
0.430 6.31e-07 0.050694
0.450 6.31e-07 0.053383
0.470 6.31e-07 0.055941
0.490 6.31e-07 0.058162
0.510 6.31e-07 0.05996
0.530 6.31e-07 0.061552
0.550 6.31e-07 0.06253
0.570 6.31e-07 0.063013
0.590 6.31e-07 0.062587
0.610 6.31e-07 0.061033
0.630 6.31e-07 0.057974
0.650 6.31e-07 0.053137
0.670 6.31e-07 0.046677
0.690 6.31e-07 0.03843
0.710 6.31e-07 0.029414
0.730 6.31e-07 0.021953
0.750 6.31e-07 0.016463
0.770 6.31e-07 0.012153
0.790 6.31e-07 0.012397
0.810 6.31e-07 0.021122
0.830 6.31e-07 0.02634
0.850 6.31e-07 0.030908
0.870 6.31e-07 0.034582
0.890 6.31e-07 0.037639
0.910 6.31e-07 0.039398
0.930 6.31e-07 0.041112
0.950 6.31e-07 0.041505
0.970 6.31e-07 0.041692
0.990 6.31e-07 0.041152
1.010 6.31e-07 0.026604
1.030 6.31e-07 0.019938
1.050 6.31e-07 0.034633
1.070 6.31e-07 0.036037
1.090 6.31e-07 0.035721
1.110 6.31e-07 0.035271
1.130 6.31e-07 0.034317
1.150 6.31e-07 0.033022
1.170 6.31e-07 0.032364
1.190 6.31e-07 0.031282
1.210 6.31e-07 0.029386
1.230 6.31e-07 0.028037
0.250 3.98e-07 0.008701
0.270 3.98e-07 0.0105
0.290 3.98e-07 0.013125
0.310 3.98e-07 0.014159
0.330 3.98e-07 0.016084
0.350 3.98e-07 0.018274
0.370 3.98e-07 0.020447
0.390 3.98e-07 0.022595
0.410 3.98e-07 0.025075
0.430 3.98e-07 0.027418
0.450 3.98e-07 0.029867
0.470 3.98e-07 0.032498
0.490 3.98e-07 0.035198
0.510 3.98e-07 0.03786
0.530 3.98e-07 0.040908
0.550 3.98e-07 0.044157
0.570 3.98e-07 0.047127
0.590 3.98e-07 0.050806
0.610 3.98e-07 0.054459
0.630 3.98e-07 0.057946
0.650 3.98e-07 0.060968
0.670 3.98e-07 0.06263
0.690 3.98e-07 0.062053
0.710 3.98e-07 0.058412
0.730 3.98e-07 0.052561
0.750 3.98e-07 0.046396
0.770 3.98e-07 0.040323
0.790 3.98e-07 0.040647
0.810 3.98e-07 0.051512
0.830 3.98e-07 0.055908
0.850 3.98e-07 0.058743
0.870 3.98e-07 0.060426
0.890 3.98e-07 0.061407
0.910 3.98e-07 0.061724
0.930 3.98e-07 0.061912
0.950 3.98e-07 0.061942
0.970 3.98e-07 0.061904
0.990 3.98e-07 0.06181
1.010 3.98e-07 0.055545
1.030 3.98e-07 0.04963
1.050 3.98e-07 0.059979
1.070 3.98e-07 0.060377
1.090 3.98e-07 0.060318
1.110 3.98e-07 0.060173
1.130 3.98e-07 0.059651
1.150 3.98e-07 0.059091
1.170 3.98e-07 0.058723
1.190 3.98e-07 0.058147
1.210 3.98e-07 0.056983
1.230 3.98e-07 0.056083
0.250 2.51e-07 0.003585
0.270 2.51e-07 0.00436
0.290 2.51e-07 0.005513
0.310 2.51e-07 0.005975
0.330 2.51e-07 0.006849
0.350 2.51e-07 0.007864
0.370 2.51e-07 0.008894
0.390 2.51e-07 0.009938
0.410 2.51e-07 0.011177
0.430 2.51e-07 0.012385
0.450 2.51e-07 0.01369
0.470 2.51e-07 0.015142
0.490 2.51e-07 0.016699
0.510 2.51e-07 0.018307
0.530 2.51e-07 0.020248
0.550 2.51e-07 0.022489
0.570 2.51e-07 0.024664
0.590 2.51e-07 0.027686
0.610 2.51e-07 0.031157
0.630 2.51e-07 0.035255
0.650 2.51e-07 0.040197
0.670 2.51e-07 0.045612
0.690 2.51e-07 0.051632
0.710 2.51e-07 0.057374
0.730 2.51e-07 0.061023
0.750 2.51e-07 0.062428
0.770 2.51e-07 0.062207
0.790 2.51e-07 0.062233
0.810 2.51e-07 0.061221
0.830 2.51e-07 0.05898
0.850 2.51e-07 0.056474
0.870 2.51e-07 0.054226
0.890 2.51e-07 0.052201
0.910 2.51e-07 0.050967
0.930 2.51e-07 0.049735
0.950 2.51e-07 0.049445
0.970 2.51e-07 0.049312
0.990 2.51e-07 0.049732
1.010 2.51e-07 0.05874
1.030 2.51e-07 0.061238
1.050 2.51e-07 0.054177
1.070 2.51e-07 0.053267
1.090 2.51e-07 0.05349
1.110 2.51e-07 0.053797
1.130 2.51e-07 0.054378
1.150 2.51e-07 0.055178
1.170 2.51e-07 0.055573
1.190 2.51e-07 0.056209
1.210 2.51e-07 0.057254
1.230 2.51e-07 0.057945
0.250 1.58e-07 0.001447
0.270 1.58e-07 0.001765
0.290 1.58e-07 0.002242
0.310 1.58e-07 0.002435
0.330 1.58e-07 0.002801
0.350 1.58e-07 0.00323
0.370 1.58e-07 0.003669
0.390 1.58e-07 0.004118
0.410 1.58e-07 0.004657
0.430 1.58e-07 0.005188
0.450 1.58e-07 0.005769
0.470 1.58e-07 0.006425
0.490 1.58e-07 0.007139
0.510 1.58e-07 0.007888
0.530 1.58e-07 0.00881
0.550 1.58e-07 0.009904
0.570 1.58e-07 0.010988
0.590 1.58e-07 0.012551
0.610 1.58e-07 0.014427
0.630 1.58e-07 0.016776
0.650 1.58e-07 0.019841
0.670 1.58e-07 0.023593
0.690 1.58e-07 0.028529
0.710 1.58e-07 0.034627
0.730 1.58e-07 0.040618
0.750 1.58e-07 0.045768
0.770 1.58e-07 0.050315
0.790 1.58e-07 0.050069
0.810 1.58e-07 0.041489
0.830 1.58e-07 0.037198
0.850 1.58e-07 0.033791
0.870 1.58e-07 0.031263
0.890 1.58e-07 0.029246
0.910 1.58e-07 0.028134
0.930 1.58e-07 0.027078
0.950 1.58e-07 0.026836
0.970 1.58e-07 0.026744
0.990 1.58e-07 0.027122
1.010 1.58e-07 0.037298
1.030 1.58e-07 0.04295
1.050 1.58e-07 0.031431
1.070 1.58e-07 0.030529
1.090 1.58e-07 0.030748
1.110 1.58e-07 0.031066
1.130 1.58e-07 0.031753
1.150 1.58e-07 0.032661
1.170 1.58e-07 0.033162
1.190 1.58e-07 0.033961
1.210 1.58e-07 0.035415
1.230 1.58e-07 0.036443
0.250 1.00e-07 0.000579
0.270 1.00e-07 0.000707
0.290 1.00e-07 0.0009
0.310 1.00e-07 0.000978
0.330 1.00e-07 0.001127
0.350 1.00e-07 0.001302
0.370 1.00e-07 0.001482
0.390 1.00e-07 0.001666
0.410 1.00e-07 0.001888
0.430 1.00e-07 0.002108
0.450 1.00e-07 0.00235
0.470 1.00e-07 0.002624
0.490 1.00e-07 0.002924
0.510 1.00e-07 0.003242
0.530 1.00e-07 0.003635
0.550 1.00e-07 0.004106
0.570 1.00e-07 0.004578
0.590 1.00e-07 0.005266
0.610 1.00e-07 0.006106
0.630 1.00e-07 0.007181
0.650 1.00e-07 0.008624
0.670 1.00e-07 0.01046
0.690 1.00e-07 0.013013
0.710 1.00e-07 0.016423
0.730 1.00e-07 0.020144
0.750 1.00e-07 0.023768
0.770 1.00e-07 0.027437
0.790 1.00e-07 0.02723
0.810 1.00e-07 0.020761
0.830 1.00e-07 0.018005
0.850 1.00e-07 0.015972
0.870 1.00e-07 0.014534
0.890 1.00e-07 0.013427
0.910 1.00e-07 0.012833
0.930 1.00e-07 0.012278
0.950 1.00e-07 0.012151
0.970 1.00e-07 0.012107
0.990 1.00e-07 0.012308
1.010 1.00e-07 0.018124
1.030 1.00e-07 0.02188
1.050 1.00e-07 0.014659
1.070 1.00e-07 0.014164
1.090 1.00e-07 0.014284
1.110 1.00e-07 0.014462
1.130 1.00e-07 0.014856
1.150 1.00e-07 0.015375
1.170 1.00e-07 0.015669
1.190 1.00e-07 0.016138
1.210 1.00e-07 0.017013
1.230 1.00e-07 0.017642
0.250 6.30e-08 0.000231
0.270 6.30e-08 0.000282
0.290 6.30e-08 0.00036
0.310 6.30e-08 0.000391
0.330 6.30e-08 0.000451
0.350 6.30e-08 0.000521
0.370 6.30e-08 0.000593
0.390 6.30e-08 0.000667
0.410 6.30e-08 0.000757
0.430 6.30e-08 0.000846
0.450 6.30e-08 0.000944
0.470 6.30e-08 0.001055
0.490 6.30e-08 0.001178
0.510 6.30e-08 0.001307
0.530 6.30e-08 0.001468
0.550 6.30e-08 0.001662
0.570 6.30e-08 0.001856
0.590 6.30e-08 0.002141
0.610 6.30e-08 0.002491
0.630 6.30e-08 0.002943
0.650 6.30e-08 0.003557
0.670 6.30e-08 0.004349
0.690 6.30e-08 0.005474
0.710 6.30e-08 0.00702
0.730 6.30e-08 0.008774
0.750 6.30e-08 0.010556
0.770 6.30e-08 0.012446
0.790 6.30e-08 0.012338
0.810 6.30e-08 0.009077
0.830 6.30e-08 0.007763
0.850 6.30e-08 0.006818
0.870 6.30e-08 0.006162
0.890 6.30e-08 0.005663
0.910 6.30e-08 0.005398
0.930 6.30e-08 0.005152
0.950 6.30e-08 0.005096
0.970 6.30e-08 0.005077
0.990 6.30e-08 0.005167
1.010 6.30e-08 0.007828
1.030 6.30e-08 0.009642
1.050 6.30e-08 0.006224
1.070 6.30e-08 0.006001
1.090 6.30e-08 0.006055
1.110 6.30e-08 0.006136
1.130 6.30e-08 0.006316
1.150 6.30e-08 0.006553
1.170 6.30e-08 0.006689
1.190 6.30e-08 0.006906
1.210 6.30e-08 0.007314
1.230 6.30e-08 0.007608
0.250 4.00e-08 9.2e-05
0.270 4.00e-08 0.000113
0.290 4.00e-08 0.000143
0.310 4.00e-08 0.000156
0.330 4.00e-08 0.00018
0.350 4.00e-08 0.000208
0.370 4.00e-08 0.000237
0.390 4.00e-08 0.000266
0.410 4.00e-08 0.000302
0.430 4.00e-08 0.000338
0.450 4.00e-08 0.000377
0.470 4.00e-08 0.000422
0.490 4.00e-08 0.000471
0.510 4.00e-08 0.000523
0.530 4.00e-08 0.000588
0.550 4.00e-08 0.000666
0.570 4.00e-08 0.000744
0.590 4.00e-08 0.000859
0.610 4.00e-08 0.001002
0.630 4.00e-08 0.001185
0.650 4.00e-08 0.001436
0.670 4.00e-08 0.001762
0.690 4.00e-08 0.002228
0.710 4.00e-08 0.002876
0.730 4.00e-08 0.003621
0.750 4.00e-08 0.004392
0.770 4.00e-08 0.005223
0.790 4.00e-08 0.005176
0.810 4.00e-08 0.003753
0.830 4.00e-08 0.003191
0.850 4.00e-08 0.002792
0.870 4.00e-08 0.002516
0.890 4.00e-08 0.002308
0.910 4.00e-08 0.002197
0.930 4.00e-08 0.002095
0.950 4.00e-08 0.002072
0.970 4.00e-08 0.002064
0.990 4.00e-08 0.002101
1.010 4.00e-08 0.00322
1.030 4.00e-08 0.003999
1.050 4.00e-08 0.002543
1.070 4.00e-08 0.002449
1.090 4.00e-08 0.002472
1.110 4.00e-08 0.002506
1.130 4.00e-08 0.002582
1.150 4.00e-08 0.002681
1.170 4.00e-08 0.002739
1.190 4.00e-08 0.00283
1.210 4.00e-08 0.003003
1.230 4.00e-08 0.003128
0.220 1.00e-09 0.0
0.250 1.00e-09 0.0
0.270 1.00e-09 0.0
0.290 1.00e-09 0.0
0.310 1.00e-09 0.0
0.330 1.00e-09 0.0
0.350 1.00e-09 0.0
0.370 1.00e-09 0.0
0.390 1.00e-09 0.0
0.410 1.00e-09 0.0
0.430 1.00e-09 0.0
0.450 1.00e-09 0.0
0.470 1.00e-09 0.0
0.490 1.00e-09 0.0
0.510 1.00e-09 0.0
0.530 1.00e-09 0.0
0.550 1.00e-09 0.0
0.570 1.00e-09 0.0
0.590 1.00e-09 1e-06
0.610 1.00e-09 1e-06
0.630 1.00e-09 1e-06
0.650 1.00e-09 1e-06
0.670 1.00e-09 1e-06
0.690 1.00e-09 1e-06
0.710 1.00e-09 2e-06
0.730 1.00e-09 2e-06
0.750 1.00e-09 3e-06
0.770 1.00e-09 3e-06
0.790 1.00e-09 3e-06
0.810 1.00e-09 2e-06
0.830 1.00e-09 2e-06
0.850 1.00e-09 2e-06
0.870 1.00e-09 2e-06
0.890 1.00e-09 1e-06
0.910 1.00e-09 1e-06
0.930 1.00e-09 1e-06
0.950 1.00e-09 1e-06
0.970 1.00e-09 1e-06
0.990 1.00e-09 1e-06
1.010 1.00e-09 2e-06
1.030 1.00e-09 3e-06
1.050 1.00e-09 2e-06
1.070 1.00e-09 2e-06
1.090 1.00e-09 2e-06
1.110 1.00e-09 2e-06
1.130 1.00e-09 2e-06
1.150 1.00e-09 2e-06
1.170 1.00e-09 2e-06
1.190 1.00e-09 2e-06
1.210 1.00e-09 2e-06
1.230 1.00e-09 2e-06
1.250 1.00e-09 2e-06
1.270 1.00e-09 2e-06
1.290 1.00e-09 2e-06
1.310 1.00e-09 2e-06
1.330 1.00e-09 3e-06
1.350 1.00e-09 3e-06
1.370 1.00e-09 3e-06
1.390 1.00e-09 3e-06
1.410 1.00e-09 3e-06
1.430 1.00e-09 3e-06
1.450 1.00e-09 4e-06
1.470 1.00e-09 4e-06
1.490 1.00e-09 4e-06
0.220 2.00e-09 0.0
0.250 2.00e-09 0.0
0.270 2.00e-09 0.0
0.290 2.00e-09 0.0
0.310 2.00e-09 0.0
0.330 2.00e-09 0.0
0.350 2.00e-09 1e-06
0.370 2.00e-09 1e-06
0.390 2.00e-09 1e-06
0.410 2.00e-09 1e-06
0.430 2.00e-09 1e-06
0.450 2.00e-09 1e-06
0.470 2.00e-09 1e-06
0.490 2.00e-09 1e-06
0.510 2.00e-09 1e-06
0.530 2.00e-09 1e-06
0.550 2.00e-09 2e-06
0.570 2.00e-09 2e-06
0.590 2.00e-09 2e-06
0.610 2.00e-09 2e-06
0.630 2.00e-09 3e-06
0.650 2.00e-09 4e-06
0.670 2.00e-09 4e-06
0.690 2.00e-09 6e-06
0.710 2.00e-09 7e-06
0.730 2.00e-09 9e-06
0.750 2.00e-09 1.1e-05
0.770 2.00e-09 1.4e-05
0.790 2.00e-09 1.4e-05
0.810 2.00e-09 1e-05
0.830 2.00e-09 8e-06
0.850 2.00e-09 7e-06
0.870 2.00e-09 6e-06
0.890 2.00e-09 6e-06
0.910 2.00e-09 6e-06
0.930 2.00e-09 5e-06
0.950 2.00e-09 5e-06
0.970 2.00e-09 5e-06
0.990 2.00e-09 5e-06
1.010 2.00e-09 8e-06
1.030 2.00e-09 1e-05
1.050 2.00e-09 6e-06
1.070 2.00e-09 6e-06
1.090 2.00e-09 6e-06
1.110 2.00e-09 6e-06
1.130 2.00e-09 7e-06
1.150 2.00e-09 7e-06
1.170 2.00e-09 7e-06
1.190 2.00e-09 7e-06
1.210 2.00e-09 8e-06
1.230 2.00e-09 8e-06
1.250 2.00e-09 8e-06
1.270 2.00e-09 9e-06
1.290 2.00e-09 9e-06
1.310 2.00e-09 1e-05
1.330 2.00e-09 1e-05
1.350 2.00e-09 1.1e-05
1.370 2.00e-09 1.1e-05
1.390 2.00e-09 1.2e-05
1.410 2.00e-09 1.3e-05
1.430 2.00e-09 1.3e-05
1.450 2.00e-09 1.4e-05
1.470 2.00e-09 1.5e-05
1.490 2.00e-09 1.5e-05
0.220 4.00e-09 1e-06
0.250 4.00e-09 1e-06
0.270 4.00e-09 1e-06
0.290 4.00e-09 1e-06
0.310 4.00e-09 2e-06
0.330 4.00e-09 2e-06
0.350 4.00e-09 2e-06
0.370 4.00e-09 2e-06
0.390 4.00e-09 3e-06
0.410 4.00e-09 3e-06
0.430 4.00e-09 3e-06
0.450 4.00e-09 4e-06
0.470 4.00e-09 4e-06
0.490 4.00e-09 5e-06
0.510 4.00e-09 5e-06
0.530 4.00e-09 6e-06
0.550 4.00e-09 7e-06
0.570 4.00e-09 7e-06
0.590 4.00e-09 9e-06
0.610 4.00e-09 1e-05
0.630 4.00e-09 1.2e-05
0.650 4.00e-09 1.5e-05
0.670 4.00e-09 1.8e-05
0.690 4.00e-09 2.2e-05
0.710 4.00e-09 2.9e-05
0.730 4.00e-09 3.7e-05
0.750 4.00e-09 4.5e-05
0.770 4.00e-09 5.4e-05
0.790 4.00e-09 5.4e-05
0.810 4.00e-09 3.9e-05
0.830 4.00e-09 3.2e-05
0.850 4.00e-09 2.8e-05
0.870 4.00e-09 2.6e-05
0.890 4.00e-09 2.3e-05
0.910 4.00e-09 2.2e-05
0.930 4.00e-09 2.1e-05
0.950 4.00e-09 2.1e-05
0.970 4.00e-09 2.1e-05
0.990 4.00e-09 2.1e-05
1.010 4.00e-09 3.3e-05
1.030 4.00e-09 4.1e-05
1.050 4.00e-09 2.6e-05
1.070 4.00e-09 2.5e-05
1.090 4.00e-09 2.5e-05
1.110 4.00e-09 2.6e-05
1.130 4.00e-09 2.6e-05
1.150 4.00e-09 2.7e-05
1.170 4.00e-09 2.8e-05
1.190 4.00e-09 2.9e-05
1.210 4.00e-09 3e-05
1.230 4.00e-09 3.2e-05
1.250 4.00e-09 3.3e-05
1.270 4.00e-09 3.5e-05
1.290 4.00e-09 3.7e-05
1.310 4.00e-09 3.8e-05
1.330 4.00e-09 4e-05
1.350 4.00e-09 4.2e-05
1.370 4.00e-09 4.5e-05
1.390 4.00e-09 4.7e-05
1.410 4.00e-09 5e-05
1.430 4.00e-09 5.2e-05
1.450 4.00e-09 5.6e-05
1.470 4.00e-09 5.8e-05
1.490 4.00e-09 6.1e-05
0.220 8.00e-09 2e-06
0.250 8.00e-09 4e-06
0.270 8.00e-09 4e-06
0.290 8.00e-09 6e-06
0.310 8.00e-09 6e-06
0.330 8.00e-09 7e-06
0.350 8.00e-09 8e-06
0.370 8.00e-09 9e-06
0.390 8.00e-09 1.1e-05
0.410 8.00e-09 1.2e-05
0.430 8.00e-09 1.4e-05
0.450 8.00e-09 1.5e-05
0.470 8.00e-09 1.7e-05
0.490 8.00e-09 1.9e-05
0.510 8.00e-09 2.1e-05
0.530 8.00e-09 2.4e-05
0.550 8.00e-09 2.7e-05
0.570 8.00e-09 3e-05
0.590 8.00e-09 3.4e-05
0.610 8.00e-09 4e-05
0.630 8.00e-09 4.8e-05
0.650 8.00e-09 5.8e-05
0.670 8.00e-09 7.1e-05
0.690 8.00e-09 8.9e-05
0.710 8.00e-09 0.000116
0.730 8.00e-09 0.000147
0.750 8.00e-09 0.00018
0.770 8.00e-09 0.000217
0.790 8.00e-09 0.000214
0.810 8.00e-09 0.000153
0.830 8.00e-09 0.000128
0.850 8.00e-09 0.000112
0.870 8.00e-09 0.000102
0.890 8.00e-09 9.3e-05
0.910 8.00e-09 8.8e-05
0.930 8.00e-09 8.4e-05
0.950 8.00e-09 8.3e-05
0.970 8.00e-09 8.4e-05
0.990 8.00e-09 8.5e-05
1.010 8.00e-09 0.000131
1.030 8.00e-09 0.000164
1.050 8.00e-09 0.000103
1.070 8.00e-09 9.9e-05
1.090 8.00e-09 0.000101
1.110 8.00e-09 0.000101
1.130 8.00e-09 0.000105
1.150 8.00e-09 0.000107
1.170 8.00e-09 0.00011
1.190 8.00e-09 0.000116
1.210 8.00e-09 0.000121
1.230 8.00e-09 0.000127
1.250 8.00e-09 0.000132
1.270 8.00e-09 0.000137
1.290 8.00e-09 0.000146
1.310 8.00e-09 0.000152
1.330 8.00e-09 0.00016
1.350 8.00e-09 0.000168
1.370 8.00e-09 0.000178
1.390 8.00e-09 0.000186
1.410 8.00e-09 0.000199
1.430 8.00e-09 0.000206
1.450 8.00e-09 0.000221
1.470 8.00e-09 0.000229
1.490 8.00e-09 0.000244
0.220 1.60e-08 9e-06
0.250 1.60e-08 1.5e-05
0.270 1.60e-08 1.8e-05
0.290 1.60e-08 2.3e-05
0.310 1.60e-08 2.5e-05
0.330 1.60e-08 2.8e-05
0.350 1.60e-08 3.3e-05
0.370 1.60e-08 3.8e-05
0.390 1.60e-08 4.2e-05
0.410 1.60e-08 4.8e-05
0.430 1.60e-08 5.4e-05
0.450 1.60e-08 6e-05
0.470 1.60e-08 6.7e-05
0.490 1.60e-08 7.4e-05
0.510 1.60e-08 8.4e-05
0.530 1.60e-08 9.4e-05
0.550 1.60e-08 0.000107
0.570 1.60e-08 0.000118
0.590 1.60e-08 0.000137
0.610 1.60e-08 0.000157
0.630 1.60e-08 0.00019
0.650 1.60e-08 0.000229
0.670 1.60e-08 0.000283
0.690 1.60e-08 0.000355
0.710 1.60e-08 0.00046
0.730 1.60e-08 0.000584
0.750 1.60e-08 0.000714
0.770 1.60e-08 0.000859
0.790 1.60e-08 0.000849
0.810 1.60e-08 0.000609
0.830 1.60e-08 0.000507
0.850 1.60e-08 0.000446
0.870 1.60e-08 0.000405
0.890 1.60e-08 0.00037
0.910 1.60e-08 0.00035
0.930 1.60e-08 0.000334
0.950 1.60e-08 0.000329
0.970 1.60e-08 0.000333
0.990 1.60e-08 0.000336
1.010 1.60e-08 0.00052
1.030 1.60e-08 0.00065
1.050 1.60e-08 0.000408
1.070 1.60e-08 0.000394
1.090 1.60e-08 0.0004
1.110 1.60e-08 0.000403
1.130 1.60e-08 0.000417
1.150 1.60e-08 0.000427
1.170 1.60e-08 0.000438
1.190 1.60e-08 0.000459
1.210 1.60e-08 0.000481
1.230 1.60e-08 0.000502
1.250 1.60e-08 0.000522
1.270 1.60e-08 0.000546
1.290 1.60e-08 0.000578
1.310 1.60e-08 0.000604
1.330 1.60e-08 0.000633
1.350 1.60e-08 0.000667
1.370 1.60e-08 0.000708
1.390 1.60e-08 0.000737
1.410 1.60e-08 0.000788
1.430 1.60e-08 0.000818
1.450 1.60e-08 0.000876
1.470 1.60e-08 0.000909
1.490 1.60e-08 0.000967
0.220 3.20e-08 3.7e-05
0.250 3.20e-08 5.8e-05
0.270 3.20e-08 7.1e-05
0.290 3.20e-08 9.1e-05
0.310 3.20e-08 9.8e-05
0.330 3.20e-08 0.000113
0.350 3.20e-08 0.000131
0.370 3.20e-08 0.00015
0.390 3.20e-08 0.000168
0.410 3.20e-08 0.00019
0.430 3.20e-08 0.000214
0.450 3.20e-08 0.000238
0.470 3.20e-08 0.000266
0.490 3.20e-08 0.000296
0.510 3.20e-08 0.000332
0.530 3.20e-08 0.000374
0.550 3.20e-08 0.000423
0.570 3.20e-08 0.000468
0.590 3.20e-08 0.000545
0.610 3.20e-08 0.000625
0.630 3.20e-08 0.000754
0.650 3.20e-08 0.00091
0.670 3.20e-08 0.001122
0.690 3.20e-08 0.001403
0.710 3.20e-08 0.001815
0.730 3.20e-08 0.0023
0.750 3.20e-08 0.002802
0.770 3.20e-08 0.003362
0.790 3.20e-08 0.003324
0.810 3.20e-08 0.002395
0.830 3.20e-08 0.001998
0.850 3.20e-08 0.001759
0.870 3.20e-08 0.001598
0.890 3.20e-08 0.00146
0.910 3.20e-08 0.001385
0.930 3.20e-08 0.00132
0.950 3.20e-08 0.001302
0.970 3.20e-08 0.001317
0.990 3.20e-08 0.001329
1.010 3.20e-08 0.002049
1.030 3.20e-08 0.002555
1.050 3.20e-08 0.001609
1.070 3.20e-08 0.001556
1.090 3.20e-08 0.001581
1.110 3.20e-08 0.001592
1.130 3.20e-08 0.001645
1.150 3.20e-08 0.001686
1.170 3.20e-08 0.00173
1.190 3.20e-08 0.00181
1.210 3.20e-08 0.001895
1.230 3.20e-08 0.00198
1.250 3.20e-08 0.002057
1.270 3.20e-08 0.002149
1.290 3.20e-08 0.002274
1.310 3.20e-08 0.002375
1.330 3.20e-08 0.002488
1.350 3.20e-08 0.002621
1.370 3.20e-08 0.002777
1.390 3.20e-08 0.002891
1.410 3.20e-08 0.003087
1.430 3.20e-08 0.003203
1.450 3.20e-08 0.003424
1.470 3.20e-08 0.003554
1.490 3.20e-08 0.003774
0.220 6.30e-08 0.000146
0.250 6.30e-08 0.000232
0.270 6.30e-08 0.000282
0.290 6.30e-08 0.000363
0.310 6.30e-08 0.000391
0.330 6.30e-08 0.000449
0.350 6.30e-08 0.00052
0.370 6.30e-08 0.000595
0.390 6.30e-08 0.000666
0.410 6.30e-08 0.000754
0.430 6.30e-08 0.000848
0.450 6.30e-08 0.000943
0.470 6.30e-08 0.001056
0.490 6.30e-08 0.001172
0.510 6.30e-08 0.001315
0.530 6.30e-08 0.001478
0.550 6.30e-08 0.001672
0.570 6.30e-08 0.001847
0.590 6.30e-08 0.002147
0.610 6.30e-08 0.002457
0.630 6.30e-08 0.002959
0.650 6.30e-08 0.003558
0.670 6.30e-08 0.004371
0.690 6.30e-08 0.005436
0.710 6.30e-08 0.006973
0.730 6.30e-08 0.008753
0.750 6.30e-08 0.010559
0.770 6.30e-08 0.012534
0.790 6.30e-08 0.012396
0.810 6.30e-08 0.009099
0.830 6.30e-08 0.007646
0.850 6.30e-08 0.006763
0.870 6.30e-08 0.006165
0.890 6.30e-08 0.005649
0.910 6.30e-08 0.005367
0.930 6.30e-08 0.00512
0.950 6.30e-08 0.005049
0.970 6.30e-08 0.005107
0.990 6.30e-08 0.005154
1.010 6.30e-08 0.007831
1.030 6.30e-08 0.009666
1.050 6.30e-08 0.006204
1.070 6.30e-08 0.006005
1.090 6.30e-08 0.006098
1.110 6.30e-08 0.00614
1.130 6.30e-08 0.006336
1.150 6.30e-08 0.006487
1.170 6.30e-08 0.006652
1.190 6.30e-08 0.006948
1.210 6.30e-08 0.007261
1.230 6.30e-08 0.007574
1.250 6.30e-08 0.007857
1.270 6.30e-08 0.008188
1.290 6.30e-08 0.008646
1.310 6.30e-08 0.00901
1.330 6.30e-08 0.009416
1.350 6.30e-08 0.009892
1.370 6.30e-08 0.010447
1.390 6.30e-08 0.010851
1.410 6.30e-08 0.011541
1.430 6.30e-08 0.011942
1.450 6.30e-08 0.012706
1.470 6.30e-08 0.01315
1.490 6.30e-08 0.013903
0.220 1.26e-07 0.000579
0.250 1.26e-07 0.00092
0.270 1.26e-07 0.001115
0.290 1.26e-07 0.001435
0.310 1.26e-07 0.001545
0.330 1.26e-07 0.001772
0.350 1.26e-07 0.002048
0.370 1.26e-07 0.002343
0.390 1.26e-07 0.00262
0.410 1.26e-07 0.002959
0.430 1.26e-07 0.003323
0.450 1.26e-07 0.003687
0.470 1.26e-07 0.004119
0.490 1.26e-07 0.004561
0.510 1.26e-07 0.005104
0.530 1.26e-07 0.005719
0.550 1.26e-07 0.006446
0.570 1.26e-07 0.007095
0.590 1.26e-07 0.008199
0.610 1.26e-07 0.009326
0.630 1.26e-07 0.011123
0.650 1.26e-07 0.013212
0.670 1.26e-07 0.015976
0.690 1.26e-07 0.019433
0.710 1.26e-07 0.024166
0.730 1.26e-07 0.02924
0.750 1.26e-07 0.033928
0.770 1.26e-07 0.038679
0.790 1.26e-07 0.038327
0.810 1.26e-07 0.030166
0.830 1.26e-07 0.02608
0.850 1.26e-07 0.0235
0.870 1.26e-07 0.021696
0.890 1.26e-07 0.020083
0.910 1.26e-07 0.019188
0.930 1.26e-07 0.018395
0.950 1.26e-07 0.018161
0.970 1.26e-07 0.018352
0.990 1.26e-07 0.018494
1.010 1.26e-07 0.026572
1.030 1.26e-07 0.031548
1.050 1.26e-07 0.021777
1.070 1.26e-07 0.021165
1.090 1.26e-07 0.02145
1.110 1.26e-07 0.02157
1.130 1.26e-07 0.022179
1.150 1.26e-07 0.022624
1.170 1.26e-07 0.023125
1.190 1.26e-07 0.023991
1.210 1.26e-07 0.024902
1.230 1.26e-07 0.025797
1.250 1.26e-07 0.02659
1.270 1.26e-07 0.027486
1.290 1.26e-07 0.028775
1.310 1.26e-07 0.029737
1.330 1.26e-07 0.030795
1.350 1.26e-07 0.032022
1.370 1.26e-07 0.033403
1.390 1.26e-07 0.034394
1.410 1.26e-07 0.036039
1.430 1.26e-07 0.03694
1.450 1.26e-07 0.038614
1.470 1.26e-07 0.039551
1.490 1.26e-07 0.041136
0.220 2.51e-07 0.002279
0.250 2.51e-07 0.0036
0.270 2.51e-07 0.004348
0.290 2.51e-07 0.005561
0.310 2.51e-07 0.005976
0.330 2.51e-07 0.006823
0.350 2.51e-07 0.007844
0.370 2.51e-07 0.008925
0.390 2.51e-07 0.009923
0.410 2.51e-07 0.011134
0.430 2.51e-07 0.012413
0.450 2.51e-07 0.013672
0.470 2.51e-07 0.015147
0.490 2.51e-07 0.016621
0.510 2.51e-07 0.018408
0.530 2.51e-07 0.020364
0.550 2.51e-07 0.022617
0.570 2.51e-07 0.024561
0.590 2.51e-07 0.027754
0.610 2.51e-07 0.030791
0.630 2.51e-07 0.035412
0.650 2.51e-07 0.040184
0.670 2.51e-07 0.045793
0.690 2.51e-07 0.051396
0.710 2.51e-07 0.057234
0.730 2.51e-07 0.061023
0.750 2.51e-07 0.062328
0.770 2.51e-07 0.062416
0.790 2.51e-07 0.062251
0.810 2.51e-07 0.061426
0.830 2.51e-07 0.05857
0.850 2.51e-07 0.056253
0.870 2.51e-07 0.054307
0.890 2.51e-07 0.052121
0.910 2.51e-07 0.05083
0.930 2.51e-07 0.049603
0.950 2.51e-07 0.049175
0.970 2.51e-07 0.04953
0.990 2.51e-07 0.049678
1.010 2.51e-07 0.058724
1.030 2.51e-07 0.06133
1.050 2.51e-07 0.054072
1.070 2.51e-07 0.053321
1.090 2.51e-07 0.053658
1.110 2.51e-07 0.053764
1.130 2.51e-07 0.054554
1.150 2.51e-07 0.054964
1.170 2.51e-07 0.055567
1.190 2.51e-07 0.056338
1.210 2.51e-07 0.057154
1.230 2.51e-07 0.057876
1.250 2.51e-07 0.058393
1.270 2.51e-07 0.058859
1.290 2.51e-07 0.059752
1.310 2.51e-07 0.060194
1.330 2.51e-07 0.060501
1.350 2.51e-07 0.060936
1.370 2.51e-07 0.061163
1.390 2.51e-07 0.06132
1.410 2.51e-07 0.061437
1.430 2.51e-07 0.061227
1.450 2.51e-07 0.060862
1.470 2.51e-07 0.060603
1.490 2.51e-07 0.060149
0.220 5.01e-07 0.008693
0.250 5.01e-07 0.01339
0.270 5.01e-07 0.015939
0.290 5.01e-07 0.019914
0.310 5.01e-07 0.021216
0.330 5.01e-07 0.02381
0.350 5.01e-07 0.026817
0.370 5.01e-07 0.029863
0.390 5.01e-07 0.032502
0.410 5.01e-07 0.035571
0.430 5.01e-07 0.038595
0.450 5.01e-07 0.041333
0.470 5.01e-07 0.04439
0.490 5.01e-07 0.047107
0.510 5.01e-07 0.050203
0.530 5.01e-07 0.053014
0.550 5.01e-07 0.055845
0.570 5.01e-07 0.057848
0.590 5.01e-07 0.060422
0.610 5.01e-07 0.06173
0.630 5.01e-07 0.0629
0.650 5.01e-07 0.061963
0.670 5.01e-07 0.059173
0.690 5.01e-07 0.053682
0.710 5.01e-07 0.045743
0.730 5.01e-07 0.037377
0.750 5.01e-07 0.030564
0.770 5.01e-07 0.02411
0.790 5.01e-07 0.024749
0.810 5.01e-07 0.035989
0.830 5.01e-07 0.042694
0.850 5.01e-07 0.046938
0.870 5.01e-07 0.049994
0.890 5.01e-07 0.052651
0.910 5.01e-07 0.054058
0.930 5.01e-07 0.055336
0.950 5.01e-07 0.055654
0.970 5.01e-07 0.055304
0.990 5.01e-07 0.055155
1.010 5.01e-07 0.042044
1.030 5.01e-07 0.034508
1.050 5.01e-07 0.049802
1.070 5.01e-07 0.050774
1.090 5.01e-07 0.050312
1.110 5.01e-07 0.05011
1.130 5.01e-07 0.049227
1.150 5.01e-07 0.048468
1.170 5.01e-07 0.047722
1.190 5.01e-07 0.04632
1.210 5.01e-07 0.044894
1.230 5.01e-07 0.043561
1.250 5.01e-07 0.04227
1.270 5.01e-07 0.041033
1.290 5.01e-07 0.038891
1.310 5.01e-07 0.037567
1.330 5.01e-07 0.035985
1.350 5.01e-07 0.034306
1.370 5.01e-07 0.032348
1.390 5.01e-07 0.031031
1.410 5.01e-07 0.028767
1.430 5.01e-07 0.027677
1.450 5.01e-07 0.025639
1.470 5.01e-07 0.024508
1.490 5.01e-07 0.022525
0.220 1.00e-06 0.02925
0.250 1.00e-06 0.040933
0.270 1.00e-06 0.046124
0.290 1.00e-06 0.05282
0.310 1.00e-06 0.054534
0.330 1.00e-06 0.057538
0.350 1.00e-06 0.060244
0.370 1.00e-06 0.062223
0.390 1.00e-06 0.063029
0.410 1.00e-06 0.063515
0.430 1.00e-06 0.063131
0.450 1.00e-06 0.062006
0.470 1.00e-06 0.060538
0.490 1.00e-06 0.058439
0.510 1.00e-06 0.055754
0.530 1.00e-06 0.052264
0.550 1.00e-06 0.048275
0.570 1.00e-06 0.04496
0.590 1.00e-06 0.039495
0.610 1.00e-06 0.03494
0.630 1.00e-06 0.028173
0.650 1.00e-06 0.022381
0.670 1.00e-06 0.016198
0.690 1.00e-06 0.011238
0.710 1.00e-06 0.006357
0.730 1.00e-06 0.003385
0.750 1.00e-06 0.001868
0.770 1.00e-06 0.000897
0.790 1.00e-06 0.000972
0.810 1.00e-06 0.002999
0.830 1.00e-06 0.005187
0.850 1.00e-06 0.007083
0.870 1.00e-06 0.008664
0.890 1.00e-06 0.010549
0.910 1.00e-06 0.01174
0.930 1.00e-06 0.012826
0.950 1.00e-06 0.013255
0.970 1.00e-06 0.012996
0.990 1.00e-06 0.012773
1.010 1.00e-06 0.004941
1.030 1.00e-06 0.002492
1.050 1.00e-06 0.008922
1.070 1.00e-06 0.00961
1.090 1.00e-06 0.009303
1.110 1.00e-06 0.00924
1.130 1.00e-06 0.00841
1.150 1.00e-06 0.008102
1.170 1.00e-06 0.007509
1.190 1.00e-06 0.006837
1.210 1.00e-06 0.006109
1.230 1.00e-06 0.005401
1.250 1.00e-06 0.004989
1.270 1.00e-06 0.004432
1.290 1.00e-06 0.003764
1.310 1.00e-06 0.003239
1.330 1.00e-06 0.002911
1.350 1.00e-06 0.00235
1.370 1.00e-06 0.001967
1.390 1.00e-06 0.001627
1.410 1.00e-06 0.001233
1.430 1.00e-06 0.0011
1.450 1.00e-06 0.000817
1.470 1.00e-06 0.000667
1.490 1.00e-06 0.000486
0.220 1.99e-06 0.062023
0.250 1.99e-06 0.062907
0.270 1.99e-06 0.059871
0.290 1.99e-06 0.053265
0.310 1.99e-06 0.050842
0.330 1.99e-06 0.046088
0.350 1.99e-06 0.040724
0.370 1.99e-06 0.035596
0.390 1.99e-06 0.031669
0.410 1.99e-06 0.027376
0.430 1.99e-06 0.02358
0.450 1.99e-06 0.020616
0.470 1.99e-06 0.017299
0.490 1.99e-06 0.014747
0.510 1.99e-06 0.011871
0.530 1.99e-06 0.009694
0.550 1.99e-06 0.007534
0.570 1.99e-06 0.005954
0.590 1.99e-06 0.004086
0.610 1.99e-06 0.002805
0.630 1.99e-06 0.001466
0.650 1.99e-06 0.000695
0.670 1.99e-06 0.000249
0.690 1.99e-06 6.7e-05
0.710 1.99e-06 1e-05
0.730 1.99e-06 1e-06
0.750 1.99e-06 0.0
0.770 1.99e-06 0.0
0.790 1.99e-06 0.0
0.810 1.99e-06 1e-06
0.830 1.99e-06 4e-06
0.850 1.99e-06 1.2e-05
0.870 1.99e-06 2.5e-05
0.890 1.99e-06 4.5e-05
0.910 1.99e-06 6.7e-05
0.930 1.99e-06 8.9e-05
0.950 1.99e-06 9.7e-05
0.970 1.99e-06 9.5e-05
0.990 1.99e-06 8.4e-05
1.010 1.99e-06 3e-06
1.030 1.99e-06 0.0
1.050 1.99e-06 2.1e-05
1.070 1.99e-06 2.8e-05
1.090 1.99e-06 2.5e-05
1.110 1.99e-06 2.4e-05
1.130 1.99e-06 1.7e-05
1.150 1.99e-06 1.3e-05
1.170 1.99e-06 1.1e-05
1.190 1.99e-06 8e-06
1.210 1.99e-06 5e-06
1.230 1.99e-06 3e-06
1.250 1.99e-06 2e-06
1.270 1.99e-06 1e-06
1.290 1.99e-06 1e-06
1.310 1.99e-06 0.0
1.330 1.99e-06 0.0
1.350 1.99e-06 0.0
1.370 1.99e-06 0.0
1.390 1.99e-06 0.0
1.410 1.99e-06 0.0
1.430 1.99e-06 0.0
1.450 1.99e-06 0.0
1.470 1.99e-06 0.0
1.490 1.99e-06 0.0
0.220 3.98e-06 0.036364
0.250 3.98e-06 0.020401
0.270 3.98e-06 0.01524
0.290 3.98e-06 0.009639
0.310 3.98e-06 0.008424
0.330 3.98e-06 0.006303
0.350 3.98e-06 0.004472
0.370 3.98e-06 0.003085
0.390 3.98e-06 0.002243
0.410 3.98e-06 0.001433
0.430 3.98e-06 0.000942
0.450 3.98e-06 0.000636
0.470 3.98e-06 0.000365
0.490 3.98e-06 0.000216
0.510 3.98e-06 0.000108
0.530 3.98e-06 5.5e-05
0.550 3.98e-06 2.3e-05
0.570 3.98e-06 9e-06
0.590 3.98e-06 2e-06
0.610 3.98e-06 1e-06
0.630 3.98e-06 0.0
0.650 3.98e-06 0.0
0.670 3.98e-06 0.0
0.690 3.98e-06 0.0
0.710 3.98e-06 0.0
0.730 3.98e-06 0.0
0.750 3.98e-06 0.0
0.770 3.98e-06 0.0
0.790 3.98e-06 0.0
0.810 3.98e-06 0.0
0.830 3.98e-06 0.0
0.850 3.98e-06 0.0
0.870 3.98e-06 0.0
0.890 3.98e-06 0.0
0.910 3.98e-06 0.0
0.930 3.98e-06 0.0
0.950 3.98e-06 0.0
0.970 3.98e-06 0.0
0.990 3.98e-06 0.0
1.010 3.98e-06 0.0
1.030 3.98e-06 0.0
1.050 3.98e-06 0.0
1.070 3.98e-06 0.0
1.090 3.98e-06 0.0
1.110 3.98e-06 0.0
1.130 3.98e-06 0.0
1.150 3.98e-06 0.0
1.170 3.98e-06 0.0
1.190 3.98e-06 0.0
1.210 3.98e-06 0.0
1.230 3.98e-06 0.0
1.250 3.98e-06 0.0
1.270 3.98e-06 0.0
1.290 3.98e-06 0.0
1.310 3.98e-06 0.0
1.330 3.98e-06 0.0
1.350 3.98e-06 0.0
1.370 3.98e-06 0.0
1.390 3.98e-06 0.0
1.410 3.98e-06 0.0
1.430 3.98e-06 0.0
1.450 3.98e-06 0.0
1.470 3.98e-06 0.0
1.490 3.98e-06 0.0
0.220 7.94e-06 0.003419
0.250 7.94e-06 0.000713
0.270 7.94e-06 0.000288
0.290 7.94e-06 7.4e-05
0.310 7.94e-06 4.2e-05
0.330 7.94e-06 1.6e-05
0.350 7.94e-06 5e-06
0.370 7.94e-06 1e-06
0.390 7.94e-06 0.0
0.410 7.94e-06 0.0
0.430 7.94e-06 0.0
0.450 7.94e-06 0.0
0.470 7.94e-06 0.0
0.490 7.94e-06 0.0
0.510 7.94e-06 0.0
0.530 7.94e-06 0.0
0.550 7.94e-06 0.0
0.570 7.94e-06 0.0
0.590 7.94e-06 0.0
0.610 7.94e-06 0.0
0.630 7.94e-06 0.0
0.650 7.94e-06 0.0
0.670 7.94e-06 0.0
0.690 7.94e-06 0.0
0.710 7.94e-06 0.0
0.730 7.94e-06 0.0
0.750 7.94e-06 0.0
0.770 7.94e-06 0.0
0.790 7.94e-06 0.0
0.810 7.94e-06 0.0
0.830 7.94e-06 0.0
0.850 7.94e-06 0.0
0.870 7.94e-06 0.0
0.890 7.94e-06 0.0
0.910 7.94e-06 0.0
0.930 7.94e-06 0.0
0.950 7.94e-06 0.0
0.970 7.94e-06 0.0
0.990 7.94e-06 0.0
1.010 7.94e-06 0.0
1.030 7.94e-06 0.0
1.050 7.94e-06 0.0
1.070 7.94e-06 0.0
1.090 7.94e-06 0.0
1.110 7.94e-06 0.0
1.130 7.94e-06 0.0
1.150 7.94e-06 0.0
1.170 7.94e-06 0.0
1.190 7.94e-06 0.0
1.210 7.94e-06 0.0
1.230 7.94e-06 0.0
1.250 7.94e-06 0.0
1.270 7.94e-06 0.0
1.290 7.94e-06 0.0
1.310 7.94e-06 0.0
1.330 7.94e-06 0.0
1.350 7.94e-06 0.0
1.370 7.94e-06 0.0
1.390 7.94e-06 0.0
1.410 7.94e-06 0.0
1.430 7.94e-06 0.0
1.450 7.94e-06 0.0
1.470 7.94e-06 0.0
1.490 7.94e-06 0.0
0.220 1.58e-05 2e-06
0.250 1.58e-05 0.0
0.270 1.58e-05 0.0
0.290 1.58e-05 0.0
0.310 1.58e-05 0.0
0.330 1.58e-05 0.0
0.350 1.58e-05 0.0
0.370 1.58e-05 0.0
0.390 1.58e-05 0.0
0.410 1.58e-05 0.0
0.430 1.58e-05 0.0
0.450 1.58e-05 0.0
0.470 1.58e-05 0.0
0.490 1.58e-05 0.0
0.510 1.58e-05 0.0
0.530 1.58e-05 0.0
0.550 1.58e-05 0.0
0.570 1.58e-05 0.0
0.590 1.58e-05 0.0
0.610 1.58e-05 0.0
0.630 1.58e-05 0.0
0.650 1.58e-05 0.0
0.670 1.58e-05 0.0
0.690 1.58e-05 0.0
0.710 1.58e-05 0.0
0.730 1.58e-05 0.0
0.750 1.58e-05 0.0
0.770 1.58e-05 0.0
0.790 1.58e-05 0.0
0.810 1.58e-05 0.0
0.830 1.58e-05 0.0
0.850 1.58e-05 0.0
0.870 1.58e-05 0.0
0.890 1.58e-05 0.0
0.910 1.58e-05 0.0
0.930 1.58e-05 0.0
0.950 1.58e-05 0.0
0.970 1.58e-05 0.0
0.990 1.58e-05 0.0
1.010 1.58e-05 0.0
1.030 1.58e-05 0.0
1.050 1.58e-05 0.0
1.070 1.58e-05 0.0
1.090 1.58e-05 0.0
1.110 1.58e-05 0.0
1.130 1.58e-05 0.0
1.150 1.58e-05 0.0
1.170 1.58e-05 0.0
1.190 1.58e-05 0.0
1.210 1.58e-05 0.0
1.230 1.58e-05 0.0
1.250 1.58e-05 0.0
1.270 1.58e-05 0.0
1.290 1.58e-05 0.0
1.310 1.58e-05 0.0
1.330 1.58e-05 0.0
1.350 1.58e-05 0.0
1.370 1.58e-05 0.0
1.390 1.58e-05 0.0
1.410 1.58e-05 0.0
1.430 1.58e-05 0.0
1.450 1.58e-05 0.0
1.470 1.58e-05 0.0
1.490 1.58e-05 0.0
0.220 3.16e-05 0.0
0.250 3.16e-05 0.0
0.270 3.16e-05 0.0
0.290 3.16e-05 0.0
0.310 3.16e-05 0.0
0.330 3.16e-05 0.0
0.350 3.16e-05 0.0
0.370 3.16e-05 0.0
0.390 3.16e-05 0.0
0.410 3.16e-05 0.0
0.430 3.16e-05 0.0
0.450 3.16e-05 0.0
0.470 3.16e-05 0.0
0.490 3.16e-05 0.0
0.510 3.16e-05 0.0
0.530 3.16e-05 0.0
0.550 3.16e-05 0.0
0.570 3.16e-05 0.0
0.590 3.16e-05 0.0
0.610 3.16e-05 0.0
0.630 3.16e-05 0.0
0.650 3.16e-05 0.0
0.670 3.16e-05 0.0
0.690 3.16e-05 0.0
0.710 3.16e-05 0.0
0.730 3.16e-05 0.0
0.750 3.16e-05 0.0
0.770 3.16e-05 0.0
0.790 3.16e-05 0.0
0.810 3.16e-05 0.0
0.830 3.16e-05 0.0
0.850 3.16e-05 0.0
0.870 3.16e-05 0.0
0.890 3.16e-05 0.0
0.910 3.16e-05 0.0
0.930 3.16e-05 0.0
0.950 3.16e-05 0.0
0.970 3.16e-05 0.0
0.990 3.16e-05 0.0
1.010 3.16e-05 0.0
1.030 3.16e-05 0.0
1.050 3.16e-05 0.0
1.070 3.16e-05 0.0
1.090 3.16e-05 0.0
1.110 3.16e-05 0.0
1.130 3.16e-05 0.0
1.150 3.16e-05 0.0
1.170 3.16e-05 0.0
1.190 3.16e-05 0.0
1.210 3.16e-05 0.0
1.230 3.16e-05 0.0
1.250 3.16e-05 0.0
1.270 3.16e-05 0.0
1.290 3.16e-05 0.0
1.310 3.16e-05 0.0
1.330 3.16e-05 0.0
1.350 3.16e-05 0.0
1.370 3.16e-05 0.0
1.390 3.16e-05 0.0
1.410 3.16e-05 0.0
1.430 3.16e-05 0.0
1.450 3.16e-05 0.0
1.470 3.16e-05 0.0
1.490 3.16e-05 0.0
0.220 6.31e-05 0.0
0.250 6.31e-05 0.0
0.270 6.31e-05 0.0
0.290 6.31e-05 0.0
0.310 6.31e-05 0.0
0.330 6.31e-05 0.0
0.350 6.31e-05 0.0
0.370 6.31e-05 0.0
0.390 6.31e-05 0.0
0.410 6.31e-05 0.0
0.430 6.31e-05 0.0
0.450 6.31e-05 0.0
0.470 6.31e-05 0.0
0.490 6.31e-05 0.0
0.510 6.31e-05 0.0
0.530 6.31e-05 0.0
0.550 6.31e-05 0.0
0.570 6.31e-05 0.0
0.590 6.31e-05 0.0
0.610 6.31e-05 0.0
0.630 6.31e-05 0.0
0.650 6.31e-05 0.0
0.670 6.31e-05 0.0
0.690 6.31e-05 0.0
0.710 6.31e-05 0.0
0.730 6.31e-05 0.0
0.750 6.31e-05 0.0
0.770 6.31e-05 0.0
0.790 6.31e-05 0.0
0.810 6.31e-05 0.0
0.830 6.31e-05 0.0
0.850 6.31e-05 0.0
0.870 6.31e-05 0.0
0.890 6.31e-05 0.0
0.910 6.31e-05 0.0
0.930 6.31e-05 0.0
0.950 6.31e-05 0.0
0.970 6.31e-05 0.0
0.990 6.31e-05 0.0
1.010 6.31e-05 0.0
1.030 6.31e-05 0.0
1.050 6.31e-05 0.0
1.070 6.31e-05 0.0
1.090 6.31e-05 0.0
1.110 6.31e-05 0.0
1.130 6.31e-05 0.0
1.150 6.31e-05 0.0
1.170 6.31e-05 0.0
1.190 6.31e-05 0.0
1.210 6.31e-05 0.0
1.230 6.31e-05 0.0
1.250 6.31e-05 0.0
1.270 6.31e-05 0.0
1.290 6.31e-05 0.0
1.310 6.31e-05 0.0
1.330 6.31e-05 0.0
1.350 6.31e-05 0.0
1.370 6.31e-05 0.0
1.390 6.31e-05 0.0
1.410 6.31e-05 0.0
1.430 6.31e-05 0.0
1.450 6.31e-05 0.0
1.470 6.31e-05 0.0
1.490 6.31e-05 0.0
0.220 1.26e-04 0.0
0.250 1.26e-04 0.0
0.270 1.26e-04 0.0
0.290 1.26e-04 0.0
0.310 1.26e-04 0.0
0.330 1.26e-04 0.0
0.350 1.26e-04 0.0
0.370 1.26e-04 0.0
0.390 1.26e-04 0.0
0.410 1.26e-04 0.0
0.430 1.26e-04 0.0
0.450 1.26e-04 0.0
0.470 1.26e-04 0.0
0.490 1.26e-04 0.0
0.510 1.26e-04 0.0
0.530 1.26e-04 0.0
0.550 1.26e-04 0.0
0.570 1.26e-04 0.0
0.590 1.26e-04 0.0
0.610 1.26e-04 0.0
0.630 1.26e-04 0.0
0.650 1.26e-04 0.0
0.670 1.26e-04 0.0
0.690 1.26e-04 0.0
0.710 1.26e-04 0.0
0.730 1.26e-04 0.0
0.750 1.26e-04 0.0
0.770 1.26e-04 0.0
0.790 1.26e-04 0.0
0.810 1.26e-04 0.0
0.830 1.26e-04 0.0
0.850 1.26e-04 0.0
0.870 1.26e-04 0.0
0.890 1.26e-04 0.0
0.910 1.26e-04 0.0
0.930 1.26e-04 0.0
0.950 1.26e-04 0.0
0.970 1.26e-04 0.0
0.990 1.26e-04 0.0
1.010 1.26e-04 0.0
1.030 1.26e-04 0.0
1.050 1.26e-04 0.0
1.070 1.26e-04 0.0
1.090 1.26e-04 0.0
1.110 1.26e-04 0.0
1.130 1.26e-04 0.0
1.150 1.26e-04 0.0
1.170 1.26e-04 0.0
1.190 1.26e-04 0.0
1.210 1.26e-04 0.0
1.230 1.26e-04 0.0
1.250 1.26e-04 0.0
1.270 1.26e-04 0.0
1.290 1.26e-04 0.0
1.310 1.26e-04 0.0
1.330 1.26e-04 0.0
1.350 1.26e-04 0.0
1.370 1.26e-04 0.0
1.390 1.26e-04 0.0
1.410 1.26e-04 0.0
1.430 1.26e-04 0.0
1.450 1.26e-04 0.0
1.470 1.26e-04 0.0
1.490 1.26e-04 0.0
0.220 2.51e-04 0.0
0.250 2.51e-04 0.0
0.270 2.51e-04 0.0
0.290 2.51e-04 0.0
0.310 2.51e-04 0.0
0.330 2.51e-04 0.0
0.350 2.51e-04 0.0
0.370 2.51e-04 0.0
0.390 2.51e-04 0.0
0.410 2.51e-04 0.0
0.430 2.51e-04 0.0
0.450 2.51e-04 0.0
0.470 2.51e-04 0.0
0.490 2.51e-04 0.0
0.510 2.51e-04 0.0
0.530 2.51e-04 0.0
0.550 2.51e-04 0.0
0.570 2.51e-04 0.0
0.590 2.51e-04 0.0
0.610 2.51e-04 0.0
0.630 2.51e-04 0.0
0.650 2.51e-04 0.0
0.670 2.51e-04 0.0
0.690 2.51e-04 0.0
0.710 2.51e-04 0.0
0.730 2.51e-04 0.0
0.750 2.51e-04 0.0
0.770 2.51e-04 0.0
0.790 2.51e-04 0.0
0.810 2.51e-04 0.0
0.830 2.51e-04 0.0
0.850 2.51e-04 0.0
0.870 2.51e-04 0.0
0.890 2.51e-04 0.0
0.910 2.51e-04 0.0
0.930 2.51e-04 0.0
0.950 2.51e-04 0.0
0.970 2.51e-04 0.0
0.990 2.51e-04 0.0
1.010 2.51e-04 0.0
1.030 2.51e-04 0.0
1.050 2.51e-04 0.0
1.070 2.51e-04 0.0
1.090 2.51e-04 0.0
1.110 2.51e-04 0.0
1.130 2.51e-04 0.0
1.150 2.51e-04 0.0
1.170 2.51e-04 0.0
1.190 2.51e-04 0.0
1.210 2.51e-04 0.0
1.230 2.51e-04 0.0
1.250 2.51e-04 0.0
1.270 2.51e-04 0.0
1.290 2.51e-04 0.0
1.310 2.51e-04 0.0
1.330 2.51e-04 0.0
1.350 2.51e-04 0.0
1.370 2.51e-04 0.0
1.390 2.51e-04 0.0
1.410 2.51e-04 0.0
1.430 2.51e-04 0.0
1.450 2.51e-04 0.0
1.470 2.51e-04 0.0
1.490 2.51e-04 0.0
0.220 5.01e-04 0.0
0.250 5.01e-04 0.0
0.270 5.01e-04 0.0
0.290 5.01e-04 0.0
0.310 5.01e-04 0.0
0.330 5.01e-04 0.0
0.350 5.01e-04 0.0
0.370 5.01e-04 0.0
0.390 5.01e-04 0.0
0.410 5.01e-04 0.0
0.430 5.01e-04 0.0
0.450 5.01e-04 0.0
0.470 5.01e-04 0.0
0.490 5.01e-04 0.0
0.510 5.01e-04 0.0
0.530 5.01e-04 0.0
0.550 5.01e-04 0.0
0.570 5.01e-04 0.0
0.590 5.01e-04 0.0
0.610 5.01e-04 0.0
0.630 5.01e-04 0.0
0.650 5.01e-04 0.0
0.670 5.01e-04 0.0
0.690 5.01e-04 0.0
0.710 5.01e-04 0.0
0.730 5.01e-04 0.0
0.750 5.01e-04 0.0
0.770 5.01e-04 0.0
0.790 5.01e-04 0.0
0.810 5.01e-04 0.0
0.830 5.01e-04 0.0
0.850 5.01e-04 0.0
0.870 5.01e-04 0.0
0.890 5.01e-04 0.0
0.910 5.01e-04 0.0
0.930 5.01e-04 0.0
0.950 5.01e-04 0.0
0.970 5.01e-04 0.0
0.990 5.01e-04 0.0
1.010 5.01e-04 0.0
1.030 5.01e-04 0.0
1.050 5.01e-04 0.0
1.070 5.01e-04 0.0
1.090 5.01e-04 0.0
1.110 5.01e-04 0.0
1.130 5.01e-04 0.0
1.150 5.01e-04 0.0
1.170 5.01e-04 0.0
1.190 5.01e-04 0.0
1.210 5.01e-04 0.0
1.230 5.01e-04 0.0
1.250 5.01e-04 0.0
1.270 5.01e-04 0.0
1.290 5.01e-04 0.0
1.310 5.01e-04 0.0
1.330 5.01e-04 0.0
1.350 5.01e-04 0.0
1.370 5.01e-04 0.0
1.390 5.01e-04 0.0
1.410 5.01e-04 0.0
1.430 5.01e-04 0.0
1.450 5.01e-04 0.0
1.470 5.01e-04 0.0
1.490 5.01e-04 0.0
0.220 1.00e-03 0.0
0.250 1.00e-03 0.0
0.270 1.00e-03 0.0
0.290 1.00e-03 0.0
0.310 1.00e-03 0.0
0.330 1.00e-03 0.0
0.350 1.00e-03 0.0
0.370 1.00e-03 0.0
0.390 1.00e-03 0.0
0.410 1.00e-03 0.0
0.430 1.00e-03 0.0
0.450 1.00e-03 0.0
0.470 1.00e-03 0.0
0.490 1.00e-03 0.0
0.510 1.00e-03 0.0
0.530 1.00e-03 0.0
0.550 1.00e-03 0.0
0.570 1.00e-03 0.0
0.590 1.00e-03 0.0
0.610 1.00e-03 0.0
0.630 1.00e-03 0.0
0.650 1.00e-03 0.0
0.670 1.00e-03 0.0
0.690 1.00e-03 0.0
0.710 1.00e-03 0.0
0.730 1.00e-03 0.0
0.750 1.00e-03 0.0
0.770 1.00e-03 0.0
0.790 1.00e-03 0.0
0.810 1.00e-03 0.0
0.830 1.00e-03 0.0
0.850 1.00e-03 0.0
0.870 1.00e-03 0.0
0.890 1.00e-03 0.0
0.910 1.00e-03 0.0
0.930 1.00e-03 0.0
0.950 1.00e-03 0.0
0.970 1.00e-03 0.0
0.990 1.00e-03 0.0
1.010 1.00e-03 0.0
1.030 1.00e-03 0.0
1.050 1.00e-03 0.0
1.070 1.00e-03 0.0
1.090 1.00e-03 0.0
1.110 1.00e-03 0.0
1.130 1.00e-03 0.0
1.150 1.00e-03 0.0
1.170 1.00e-03 0.0
1.190 1.00e-03 0.0
1.210 1.00e-03 0.0
1.230 1.00e-03 0.0
1.250 1.00e-03 0.0
1.270 1.00e-03 0.0
1.290 1.00e-03 0.0
1.310 1.00e-03 0.0
1.330 1.00e-03 0.0
1.350 1.00e-03 0.0
1.370 1.00e-03 0.0
1.390 1.00e-03 0.0
1.410 1.00e-03 0.0
1.430 1.00e-03 0.0
1.450 1.00e-03 0.0
1.470 1.00e-03 0.0
1.490 1.00e-03 0.0
