0.220 1.00e-09 1e-06
0.250 1.00e-09 1e-06
0.270 1.00e-09 1e-06
0.290 1.00e-09 1e-06
0.310 1.00e-09 1e-06
0.330 1.00e-09 1e-06
0.350 1.00e-09 1e-06
0.370 1.00e-09 1e-06
0.390 1.00e-09 2e-06
0.410 1.00e-09 2e-06
0.430 1.00e-09 2e-06
0.450 1.00e-09 2e-06
0.470 1.00e-09 2e-06
0.490 1.00e-09 2e-06
0.510 1.00e-09 3e-06
0.530 1.00e-09 3e-06
0.220 2.00e-09 2e-06
0.250 2.00e-09 3e-06
0.270 2.00e-09 3e-06
0.290 2.00e-09 4e-06
0.310 2.00e-09 4e-06
0.330 2.00e-09 5e-06
0.350 2.00e-09 5e-06
0.370 2.00e-09 6e-06
0.390 2.00e-09 6e-06
0.410 2.00e-09 7e-06
0.430 2.00e-09 7e-06
0.450 2.00e-09 8e-06
0.470 2.00e-09 9e-06
0.490 2.00e-09 9e-06
0.510 2.00e-09 1e-05
0.530 2.00e-09 1.1e-05
0.220 4.00e-09 8e-06
0.250 4.00e-09 1.2e-05
0.270 4.00e-09 1.4e-05
0.290 4.00e-09 1.7e-05
0.310 4.00e-09 1.7e-05
0.330 4.00e-09 1.9e-05
0.350 4.00e-09 2.1e-05
0.370 4.00e-09 2.3e-05
0.390 4.00e-09 2.5e-05
0.410 4.00e-09 2.7e-05
0.430 4.00e-09 3e-05
0.450 4.00e-09 3.2e-05
0.470 4.00e-09 3.4e-05
0.490 4.00e-09 3.7e-05
0.510 4.00e-09 4e-05
0.530 4.00e-09 4.3e-05
0.220 8.00e-09 3.2e-05
0.250 8.00e-09 4.6e-05
0.270 8.00e-09 5.4e-05
0.290 8.00e-09 6.6e-05
0.310 8.00e-09 6.8e-05
0.330 8.00e-09 7.7e-05
0.350 8.00e-09 8.4e-05
0.370 8.00e-09 9.2e-05
0.390 8.00e-09 0.0001
0.410 8.00e-09 0.000109
0.430 8.00e-09 0.000118
0.450 8.00e-09 0.000127
0.470 8.00e-09 0.000136
0.490 8.00e-09 0.000147
0.510 8.00e-09 0.000158
0.530 8.00e-09 0.000172
0.220 1.60e-08 0.000127
0.250 1.60e-08 0.000185
0.270 1.60e-08 0.000214
0.290 1.60e-08 0.000262
0.310 1.60e-08 0.000272
0.330 1.60e-08 0.000305
0.350 1.60e-08 0.000333
0.370 1.60e-08 0.000365
0.390 1.60e-08 0.000398
0.410 1.60e-08 0.000432
0.430 1.60e-08 0.000467
0.450 1.60e-08 0.000502
0.470 1.60e-08 0.000541
0.490 1.60e-08 0.000584
0.510 1.60e-08 0.000625
0.530 1.60e-08 0.000679
0.220 3.20e-08 0.000503
0.250 3.20e-08 0.00073
0.270 3.20e-08 0.000846
0.290 3.20e-08 0.001032
0.310 3.20e-08 0.001072
0.330 3.20e-08 0.001202
0.350 3.20e-08 0.001311
0.370 3.20e-08 0.001436
0.390 3.20e-08 0.001561
0.410 3.20e-08 0.001695
0.430 3.20e-08 0.001829
0.450 3.20e-08 0.001965
0.470 3.20e-08 0.002113
0.490 3.20e-08 0.002278
0.510 3.20e-08 0.002437
0.530 3.20e-08 0.002642
0.220 6.30e-08 0.001966
0.250 6.30e-08 0.002831
0.270 6.30e-08 0.003267
0.290 6.30e-08 0.003963
0.310 6.30e-08 0.004109
0.330 6.30e-08 0.00459
0.350 6.30e-08 0.004987
0.370 6.30e-08 0.005439
0.390 6.30e-08 0.00589
0.410 6.30e-08 0.006366
0.430 6.30e-08 0.006841
0.450 6.30e-08 0.007318
0.470 6.30e-08 0.007829
0.490 6.30e-08 0.008396
0.510 6.30e-08 0.008932
0.530 6.30e-08 0.009617
0.220 1.26e-07 0.007275
0.250 1.26e-07 0.010175
0.270 1.26e-07 0.011584
0.290 1.26e-07 0.013732
0.310 1.26e-07 0.014171
0.330 1.26e-07 0.015589
0.350 1.26e-07 0.01674
0.370 1.26e-07 0.017993
0.390 1.26e-07 0.019193
0.410 1.26e-07 0.020448
0.430 1.26e-07 0.021644
0.450 1.26e-07 0.022808
0.470 1.26e-07 0.023994
0.490 1.26e-07 0.025286
0.510 1.26e-07 0.02644
0.530 1.26e-07 0.027855
0.220 2.51e-07 0.022252
0.250 2.51e-07 0.028384
0.270 2.51e-07 0.031008
0.290 2.51e-07 0.034449
0.310 2.51e-07 0.035119
0.330 2.51e-07 0.037066
0.350 2.51e-07 0.038596
0.370 2.51e-07 0.040033
0.390 2.51e-07 0.041145
0.410 2.51e-07 0.042407
0.430 2.51e-07 0.043385
0.450 2.51e-07 0.044228
0.470 2.51e-07 0.044969
0.490 2.51e-07 0.045736
0.510 2.51e-07 0.046308
0.530 2.51e-07 0.046871
0.220 5.01e-07 0.042227
0.250 5.01e-07 0.045553
0.270 5.01e-07 0.0464
0.290 5.01e-07 0.047046
0.310 5.01e-07 0.047062
0.330 5.01e-07 0.046987
0.350 5.01e-07 0.046773
0.370 5.01e-07 0.046375
0.390 5.01e-07 0.045741
0.410 5.01e-07 0.045186
0.430 5.01e-07 0.0445
0.450 5.01e-07 0.043761
0.470 5.01e-07 0.042874
0.490 5.01e-07 0.041901
0.510 5.01e-07 0.040967
0.530 5.01e-07 0.039731
0.220 1.00e-06 0.042804
0.250 1.00e-06 0.038684
0.270 1.00e-06 0.036281
0.290 1.00e-06 0.032877
0.310 1.00e-06 0.032134
0.330 1.00e-06 0.029837
0.350 1.00e-06 0.027993
0.370 1.00e-06 0.026149
0.390 1.00e-06 0.024656
0.410 1.00e-06 0.022812
0.430 1.00e-06 0.021273
0.450 1.00e-06 0.019825
0.470 1.00e-06 0.018459
0.490 1.00e-06 0.016933
0.510 1.00e-06 0.015674
0.530 1.00e-06 0.014244
0.220 1.99e-06 0.021831
0.250 1.99e-06 0.014848
0.270 1.99e-06 0.012295
0.290 1.99e-06 0.00908
0.310 1.99e-06 0.008592
0.330 1.99e-06 0.007083
0.350 1.99e-06 0.006029
0.370 1.99e-06 0.005024
0.390 1.99e-06 0.004268
0.410 1.99e-06 0.003522
0.430 1.99e-06 0.002944
0.450 1.99e-06 0.002466
0.470 1.99e-06 0.002075
0.490 1.99e-06 0.001717
0.510 1.99e-06 0.001429
0.530 1.99e-06 0.00115
0.220 3.98e-06 0.003938
0.250 3.98e-06 0.001576
0.270 3.98e-06 0.001068
0.290 3.98e-06 0.000516
0.310 3.98e-06 0.000427
0.330 3.98e-06 0.000302
0.350 3.98e-06 0.000205
0.370 3.98e-06 0.000125
0.390 3.98e-06 8.7e-05
0.410 3.98e-06 5.5e-05
0.430 3.98e-06 2.7e-05
0.450 3.98e-06 1.6e-05
0.470 3.98e-06 1.1e-05
0.490 3.98e-06 7e-06
0.510 3.98e-06 4e-06
0.530 3.98e-06 2e-06
0.220 7.94e-06 9.2e-05
0.250 7.94e-06 1.4e-05
0.270 7.94e-06 3e-06
0.290 7.94e-06 1e-06
0.310 7.94e-06 0.0
0.330 7.94e-06 0.0
0.350 7.94e-06 0.0
0.370 7.94e-06 0.0
0.390 7.94e-06 0.0
0.410 7.94e-06 0.0
0.430 7.94e-06 0.0
0.450 7.94e-06 0.0
0.470 7.94e-06 0.0
0.490 7.94e-06 0.0
0.510 7.94e-06 0.0
0.530 7.94e-06 0.0
0.220 1.58e-05 0.0
0.250 1.58e-05 0.0
0.270 1.58e-05 0.0
0.290 1.58e-05 0.0
0.310 1.58e-05 0.0
0.330 1.58e-05 0.0
0.350 1.58e-05 0.0
0.370 1.58e-05 0.0
0.390 1.58e-05 0.0
0.410 1.58e-05 0.0
0.430 1.58e-05 0.0
0.450 1.58e-05 0.0
0.470 1.58e-05 0.0
0.490 1.58e-05 0.0
0.510 1.58e-05 0.0
0.530 1.58e-05 0.0
0.220 3.16e-05 0.0
0.250 3.16e-05 0.0
0.270 3.16e-05 0.0
0.290 3.16e-05 0.0
0.310 3.16e-05 0.0
0.330 3.16e-05 0.0
0.350 3.16e-05 0.0
0.370 3.16e-05 0.0
0.390 3.16e-05 0.0
0.410 3.16e-05 0.0
0.430 3.16e-05 0.0
0.450 3.16e-05 0.0
0.470 3.16e-05 0.0
0.490 3.16e-05 0.0
0.510 3.16e-05 0.0
0.530 3.16e-05 0.0
0.220 6.31e-05 0.0
0.250 6.31e-05 0.0
0.270 6.31e-05 0.0
0.290 6.31e-05 0.0
0.310 6.31e-05 0.0
0.330 6.31e-05 0.0
0.350 6.31e-05 0.0
0.370 6.31e-05 0.0
0.390 6.31e-05 0.0
0.410 6.31e-05 0.0
0.430 6.31e-05 0.0
0.450 6.31e-05 0.0
0.470 6.31e-05 0.0
0.490 6.31e-05 0.0
0.510 6.31e-05 0.0
0.530 6.31e-05 0.0
0.220 1.26e-04 0.0
0.250 1.26e-04 0.0
0.270 1.26e-04 0.0
0.290 1.26e-04 0.0
0.310 1.26e-04 0.0
0.330 1.26e-04 0.0
0.350 1.26e-04 0.0
0.370 1.26e-04 0.0
0.390 1.26e-04 0.0
0.410 1.26e-04 0.0
0.430 1.26e-04 0.0
0.450 1.26e-04 0.0
0.470 1.26e-04 0.0
0.490 1.26e-04 0.0
0.510 1.26e-04 0.0
0.530 1.26e-04 0.0
0.220 2.51e-04 0.0
0.250 2.51e-04 0.0
0.270 2.51e-04 0.0
0.290 2.51e-04 0.0
0.310 2.51e-04 0.0
0.330 2.51e-04 0.0
0.350 2.51e-04 0.0
0.370 2.51e-04 0.0
0.390 2.51e-04 0.0
0.410 2.51e-04 0.0
0.430 2.51e-04 0.0
0.450 2.51e-04 0.0
0.470 2.51e-04 0.0
0.490 2.51e-04 0.0
0.510 2.51e-04 0.0
0.530 2.51e-04 0.0
0.220 5.01e-04 0.0
0.250 5.01e-04 0.0
0.270 5.01e-04 0.0
0.290 5.01e-04 0.0
0.310 5.01e-04 0.0
0.330 5.01e-04 0.0
0.350 5.01e-04 0.0
0.370 5.01e-04 0.0
0.390 5.01e-04 0.0
0.410 5.01e-04 0.0
0.430 5.01e-04 0.0
0.450 5.01e-04 0.0
0.470 5.01e-04 0.0
0.490 5.01e-04 0.0
0.510 5.01e-04 0.0
0.530 5.01e-04 0.0
0.220 1.00e-03 0.0
0.250 1.00e-03 0.0
0.270 1.00e-03 0.0
0.290 1.00e-03 0.0
0.310 1.00e-03 0.0
0.330 1.00e-03 0.0
0.350 1.00e-03 0.0
0.370 1.00e-03 0.0
0.390 1.00e-03 0.0
0.410 1.00e-03 0.0
0.430 1.00e-03 0.0
0.450 1.00e-03 0.0
0.470 1.00e-03 0.0
0.490 1.00e-03 0.0
0.510 1.00e-03 0.0
0.530 1.00e-03 0.0
0.220 1.00e-09 1e-06
0.250 1.00e-09 1e-06
0.270 1.00e-09 1e-06
0.290 1.00e-09 1e-06
0.310 1.00e-09 1e-06
0.330 1.00e-09 1e-06
0.350 1.00e-09 1e-06
0.370 1.00e-09 1e-06
0.390 1.00e-09 2e-06
0.410 1.00e-09 2e-06
0.430 1.00e-09 2e-06
0.450 1.00e-09 2e-06
0.470 1.00e-09 2e-06
0.490 1.00e-09 2e-06
0.510 1.00e-09 3e-06
0.530 1.00e-09 3e-06
0.220 2.00e-09 2e-06
0.250 2.00e-09 3e-06
0.270 2.00e-09 3e-06
0.290 2.00e-09 4e-06
0.310 2.00e-09 4e-06
0.330 2.00e-09 5e-06
0.350 2.00e-09 5e-06
0.370 2.00e-09 6e-06
0.390 2.00e-09 6e-06
0.410 2.00e-09 7e-06
0.430 2.00e-09 7e-06
0.450 2.00e-09 8e-06
0.470 2.00e-09 9e-06
0.490 2.00e-09 9e-06
0.510 2.00e-09 1e-05
0.530 2.00e-09 1.1e-05
0.220 4.00e-09 8e-06
0.250 4.00e-09 1.2e-05
0.270 4.00e-09 1.4e-05
0.290 4.00e-09 1.7e-05
0.310 4.00e-09 1.7e-05
0.330 4.00e-09 1.9e-05
0.350 4.00e-09 2.1e-05
0.370 4.00e-09 2.3e-05
0.390 4.00e-09 2.5e-05
0.410 4.00e-09 2.7e-05
0.430 4.00e-09 3e-05
0.450 4.00e-09 3.2e-05
0.470 4.00e-09 3.4e-05
0.490 4.00e-09 3.7e-05
0.510 4.00e-09 4e-05
0.530 4.00e-09 4.3e-05
0.220 8.00e-09 3.2e-05
0.250 8.00e-09 4.6e-05
0.270 8.00e-09 5.4e-05
0.290 8.00e-09 6.6e-05
0.310 8.00e-09 6.8e-05
0.330 8.00e-09 7.7e-05
0.350 8.00e-09 8.4e-05
0.370 8.00e-09 9.2e-05
0.390 8.00e-09 0.0001
0.410 8.00e-09 0.000109
0.430 8.00e-09 0.000118
0.450 8.00e-09 0.000127
0.470 8.00e-09 0.000136
0.490 8.00e-09 0.000147
0.510 8.00e-09 0.000158
0.530 8.00e-09 0.000172
0.220 1.60e-08 0.000127
0.250 1.60e-08 0.000185
0.270 1.60e-08 0.000214
0.290 1.60e-08 0.000262
0.310 1.60e-08 0.000272
0.330 1.60e-08 0.000305
0.350 1.60e-08 0.000333
0.370 1.60e-08 0.000365
0.390 1.60e-08 0.000398
0.410 1.60e-08 0.000432
0.430 1.60e-08 0.000467
0.450 1.60e-08 0.000502
0.470 1.60e-08 0.000541
0.490 1.60e-08 0.000584
0.510 1.60e-08 0.000625
0.530 1.60e-08 0.000679
0.220 3.20e-08 0.000503
0.250 3.20e-08 0.00073
0.270 3.20e-08 0.000846
0.290 3.20e-08 0.001032
0.310 3.20e-08 0.001072
0.330 3.20e-08 0.001202
0.350 3.20e-08 0.001311
0.370 3.20e-08 0.001436
0.390 3.20e-08 0.001561
0.410 3.20e-08 0.001695
0.430 3.20e-08 0.001829
0.450 3.20e-08 0.001965
0.470 3.20e-08 0.002113
0.490 3.20e-08 0.002278
0.510 3.20e-08 0.002437
0.530 3.20e-08 0.002642
0.220 6.30e-08 0.001966
0.250 6.30e-08 0.002831
0.270 6.30e-08 0.003267
0.290 6.30e-08 0.003963
0.310 6.30e-08 0.004109
0.330 6.30e-08 0.00459
0.350 6.30e-08 0.004987
0.370 6.30e-08 0.005439
0.390 6.30e-08 0.00589
0.410 6.30e-08 0.006366
0.430 6.30e-08 0.006841
0.450 6.30e-08 0.007318
0.470 6.30e-08 0.007829
0.490 6.30e-08 0.008396
0.510 6.30e-08 0.008932
0.530 6.30e-08 0.009617
0.220 1.26e-07 0.007275
0.250 1.26e-07 0.010175
0.270 1.26e-07 0.011584
0.290 1.26e-07 0.013732
0.310 1.26e-07 0.014171
0.330 1.26e-07 0.015589
0.350 1.26e-07 0.01674
0.370 1.26e-07 0.017993
0.390 1.26e-07 0.019193
0.410 1.26e-07 0.020448
0.430 1.26e-07 0.021644
0.450 1.26e-07 0.022808
0.470 1.26e-07 0.023994
0.490 1.26e-07 0.025286
0.510 1.26e-07 0.02644
0.530 1.26e-07 0.027855
0.220 2.51e-07 0.022252
0.250 2.51e-07 0.028384
0.270 2.51e-07 0.031008
0.290 2.51e-07 0.034449
0.310 2.51e-07 0.035119
0.330 2.51e-07 0.037066
0.350 2.51e-07 0.038596
0.370 2.51e-07 0.040033
0.390 2.51e-07 0.041145
0.410 2.51e-07 0.042407
0.430 2.51e-07 0.043385
0.450 2.51e-07 0.044228
0.470 2.51e-07 0.044969
0.490 2.51e-07 0.045736
0.510 2.51e-07 0.046308
0.530 2.51e-07 0.046871
0.220 5.01e-07 0.042227
0.250 5.01e-07 0.045553
0.270 5.01e-07 0.0464
0.290 5.01e-07 0.047046
0.310 5.01e-07 0.047062
0.330 5.01e-07 0.046987
0.350 5.01e-07 0.046773
0.370 5.01e-07 0.046375
0.390 5.01e-07 0.045741
0.410 5.01e-07 0.045186
0.430 5.01e-07 0.0445
0.450 5.01e-07 0.043761
0.470 5.01e-07 0.042874
0.490 5.01e-07 0.041901
0.510 5.01e-07 0.040967
0.530 5.01e-07 0.039731
0.220 1.00e-06 0.042804
0.250 1.00e-06 0.038684
0.270 1.00e-06 0.036281
0.290 1.00e-06 0.032877
0.310 1.00e-06 0.032134
0.330 1.00e-06 0.029837
0.350 1.00e-06 0.027993
0.370 1.00e-06 0.026149
0.390 1.00e-06 0.024656
0.410 1.00e-06 0.022812
0.430 1.00e-06 0.021273
0.450 1.00e-06 0.019825
0.470 1.00e-06 0.018459
0.490 1.00e-06 0.016933
0.510 1.00e-06 0.015674
0.530 1.00e-06 0.014244
0.220 1.99e-06 0.021831
0.250 1.99e-06 0.014848
0.270 1.99e-06 0.012295
0.290 1.99e-06 0.00908
0.310 1.99e-06 0.008592
0.330 1.99e-06 0.007083
0.350 1.99e-06 0.006029
0.370 1.99e-06 0.005024
0.390 1.99e-06 0.004268
0.410 1.99e-06 0.003522
0.430 1.99e-06 0.002944
0.450 1.99e-06 0.002466
0.470 1.99e-06 0.002075
0.490 1.99e-06 0.001717
0.510 1.99e-06 0.001429
0.530 1.99e-06 0.00115
0.220 3.98e-06 0.003938
0.250 3.98e-06 0.001576
0.270 3.98e-06 0.001068
0.290 3.98e-06 0.000516
0.310 3.98e-06 0.000427
0.330 3.98e-06 0.000302
0.350 3.98e-06 0.000205
0.370 3.98e-06 0.000125
0.390 3.98e-06 8.7e-05
0.410 3.98e-06 5.5e-05
0.430 3.98e-06 2.7e-05
0.450 3.98e-06 1.6e-05
0.470 3.98e-06 1.1e-05
0.490 3.98e-06 7e-06
0.510 3.98e-06 4e-06
0.530 3.98e-06 2e-06
0.220 7.94e-06 9.2e-05
0.250 7.94e-06 1.4e-05
0.270 7.94e-06 3e-06
0.290 7.94e-06 1e-06
0.310 7.94e-06 0.0
0.330 7.94e-06 0.0
0.350 7.94e-06 0.0
0.370 7.94e-06 0.0
0.390 7.94e-06 0.0
0.410 7.94e-06 0.0
0.430 7.94e-06 0.0
0.450 7.94e-06 0.0
0.470 7.94e-06 0.0
0.490 7.94e-06 0.0
0.510 7.94e-06 0.0
0.530 7.94e-06 0.0
0.220 1.58e-05 0.0
0.250 1.58e-05 0.0
0.270 1.58e-05 0.0
0.290 1.58e-05 0.0
0.310 1.58e-05 0.0
0.330 1.58e-05 0.0
0.350 1.58e-05 0.0
0.370 1.58e-05 0.0
0.390 1.58e-05 0.0
0.410 1.58e-05 0.0
0.430 1.58e-05 0.0
0.450 1.58e-05 0.0
0.470 1.58e-05 0.0
0.490 1.58e-05 0.0
0.510 1.58e-05 0.0
0.530 1.58e-05 0.0
0.220 3.16e-05 0.0
0.250 3.16e-05 0.0
0.270 3.16e-05 0.0
0.290 3.16e-05 0.0
0.310 3.16e-05 0.0
0.330 3.16e-05 0.0
0.350 3.16e-05 0.0
0.370 3.16e-05 0.0
0.390 3.16e-05 0.0
0.410 3.16e-05 0.0
0.430 3.16e-05 0.0
0.450 3.16e-05 0.0
0.470 3.16e-05 0.0
0.490 3.16e-05 0.0
0.510 3.16e-05 0.0
0.530 3.16e-05 0.0
0.220 6.31e-05 0.0
0.250 6.31e-05 0.0
0.270 6.31e-05 0.0
0.290 6.31e-05 0.0
0.310 6.31e-05 0.0
0.330 6.31e-05 0.0
0.350 6.31e-05 0.0
0.370 6.31e-05 0.0
0.390 6.31e-05 0.0
0.410 6.31e-05 0.0
0.430 6.31e-05 0.0
0.450 6.31e-05 0.0
0.470 6.31e-05 0.0
0.490 6.31e-05 0.0
0.510 6.31e-05 0.0
0.530 6.31e-05 0.0
0.220 1.26e-04 0.0
0.250 1.26e-04 0.0
0.270 1.26e-04 0.0
0.290 1.26e-04 0.0
0.310 1.26e-04 0.0
0.330 1.26e-04 0.0
0.350 1.26e-04 0.0
0.370 1.26e-04 0.0
0.390 1.26e-04 0.0
0.410 1.26e-04 0.0
0.430 1.26e-04 0.0
0.450 1.26e-04 0.0
0.470 1.26e-04 0.0
0.490 1.26e-04 0.0
0.510 1.26e-04 0.0
0.530 1.26e-04 0.0
0.220 2.51e-04 0.0
0.250 2.51e-04 0.0
0.270 2.51e-04 0.0
0.290 2.51e-04 0.0
0.310 2.51e-04 0.0
0.330 2.51e-04 0.0
0.350 2.51e-04 0.0
0.370 2.51e-04 0.0
0.390 2.51e-04 0.0
0.410 2.51e-04 0.0
0.430 2.51e-04 0.0
0.450 2.51e-04 0.0
0.470 2.51e-04 0.0
0.490 2.51e-04 0.0
0.510 2.51e-04 0.0
0.530 2.51e-04 0.0
0.220 5.01e-04 0.0
0.250 5.01e-04 0.0
0.270 5.01e-04 0.0
0.290 5.01e-04 0.0
0.310 5.01e-04 0.0
0.330 5.01e-04 0.0
0.350 5.01e-04 0.0
0.370 5.01e-04 0.0
0.390 5.01e-04 0.0
0.410 5.01e-04 0.0
0.430 5.01e-04 0.0
0.450 5.01e-04 0.0
0.470 5.01e-04 0.0
0.490 5.01e-04 0.0
0.510 5.01e-04 0.0
0.530 5.01e-04 0.0
0.220 1.00e-03 0.0
0.250 1.00e-03 0.0
0.270 1.00e-03 0.0
0.290 1.00e-03 0.0
0.310 1.00e-03 0.0
0.330 1.00e-03 0.0
0.350 1.00e-03 0.0
0.370 1.00e-03 0.0
0.390 1.00e-03 0.0
0.410 1.00e-03 0.0
0.430 1.00e-03 0.0
0.450 1.00e-03 0.0
0.470 1.00e-03 0.0
0.490 1.00e-03 0.0
0.510 1.00e-03 0.0
0.530 1.00e-03 0.0
0.220 1.00e-09 1e-06
0.250 1.00e-09 1e-06
0.270 1.00e-09 1e-06
0.290 1.00e-09 1e-06
0.310 1.00e-09 1e-06
0.330 1.00e-09 1e-06
0.350 1.00e-09 1e-06
0.370 1.00e-09 1e-06
0.390 1.00e-09 2e-06
0.410 1.00e-09 2e-06
0.430 1.00e-09 2e-06
0.450 1.00e-09 2e-06
0.470 1.00e-09 2e-06
0.490 1.00e-09 2e-06
0.510 1.00e-09 3e-06
0.530 1.00e-09 3e-06
0.220 2.00e-09 2e-06
0.250 2.00e-09 3e-06
0.270 2.00e-09 3e-06
0.290 2.00e-09 4e-06
0.310 2.00e-09 4e-06
0.330 2.00e-09 5e-06
0.350 2.00e-09 5e-06
0.370 2.00e-09 6e-06
0.390 2.00e-09 6e-06
0.410 2.00e-09 7e-06
0.430 2.00e-09 7e-06
0.450 2.00e-09 8e-06
0.470 2.00e-09 9e-06
0.490 2.00e-09 9e-06
0.510 2.00e-09 1e-05
0.530 2.00e-09 1.1e-05
0.220 4.00e-09 8e-06
0.250 4.00e-09 1.2e-05
0.270 4.00e-09 1.4e-05
0.290 4.00e-09 1.7e-05
0.310 4.00e-09 1.7e-05
0.330 4.00e-09 1.9e-05
0.350 4.00e-09 2.1e-05
0.370 4.00e-09 2.3e-05
0.390 4.00e-09 2.5e-05
0.410 4.00e-09 2.7e-05
0.430 4.00e-09 3e-05
0.450 4.00e-09 3.2e-05
0.470 4.00e-09 3.4e-05
0.490 4.00e-09 3.7e-05
0.510 4.00e-09 4e-05
0.530 4.00e-09 4.3e-05
0.220 8.00e-09 3.2e-05
0.250 8.00e-09 4.6e-05
0.270 8.00e-09 5.4e-05
0.290 8.00e-09 6.6e-05
0.310 8.00e-09 6.8e-05
0.330 8.00e-09 7.7e-05
0.350 8.00e-09 8.4e-05
0.370 8.00e-09 9.2e-05
0.390 8.00e-09 0.0001
0.410 8.00e-09 0.000109
0.430 8.00e-09 0.000118
0.450 8.00e-09 0.000127
0.470 8.00e-09 0.000136
0.490 8.00e-09 0.000147
0.510 8.00e-09 0.000158
0.530 8.00e-09 0.000172
0.220 1.60e-08 0.000127
0.250 1.60e-08 0.000185
0.270 1.60e-08 0.000214
0.290 1.60e-08 0.000262
0.310 1.60e-08 0.000272
0.330 1.60e-08 0.000305
0.350 1.60e-08 0.000333
0.370 1.60e-08 0.000365
0.390 1.60e-08 0.000398
0.410 1.60e-08 0.000432
0.430 1.60e-08 0.000467
0.450 1.60e-08 0.000502
0.470 1.60e-08 0.000541
0.490 1.60e-08 0.000584
0.510 1.60e-08 0.000625
0.530 1.60e-08 0.000679
0.220 3.20e-08 0.000503
0.250 3.20e-08 0.00073
0.270 3.20e-08 0.000846
0.290 3.20e-08 0.001032
0.310 3.20e-08 0.001072
0.330 3.20e-08 0.001202
0.350 3.20e-08 0.001311
0.370 3.20e-08 0.001436
0.390 3.20e-08 0.001561
0.410 3.20e-08 0.001695
0.430 3.20e-08 0.001829
0.450 3.20e-08 0.001965
0.470 3.20e-08 0.002113
0.490 3.20e-08 0.002278
0.510 3.20e-08 0.002437
0.530 3.20e-08 0.002642
0.220 6.30e-08 0.001966
0.250 6.30e-08 0.002831
0.270 6.30e-08 0.003267
0.290 6.30e-08 0.003963
0.310 6.30e-08 0.004109
0.330 6.30e-08 0.00459
0.350 6.30e-08 0.004987
0.370 6.30e-08 0.005439
0.390 6.30e-08 0.00589
0.410 6.30e-08 0.006366
0.430 6.30e-08 0.006841
0.450 6.30e-08 0.007318
0.470 6.30e-08 0.007829
0.490 6.30e-08 0.008396
0.510 6.30e-08 0.008932
0.530 6.30e-08 0.009617
0.220 1.26e-07 0.007275
0.250 1.26e-07 0.010175
0.270 1.26e-07 0.011584
0.290 1.26e-07 0.013732
0.310 1.26e-07 0.014171
0.330 1.26e-07 0.015589
0.350 1.26e-07 0.01674
0.370 1.26e-07 0.017993
0.390 1.26e-07 0.019193
0.410 1.26e-07 0.020448
0.430 1.26e-07 0.021644
0.450 1.26e-07 0.022808
0.470 1.26e-07 0.023994
0.490 1.26e-07 0.025286
0.510 1.26e-07 0.02644
0.530 1.26e-07 0.027855
0.220 2.51e-07 0.022252
0.250 2.51e-07 0.028384
0.270 2.51e-07 0.031008
0.290 2.51e-07 0.034449
0.310 2.51e-07 0.035119
0.330 2.51e-07 0.037066
0.350 2.51e-07 0.038596
0.370 2.51e-07 0.040033
0.390 2.51e-07 0.041145
0.410 2.51e-07 0.042407
0.430 2.51e-07 0.043385
0.450 2.51e-07 0.044228
0.470 2.51e-07 0.044969
0.490 2.51e-07 0.045736
0.510 2.51e-07 0.046308
0.530 2.51e-07 0.046871
0.220 5.01e-07 0.042227
0.250 5.01e-07 0.045553
0.270 5.01e-07 0.0464
0.290 5.01e-07 0.047046
0.310 5.01e-07 0.047062
0.330 5.01e-07 0.046987
0.350 5.01e-07 0.046773
0.370 5.01e-07 0.046375
0.390 5.01e-07 0.045741
0.410 5.01e-07 0.045186
0.430 5.01e-07 0.0445
0.450 5.01e-07 0.043761
0.470 5.01e-07 0.042874
0.490 5.01e-07 0.041901
0.510 5.01e-07 0.040967
0.530 5.01e-07 0.039731
0.220 1.00e-06 0.042804
0.250 1.00e-06 0.038684
0.270 1.00e-06 0.036281
0.290 1.00e-06 0.032877
0.310 1.00e-06 0.032134
0.330 1.00e-06 0.029837
0.350 1.00e-06 0.027993
0.370 1.00e-06 0.026149
0.390 1.00e-06 0.024656
0.410 1.00e-06 0.022812
0.430 1.00e-06 0.021273
0.450 1.00e-06 0.019825
0.470 1.00e-06 0.018459
0.490 1.00e-06 0.016933
0.510 1.00e-06 0.015674
0.530 1.00e-06 0.014244
0.220 1.99e-06 0.021831
0.250 1.99e-06 0.014848
0.270 1.99e-06 0.012295
0.290 1.99e-06 0.00908
0.310 1.99e-06 0.008592
0.330 1.99e-06 0.007083
0.350 1.99e-06 0.006029
0.370 1.99e-06 0.005024
0.390 1.99e-06 0.004268
0.410 1.99e-06 0.003522
0.430 1.99e-06 0.002944
0.450 1.99e-06 0.002466
0.470 1.99e-06 0.002075
0.490 1.99e-06 0.001717
0.510 1.99e-06 0.001429
0.530 1.99e-06 0.00115
0.220 3.98e-06 0.003938
0.250 3.98e-06 0.001576
0.270 3.98e-06 0.001068
0.290 3.98e-06 0.000516
0.310 3.98e-06 0.000427
0.330 3.98e-06 0.000302
0.350 3.98e-06 0.000205
0.370 3.98e-06 0.000125
0.390 3.98e-06 8.7e-05
0.410 3.98e-06 5.5e-05
0.430 3.98e-06 2.7e-05
0.450 3.98e-06 1.6e-05
0.470 3.98e-06 1.1e-05
0.490 3.98e-06 7e-06
0.510 3.98e-06 4e-06
0.530 3.98e-06 2e-06
0.220 7.94e-06 9.2e-05
0.250 7.94e-06 1.4e-05
0.270 7.94e-06 3e-06
0.290 7.94e-06 1e-06
0.310 7.94e-06 0.0
0.330 7.94e-06 0.0
0.350 7.94e-06 0.0
0.370 7.94e-06 0.0
0.390 7.94e-06 0.0
0.410 7.94e-06 0.0
0.430 7.94e-06 0.0
0.450 7.94e-06 0.0
0.470 7.94e-06 0.0
0.490 7.94e-06 0.0
0.510 7.94e-06 0.0
0.530 7.94e-06 0.0
0.220 1.58e-05 0.0
0.250 1.58e-05 0.0
0.270 1.58e-05 0.0
0.290 1.58e-05 0.0
0.310 1.58e-05 0.0
0.330 1.58e-05 0.0
0.350 1.58e-05 0.0
0.370 1.58e-05 0.0
0.390 1.58e-05 0.0
0.410 1.58e-05 0.0
0.430 1.58e-05 0.0
0.450 1.58e-05 0.0
0.470 1.58e-05 0.0
0.490 1.58e-05 0.0
0.510 1.58e-05 0.0
0.530 1.58e-05 0.0
0.220 3.16e-05 0.0
0.250 3.16e-05 0.0
0.270 3.16e-05 0.0
0.290 3.16e-05 0.0
0.310 3.16e-05 0.0
0.330 3.16e-05 0.0
0.350 3.16e-05 0.0
0.370 3.16e-05 0.0
0.390 3.16e-05 0.0
0.410 3.16e-05 0.0
0.430 3.16e-05 0.0
0.450 3.16e-05 0.0
0.470 3.16e-05 0.0
0.490 3.16e-05 0.0
0.510 3.16e-05 0.0
0.530 3.16e-05 0.0
0.220 6.31e-05 0.0
0.250 6.31e-05 0.0
0.270 6.31e-05 0.0
0.290 6.31e-05 0.0
0.310 6.31e-05 0.0
0.330 6.31e-05 0.0
0.350 6.31e-05 0.0
0.370 6.31e-05 0.0
0.390 6.31e-05 0.0
0.410 6.31e-05 0.0
0.430 6.31e-05 0.0
0.450 6.31e-05 0.0
0.470 6.31e-05 0.0
0.490 6.31e-05 0.0
0.510 6.31e-05 0.0
0.530 6.31e-05 0.0
0.220 1.26e-04 0.0
0.250 1.26e-04 0.0
0.270 1.26e-04 0.0
0.290 1.26e-04 0.0
0.310 1.26e-04 0.0
0.330 1.26e-04 0.0
0.350 1.26e-04 0.0
0.370 1.26e-04 0.0
0.390 1.26e-04 0.0
0.410 1.26e-04 0.0
0.430 1.26e-04 0.0
0.450 1.26e-04 0.0
0.470 1.26e-04 0.0
0.490 1.26e-04 0.0
0.510 1.26e-04 0.0
0.530 1.26e-04 0.0
0.220 2.51e-04 0.0
0.250 2.51e-04 0.0
0.270 2.51e-04 0.0
0.290 2.51e-04 0.0
0.310 2.51e-04 0.0
0.330 2.51e-04 0.0
0.350 2.51e-04 0.0
0.370 2.51e-04 0.0
0.390 2.51e-04 0.0
0.410 2.51e-04 0.0
0.430 2.51e-04 0.0
0.450 2.51e-04 0.0
0.470 2.51e-04 0.0
0.490 2.51e-04 0.0
0.510 2.51e-04 0.0
0.530 2.51e-04 0.0
0.220 5.01e-04 0.0
0.250 5.01e-04 0.0
0.270 5.01e-04 0.0
0.290 5.01e-04 0.0
0.310 5.01e-04 0.0
0.330 5.01e-04 0.0
0.350 5.01e-04 0.0
0.370 5.01e-04 0.0
0.390 5.01e-04 0.0
0.410 5.01e-04 0.0
0.430 5.01e-04 0.0
0.450 5.01e-04 0.0
0.470 5.01e-04 0.0
0.490 5.01e-04 0.0
0.510 5.01e-04 0.0
0.530 5.01e-04 0.0
0.220 1.00e-03 0.0
0.250 1.00e-03 0.0
0.270 1.00e-03 0.0
0.290 1.00e-03 0.0
0.310 1.00e-03 0.0
0.330 1.00e-03 0.0
0.350 1.00e-03 0.0
0.370 1.00e-03 0.0
0.390 1.00e-03 0.0
0.410 1.00e-03 0.0
0.430 1.00e-03 0.0
0.450 1.00e-03 0.0
0.470 1.00e-03 0.0
0.490 1.00e-03 0.0
0.510 1.00e-03 0.0
0.530 1.00e-03 0.0
