0.001 1.00e-09 0.0
0.002 1.00e-09 0.0
0.003 1.00e-09 0.0
0.004 1.00e-09 0.0
0.005 1.00e-09 0.0
0.007 1.00e-09 0.0
0.010 1.00e-09 0.0
0.020 1.00e-09 0.0
0.040 1.00e-09 0.0
0.060 1.00e-09 0.0
0.080 1.00e-09 0.0
0.100 1.00e-09 0.0
0.120 1.00e-09 0.0
0.140 1.00e-09 0.0
0.160 1.00e-09 0.0
0.180 1.00e-09 0.0
0.200 1.00e-09 0.0
0.220 1.00e-09 1e-06
0.250 1.00e-09 1e-06
0.270 1.00e-09 1e-06
0.290 1.00e-09 1e-06
0.310 1.00e-09 1e-06
0.330 1.00e-09 1e-06
0.350 1.00e-09 1e-06
0.370 1.00e-09 1e-06
0.390 1.00e-09 2e-06
0.410 1.00e-09 2e-06
0.430 1.00e-09 2e-06
0.450 1.00e-09 2e-06
0.470 1.00e-09 2e-06
0.490 1.00e-09 2e-06
0.510 1.00e-09 3e-06
0.530 1.00e-09 3e-06
0.001 2.00e-09 0.0
0.002 2.00e-09 0.0
0.003 2.00e-09 0.0
0.004 2.00e-09 0.0
0.005 2.00e-09 0.0
0.007 2.00e-09 0.0
0.010 2.00e-09 0.0
0.020 2.00e-09 0.0
0.040 2.00e-09 0.0
0.060 2.00e-09 0.0
0.080 2.00e-09 0.0
0.100 2.00e-09 0.0
0.120 2.00e-09 1e-06
0.140 2.00e-09 1e-06
0.160 2.00e-09 1e-06
0.180 2.00e-09 1e-06
0.200 2.00e-09 1e-06
0.220 2.00e-09 2e-06
0.250 2.00e-09 3e-06
0.270 2.00e-09 3e-06
0.290 2.00e-09 4e-06
0.310 2.00e-09 4e-06
0.330 2.00e-09 5e-06
0.350 2.00e-09 5e-06
0.370 2.00e-09 6e-06
0.390 2.00e-09 6e-06
0.410 2.00e-09 7e-06
0.430 2.00e-09 7e-06
0.450 2.00e-09 8e-06
0.470 2.00e-09 9e-06
0.490 2.00e-09 9e-06
0.510 2.00e-09 1e-05
0.530 2.00e-09 1.1e-05
0.001 4.00e-09 0.0
0.002 4.00e-09 0.0
0.003 4.00e-09 0.0
0.004 4.00e-09 0.0
0.005 4.00e-09 0.0
0.007 4.00e-09 0.0
0.010 4.00e-09 0.0
0.020 4.00e-09 0.0
0.040 4.00e-09 0.0
0.060 4.00e-09 1e-06
0.080 4.00e-09 1e-06
0.100 4.00e-09 2e-06
0.120 4.00e-09 2e-06
0.140 4.00e-09 3e-06
0.160 4.00e-09 4e-06
0.180 4.00e-09 4e-06
0.200 4.00e-09 5e-06
0.220 4.00e-09 8e-06
0.250 4.00e-09 1.2e-05
0.270 4.00e-09 1.4e-05
0.290 4.00e-09 1.7e-05
0.310 4.00e-09 1.7e-05
0.330 4.00e-09 1.9e-05
0.350 4.00e-09 2.1e-05
0.370 4.00e-09 2.3e-05
0.390 4.00e-09 2.5e-05
0.410 4.00e-09 2.7e-05
0.430 4.00e-09 3e-05
0.450 4.00e-09 3.2e-05
0.470 4.00e-09 3.4e-05
0.490 4.00e-09 3.7e-05
0.510 4.00e-09 4e-05
0.530 4.00e-09 4.3e-05
0.001 8.00e-09 0.0
0.002 8.00e-09 0.0
0.003 8.00e-09 0.0
0.004 8.00e-09 0.0
0.005 8.00e-09 0.0
0.007 8.00e-09 0.0
0.010 8.00e-09 0.0
0.020 8.00e-09 0.0
0.040 8.00e-09 1e-06
0.060 8.00e-09 3e-06
0.080 8.00e-09 5e-06
0.100 8.00e-09 7e-06
0.120 8.00e-09 9e-06
0.140 8.00e-09 1.2e-05
0.160 8.00e-09 1.4e-05
0.180 8.00e-09 1.7e-05
0.200 8.00e-09 2e-05
0.220 8.00e-09 3.2e-05
0.250 8.00e-09 4.6e-05
0.270 8.00e-09 5.4e-05
0.290 8.00e-09 6.6e-05
0.310 8.00e-09 6.9e-05
0.330 8.00e-09 7.6e-05
0.350 8.00e-09 8.4e-05
0.370 8.00e-09 9.2e-05
0.390 8.00e-09 0.0001
0.410 8.00e-09 0.000109
0.430 8.00e-09 0.000118
0.450 8.00e-09 0.000127
0.470 8.00e-09 0.000136
0.490 8.00e-09 0.000147
0.510 8.00e-09 0.000158
0.530 8.00e-09 0.000172
0.001 1.60e-08 0.0
0.002 1.60e-08 0.0
0.003 1.60e-08 0.0
0.004 1.60e-08 0.0
0.005 1.60e-08 0.0
0.007 1.60e-08 0.0
0.010 1.60e-08 0.0
0.020 1.60e-08 1e-06
0.040 1.60e-08 5e-06
0.060 1.60e-08 1.1e-05
0.080 1.60e-08 1.8e-05
0.100 1.60e-08 2.7e-05
0.120 1.60e-08 3.6e-05
0.140 1.60e-08 4.6e-05
0.160 1.60e-08 5.7e-05
0.180 1.60e-08 6.8e-05
0.200 1.60e-08 7.8e-05
0.220 1.60e-08 0.000127
0.250 1.60e-08 0.000185
0.270 1.60e-08 0.000216
0.290 1.60e-08 0.000262
0.310 1.60e-08 0.000273
0.330 1.60e-08 0.000303
0.350 1.60e-08 0.000333
0.370 1.60e-08 0.000366
0.390 1.60e-08 0.000397
0.410 1.60e-08 0.000432
0.430 1.60e-08 0.000467
0.450 1.60e-08 0.000503
0.470 1.60e-08 0.00054
0.490 1.60e-08 0.000584
0.510 1.60e-08 0.000625
0.530 1.60e-08 0.000679
0.001 3.20e-08 0.0
0.002 3.20e-08 0.0
0.003 3.20e-08 0.0
0.004 3.20e-08 0.0
0.005 3.20e-08 0.0
0.007 3.20e-08 1e-06
0.010 3.20e-08 2e-06
0.020 3.20e-08 6e-06
0.040 3.20e-08 2.2e-05
0.060 3.20e-08 4.5e-05
0.080 3.20e-08 7.2e-05
0.100 3.20e-08 0.000107
0.120 3.20e-08 0.000144
0.140 3.20e-08 0.000182
0.160 3.20e-08 0.000225
0.180 3.20e-08 0.000269
0.200 3.20e-08 0.000309
0.220 3.20e-08 0.000503
0.250 3.20e-08 0.00073
0.270 3.20e-08 0.000853
0.290 3.20e-08 0.001034
0.310 3.20e-08 0.001078
0.330 3.20e-08 0.001192
0.350 3.20e-08 0.001311
0.370 3.20e-08 0.001437
0.390 3.20e-08 0.001558
0.410 3.20e-08 0.001696
0.430 3.20e-08 0.00183
0.450 3.20e-08 0.001967
0.470 3.20e-08 0.00211
0.490 3.20e-08 0.002279
0.510 3.20e-08 0.002437
0.530 3.20e-08 0.002643
0.001 6.30e-08 0.0
0.002 6.30e-08 0.0
0.003 6.30e-08 1e-06
0.004 6.30e-08 1e-06
0.005 6.30e-08 2e-06
0.007 6.30e-08 3e-06
0.010 6.30e-08 6e-06
0.020 6.30e-08 2.2e-05
0.040 6.30e-08 8.6e-05
0.060 6.30e-08 0.00018
0.080 6.30e-08 0.000287
0.100 6.30e-08 0.000426
0.120 6.30e-08 0.000569
0.140 6.30e-08 0.000719
0.160 6.30e-08 0.000889
0.180 6.30e-08 0.001058
0.200 6.30e-08 0.001215
0.220 6.30e-08 0.001966
0.250 6.30e-08 0.00283
0.270 6.30e-08 0.003292
0.290 6.30e-08 0.003967
0.310 6.30e-08 0.004132
0.330 6.30e-08 0.00455
0.350 6.30e-08 0.004987
0.370 6.30e-08 0.005444
0.390 6.30e-08 0.005878
0.410 6.30e-08 0.006371
0.430 6.30e-08 0.006842
0.450 6.30e-08 0.007324
0.470 6.30e-08 0.007821
0.490 6.30e-08 0.008399
0.510 6.30e-08 0.008932
0.530 6.30e-08 0.00962
0.001 1.26e-07 0.0
0.002 1.26e-07 1e-06
0.003 1.26e-07 2e-06
0.004 1.26e-07 4e-06
0.005 1.26e-07 6e-06
0.007 1.26e-07 1.2e-05
0.010 1.26e-07 2.4e-05
0.020 1.26e-07 8.8e-05
0.040 1.26e-07 0.000339
0.060 1.26e-07 0.000711
0.080 1.26e-07 0.001127
0.100 1.26e-07 0.001661
0.120 1.26e-07 0.00221
0.140 1.26e-07 0.00278
0.160 1.26e-07 0.003414
0.180 1.26e-07 0.004045
0.200 1.26e-07 0.004618
0.220 1.26e-07 0.007274
0.250 1.26e-07 0.010174
0.270 1.26e-07 0.011645
0.290 1.26e-07 0.013748
0.310 1.26e-07 0.014237
0.330 1.26e-07 0.015473
0.350 1.26e-07 0.016736
0.370 1.26e-07 0.018003
0.390 1.26e-07 0.019171
0.410 1.26e-07 0.020464
0.430 1.26e-07 0.021637
0.450 1.26e-07 0.022818
0.470 1.26e-07 0.023991
0.490 1.26e-07 0.025287
0.510 1.26e-07 0.026445
0.530 1.26e-07 0.027863
0.001 2.51e-07 1e-06
0.002 2.51e-07 4e-06
0.003 2.51e-07 9e-06
0.004 2.51e-07 1.5e-05
0.005 2.51e-07 2.4e-05
0.007 2.51e-07 4.7e-05
0.010 2.51e-07 9.4e-05
0.020 2.51e-07 0.000348
0.040 2.51e-07 0.001321
0.060 2.51e-07 0.00272
0.080 2.51e-07 0.004249
0.100 2.51e-07 0.006129
0.120 2.51e-07 0.007998
0.140 2.51e-07 0.009889
0.160 2.51e-07 0.01187
0.180 2.51e-07 0.013807
0.200 2.51e-07 0.01547
0.220 2.51e-07 0.022249
0.250 2.51e-07 0.028386
0.270 2.51e-07 0.03101
0.290 2.51e-07 0.034475
0.310 2.51e-07 0.035173
0.330 2.51e-07 0.036929
0.350 2.51e-07 0.038547
0.370 2.51e-07 0.039973
0.390 2.51e-07 0.0412
0.410 2.51e-07 0.042429
0.430 2.51e-07 0.04333
0.450 2.51e-07 0.044233
0.470 2.51e-07 0.045022
0.490 2.51e-07 0.045739
0.510 2.51e-07 0.046315
0.530 2.51e-07 0.046871
0.001 5.01e-07 5e-06
0.002 5.01e-07 1.5e-05
0.003 5.01e-07 3.5e-05
0.004 5.01e-07 5.9e-05
0.005 5.01e-07 9.5e-05
0.007 5.01e-07 0.000187
0.010 5.01e-07 0.000372
0.020 5.01e-07 0.001347
0.040 5.01e-07 0.00486
0.060 5.01e-07 0.009368
0.080 5.01e-07 0.013911
0.100 5.01e-07 0.018695
0.120 5.01e-07 0.02299
0.140 5.01e-07 0.026945
0.160 5.01e-07 0.030314
0.180 5.01e-07 0.033521
0.200 5.01e-07 0.035828
0.220 5.01e-07 0.042246
0.250 5.01e-07 0.045492
0.270 5.01e-07 0.046309
0.290 5.01e-07 0.046937
0.310 5.01e-07 0.046943
0.330 5.01e-07 0.047002
0.350 5.01e-07 0.046719
0.370 5.01e-07 0.046361
0.390 5.01e-07 0.045913
0.410 5.01e-07 0.045124
0.430 5.01e-07 0.044496
0.450 5.01e-07 0.043702
0.470 5.01e-07 0.042894
0.490 5.01e-07 0.041917
0.510 5.01e-07 0.040956
0.530 5.01e-07 0.039726
0.001 1.00e-06 2e-05
0.002 1.00e-06 6.1e-05
0.003 1.00e-06 0.00014
0.004 1.00e-06 0.000234
0.005 1.00e-06 0.000372
0.007 1.00e-06 0.000729
0.010 1.00e-06 0.00143
0.020 1.00e-06 0.00486
0.040 1.00e-06 0.014914
0.060 1.00e-06 0.024176
0.080 1.00e-06 0.031773
0.100 1.00e-06 0.037011
0.120 1.00e-06 0.040836
0.140 1.00e-06 0.043256
0.160 1.00e-06 0.044466
0.180 1.00e-06 0.045252
0.200 1.00e-06 0.045558
0.220 1.00e-06 0.043061
0.250 1.00e-06 0.038614
0.270 1.00e-06 0.03638
0.290 1.00e-06 0.032764
0.310 1.00e-06 0.032146
0.330 1.00e-06 0.030194
0.350 1.00e-06 0.028085
0.370 1.00e-06 0.026244
0.390 1.00e-06 0.024528
0.410 1.00e-06 0.022836
0.430 1.00e-06 0.021268
0.450 1.00e-06 0.019837
0.470 1.00e-06 0.018393
0.490 1.00e-06 0.016924
0.510 1.00e-06 0.015672
0.530 1.00e-06 0.014239
0.001 1.99e-06 8e-05
0.002 1.99e-06 0.000241
0.003 1.99e-06 0.000549
0.004 1.99e-06 0.000911
0.005 1.99e-06 0.001423
0.007 1.99e-06 0.002704
0.010 1.99e-06 0.005047
0.020 1.99e-06 0.014588
0.040 1.99e-06 0.031661
0.060 1.99e-06 0.039935
0.080 1.99e-06 0.043147
0.100 1.99e-06 0.043107
0.120 1.99e-06 0.041616
0.140 1.99e-06 0.038951
0.160 1.99e-06 0.036501
0.180 1.99e-06 0.03336
0.200 1.99e-06 0.030626
0.220 1.99e-06 0.021687
0.250 1.99e-06 0.014921
0.270 1.99e-06 0.012222
0.290 1.99e-06 0.009201
0.310 1.99e-06 0.008558
0.330 1.99e-06 0.007054
0.350 1.99e-06 0.006016
0.370 1.99e-06 0.004998
0.390 1.99e-06 0.004235
0.410 1.99e-06 0.00352
0.430 1.99e-06 0.003001
0.450 1.99e-06 0.002486
0.470 1.99e-06 0.002079
0.490 1.99e-06 0.001704
0.510 1.99e-06 0.001429
0.530 1.99e-06 0.001148
0.001 3.98e-06 0.000316
0.002 3.98e-06 0.000926
0.003 3.98e-06 0.002064
0.004 3.98e-06 0.003351
0.005 3.98e-06 0.00498
0.007 3.98e-06 0.00878
0.010 3.98e-06 0.014692
0.020 3.98e-06 0.031347
0.040 3.98e-06 0.042441
0.060 3.98e-06 0.039821
0.080 3.98e-06 0.03394
0.100 3.98e-06 0.027831
0.120 3.98e-06 0.021917
0.140 3.98e-06 0.017525
0.160 3.98e-06 0.013715
0.180 3.98e-06 0.010653
0.200 3.98e-06 0.00877
0.220 3.98e-06 0.003794
0.250 3.98e-06 0.001636
0.270 3.98e-06 0.001045
0.290 3.98e-06 0.000574
0.310 3.98e-06 0.000433
0.330 3.98e-06 0.000266
0.350 3.98e-06 0.000216
0.370 3.98e-06 0.000121
0.390 3.98e-06 7.1e-05
0.410 3.98e-06 4.8e-05
0.430 3.98e-06 3.1e-05
0.450 3.98e-06 1.8e-05
0.470 3.98e-06 1.2e-05
0.490 3.98e-06 7e-06
0.510 3.98e-06 4e-06
0.530 3.98e-06 2e-06
0.001 7.94e-06 0.001218
0.002 7.94e-06 0.003325
0.003 7.94e-06 0.006925
0.004 7.94e-06 0.010648
0.005 7.94e-06 0.014508
0.007 7.94e-06 0.022126
0.010 7.94e-06 0.031036
0.020 7.94e-06 0.042297
0.040 7.94e-06 0.033316
0.060 7.94e-06 0.021548
0.080 7.94e-06 0.012961
0.100 7.94e-06 0.007618
0.120 7.94e-06 0.004554
0.140 7.94e-06 0.002701
0.160 7.94e-06 0.001565
0.180 7.94e-06 0.000988
0.200 7.94e-06 0.000566
0.220 7.94e-06 9.7e-05
0.250 7.94e-06 1.3e-05
0.270 7.94e-06 4e-06
0.290 7.94e-06 1e-06
0.310 7.94e-06 0.0
0.330 7.94e-06 0.0
0.350 7.94e-06 0.0
0.370 7.94e-06 0.0
0.390 7.94e-06 0.0
0.410 7.94e-06 0.0
0.430 7.94e-06 0.0
0.450 7.94e-06 0.0
0.470 7.94e-06 0.0
0.490 7.94e-06 0.0
0.510 7.94e-06 0.0
0.530 7.94e-06 0.0
0.001 1.58e-05 0.004381
0.002 1.58e-05 0.01041
0.003 1.58e-05 0.018699
0.004 1.58e-05 0.025418
0.005 1.58e-05 0.0306
0.007 1.58e-05 0.038094
0.010 1.58e-05 0.042184
0.020 1.58e-05 0.033557
0.040 1.58e-05 0.012622
0.060 1.58e-05 0.004371
0.080 1.58e-05 0.00154
0.100 1.58e-05 0.000427
0.120 1.58e-05 0.000163
0.140 1.58e-05 5.1e-05
0.160 1.58e-05 1.6e-05
0.180 1.58e-05 4e-06
0.200 1.58e-05 1e-06
0.220 1.58e-05 0.0
0.250 1.58e-05 0.0
0.270 1.58e-05 0.0
0.290 1.58e-05 0.0
0.310 1.58e-05 0.0
0.330 1.58e-05 0.0
0.350 1.58e-05 0.0
0.370 1.58e-05 0.0
0.390 1.58e-05 0.0
0.410 1.58e-05 0.0
0.430 1.58e-05 0.0
0.450 1.58e-05 0.0
0.470 1.58e-05 0.0
0.490 1.58e-05 0.0
0.510 1.58e-05 0.0
0.530 1.58e-05 0.0
0.001 3.16e-05 0.01323
0.002 3.16e-05 0.024925
0.003 3.16e-05 0.035438
0.004 3.16e-05 0.040296
0.005 3.16e-05 0.042172
0.007 3.16e-05 0.040784
0.010 3.16e-05 0.033662
0.020 3.16e-05 0.013111
0.040 3.16e-05 0.001448
0.060 3.16e-05 0.000159
0.080 3.16e-05 1.6e-05
0.100 3.16e-05 1e-06
0.120 3.16e-05 0.0
0.140 3.16e-05 0.0
0.160 3.16e-05 0.0
0.180 3.16e-05 0.0
0.200 3.16e-05 0.0
0.220 3.16e-05 0.0
0.250 3.16e-05 0.0
0.270 3.16e-05 0.0
0.290 3.16e-05 0.0
0.310 3.16e-05 0.0
0.330 3.16e-05 0.0
0.350 3.16e-05 0.0
0.370 3.16e-05 0.0
0.390 3.16e-05 0.0
0.410 3.16e-05 0.0
0.430 3.16e-05 0.0
0.450 3.16e-05 0.0
0.470 3.16e-05 0.0
0.490 3.16e-05 0.0
0.510 3.16e-05 0.0
0.530 3.16e-05 0.0
0.001 6.31e-05 0.029279
0.002 6.31e-05 0.03985
0.003 6.31e-05 0.041837
0.004 6.31e-05 0.038879
0.005 6.31e-05 0.03422
0.007 6.31e-05 0.023807
0.010 6.31e-05 0.012964
0.020 6.31e-05 0.001468
0.040 6.31e-05 1.4e-05
0.060 6.31e-05 0.0
0.080 6.31e-05 0.0
0.100 6.31e-05 0.0
0.120 6.31e-05 0.0
0.140 6.31e-05 0.0
0.160 6.31e-05 0.0
0.180 6.31e-05 0.0
0.200 6.31e-05 0.0
0.220 6.31e-05 0.0
0.250 6.31e-05 0.0
0.270 6.31e-05 0.0
0.290 6.31e-05 0.0
0.310 6.31e-05 0.0
0.330 6.31e-05 0.0
0.350 6.31e-05 0.0
0.370 6.31e-05 0.0
0.390 6.31e-05 0.0
0.410 6.31e-05 0.0
0.430 6.31e-05 0.0
0.450 6.31e-05 0.0
0.470 6.31e-05 0.0
0.490 6.31e-05 0.0
0.510 6.31e-05 0.0
0.530 6.31e-05 0.0
0.001 1.26e-04 0.041648
0.002 1.26e-04 0.039251
0.003 1.26e-04 0.028271
0.004 1.26e-04 0.019433
0.005 1.26e-04 0.013135
0.007 1.26e-04 0.005524
0.010 1.26e-04 0.001519
0.020 1.26e-04 1.4e-05
0.040 1.26e-04 0.0
0.060 1.26e-04 0.0
0.080 1.26e-04 0.0
0.100 1.26e-04 0.0
0.120 1.26e-04 0.0
0.140 1.26e-04 0.0
0.160 1.26e-04 0.0
0.180 1.26e-04 0.0
0.200 1.26e-04 0.0
0.220 1.26e-04 0.0
0.250 1.26e-04 0.0
0.270 1.26e-04 0.0
0.290 1.26e-04 0.0
0.310 1.26e-04 0.0
0.330 1.26e-04 0.0
0.350 1.26e-04 0.0
0.370 1.26e-04 0.0
0.390 1.26e-04 0.0
0.410 1.26e-04 0.0
0.430 1.26e-04 0.0
0.450 1.26e-04 0.0
0.470 1.26e-04 0.0
0.490 1.26e-04 0.0
0.510 1.26e-04 0.0
0.530 1.26e-04 0.0
0.001 2.51e-04 0.035566
0.002 2.51e-04 0.020032
0.003 2.51e-04 0.008434
0.004 2.51e-04 0.003696
0.005 2.51e-04 0.001512
0.007 2.51e-04 0.000257
0.010 2.51e-04 1.5e-05
0.020 2.51e-04 0.0
0.040 2.51e-04 0.0
0.060 2.51e-04 0.0
0.080 2.51e-04 0.0
0.100 2.51e-04 0.0
0.120 2.51e-04 0.0
0.140 2.51e-04 0.0
0.160 2.51e-04 0.0
0.180 2.51e-04 0.0
0.200 2.51e-04 0.0
0.220 2.51e-04 0.0
0.250 2.51e-04 0.0
0.270 2.51e-04 0.0
0.290 2.51e-04 0.0
0.310 2.51e-04 0.0
0.330 2.51e-04 0.0
0.350 2.51e-04 0.0
0.370 2.51e-04 0.0
0.390 2.51e-04 0.0
0.410 2.51e-04 0.0
0.430 2.51e-04 0.0
0.450 2.51e-04 0.0
0.470 2.51e-04 0.0
0.490 2.51e-04 0.0
0.510 2.51e-04 0.0
0.530 2.51e-04 0.0
0.001 5.01e-04 0.015234
0.002 5.01e-04 0.0039
0.003 5.01e-04 0.000646
0.004 5.01e-04 9.9e-05
0.005 5.01e-04 1.4e-05
0.007 5.01e-04 0.0
0.010 5.01e-04 0.0
0.020 5.01e-04 0.0
0.040 5.01e-04 0.0
0.060 5.01e-04 0.0
0.080 5.01e-04 0.0
0.100 5.01e-04 0.0
0.120 5.01e-04 0.0
0.140 5.01e-04 0.0
0.160 5.01e-04 0.0
0.180 5.01e-04 0.0
0.200 5.01e-04 0.0
0.220 5.01e-04 0.0
0.250 5.01e-04 0.0
0.270 5.01e-04 0.0
0.290 5.01e-04 0.0
0.310 5.01e-04 0.0
0.330 5.01e-04 0.0
0.350 5.01e-04 0.0
0.370 5.01e-04 0.0
0.390 5.01e-04 0.0
0.410 5.01e-04 0.0
0.430 5.01e-04 0.0
0.450 5.01e-04 0.0
0.470 5.01e-04 0.0
0.490 5.01e-04 0.0
0.510 5.01e-04 0.0
0.530 5.01e-04 0.0
0.001 1.00e-03 0.002049
0.002 1.00e-03 0.000122
0.003 1.00e-03 2e-06
0.004 1.00e-03 0.0
0.005 1.00e-03 0.0
0.007 1.00e-03 0.0
0.010 1.00e-03 0.0
0.020 1.00e-03 0.0
0.040 1.00e-03 0.0
0.060 1.00e-03 0.0
0.080 1.00e-03 0.0
0.100 1.00e-03 0.0
0.120 1.00e-03 0.0
0.140 1.00e-03 0.0
0.160 1.00e-03 0.0
0.180 1.00e-03 0.0
0.200 1.00e-03 0.0
0.220 1.00e-03 0.0
0.250 1.00e-03 0.0
0.270 1.00e-03 0.0
0.290 1.00e-03 0.0
0.310 1.00e-03 0.0
0.330 1.00e-03 0.0
0.350 1.00e-03 0.0
0.370 1.00e-03 0.0
0.390 1.00e-03 0.0
0.410 1.00e-03 0.0
0.430 1.00e-03 0.0
0.450 1.00e-03 0.0
0.470 1.00e-03 0.0
0.490 1.00e-03 0.0
0.510 1.00e-03 0.0
0.530 1.00e-03 0.0
0.001 1.00e-09 0.0
0.002 1.00e-09 0.0
0.003 1.00e-09 0.0
0.004 1.00e-09 0.0
0.005 1.00e-09 0.0
0.007 1.00e-09 0.0
0.010 1.00e-09 0.0
0.020 1.00e-09 0.0
0.040 1.00e-09 0.0
0.060 1.00e-09 0.0
0.080 1.00e-09 0.0
0.100 1.00e-09 0.0
0.120 1.00e-09 0.0
0.140 1.00e-09 0.0
0.160 1.00e-09 0.0
0.180 1.00e-09 0.0
0.200 1.00e-09 0.0
0.220 1.00e-09 1e-06
0.250 1.00e-09 1e-06
0.270 1.00e-09 1e-06
0.290 1.00e-09 1e-06
0.310 1.00e-09 1e-06
0.330 1.00e-09 1e-06
0.350 1.00e-09 1e-06
0.370 1.00e-09 1e-06
0.390 1.00e-09 2e-06
0.410 1.00e-09 2e-06
0.430 1.00e-09 2e-06
0.450 1.00e-09 2e-06
0.470 1.00e-09 2e-06
0.490 1.00e-09 2e-06
0.510 1.00e-09 3e-06
0.530 1.00e-09 3e-06
0.001 2.00e-09 0.0
0.002 2.00e-09 0.0
0.003 2.00e-09 0.0
0.004 2.00e-09 0.0
0.005 2.00e-09 0.0
0.007 2.00e-09 0.0
0.010 2.00e-09 0.0
0.020 2.00e-09 0.0
0.040 2.00e-09 0.0
0.060 2.00e-09 0.0
0.080 2.00e-09 0.0
0.100 2.00e-09 0.0
0.120 2.00e-09 1e-06
0.140 2.00e-09 1e-06
0.160 2.00e-09 1e-06
0.180 2.00e-09 1e-06
0.200 2.00e-09 1e-06
0.220 2.00e-09 2e-06
0.250 2.00e-09 3e-06
0.270 2.00e-09 3e-06
0.290 2.00e-09 4e-06
0.310 2.00e-09 4e-06
0.330 2.00e-09 5e-06
0.350 2.00e-09 5e-06
0.370 2.00e-09 6e-06
0.390 2.00e-09 6e-06
0.410 2.00e-09 7e-06
0.430 2.00e-09 7e-06
0.450 2.00e-09 8e-06
0.470 2.00e-09 9e-06
0.490 2.00e-09 9e-06
0.510 2.00e-09 1e-05
0.530 2.00e-09 1.1e-05
0.001 4.00e-09 0.0
0.002 4.00e-09 0.0
0.003 4.00e-09 0.0
0.004 4.00e-09 0.0
0.005 4.00e-09 0.0
0.007 4.00e-09 0.0
0.010 4.00e-09 0.0
0.020 4.00e-09 0.0
0.040 4.00e-09 0.0
0.060 4.00e-09 1e-06
0.080 4.00e-09 1e-06
0.100 4.00e-09 2e-06
0.120 4.00e-09 2e-06
0.140 4.00e-09 3e-06
0.160 4.00e-09 4e-06
0.180 4.00e-09 4e-06
0.200 4.00e-09 5e-06
0.220 4.00e-09 8e-06
0.250 4.00e-09 1.2e-05
0.270 4.00e-09 1.4e-05
0.290 4.00e-09 1.7e-05
0.310 4.00e-09 1.7e-05
0.330 4.00e-09 1.9e-05
0.350 4.00e-09 2.1e-05
0.370 4.00e-09 2.3e-05
0.390 4.00e-09 2.5e-05
0.410 4.00e-09 2.7e-05
0.430 4.00e-09 3e-05
0.450 4.00e-09 3.2e-05
0.470 4.00e-09 3.4e-05
0.490 4.00e-09 3.7e-05
0.510 4.00e-09 4e-05
0.530 4.00e-09 4.3e-05
0.001 8.00e-09 0.0
0.002 8.00e-09 0.0
0.003 8.00e-09 0.0
0.004 8.00e-09 0.0
0.005 8.00e-09 0.0
0.007 8.00e-09 0.0
0.010 8.00e-09 0.0
0.020 8.00e-09 0.0
0.040 8.00e-09 1e-06
0.060 8.00e-09 3e-06
0.080 8.00e-09 5e-06
0.100 8.00e-09 7e-06
0.120 8.00e-09 9e-06
0.140 8.00e-09 1.2e-05
0.160 8.00e-09 1.4e-05
0.180 8.00e-09 1.7e-05
0.200 8.00e-09 2e-05
0.220 8.00e-09 3.2e-05
0.250 8.00e-09 4.6e-05
0.270 8.00e-09 5.4e-05
0.290 8.00e-09 6.6e-05
0.310 8.00e-09 6.9e-05
0.330 8.00e-09 7.6e-05
0.350 8.00e-09 8.4e-05
0.370 8.00e-09 9.2e-05
0.390 8.00e-09 0.0001
0.410 8.00e-09 0.000109
0.430 8.00e-09 0.000118
0.450 8.00e-09 0.000127
0.470 8.00e-09 0.000136
0.490 8.00e-09 0.000147
0.510 8.00e-09 0.000158
0.530 8.00e-09 0.000172
0.001 1.60e-08 0.0
0.002 1.60e-08 0.0
0.003 1.60e-08 0.0
0.004 1.60e-08 0.0
0.005 1.60e-08 0.0
0.007 1.60e-08 0.0
0.010 1.60e-08 0.0
0.020 1.60e-08 1e-06
0.040 1.60e-08 5e-06
0.060 1.60e-08 1.1e-05
0.080 1.60e-08 1.8e-05
0.100 1.60e-08 2.7e-05
0.120 1.60e-08 3.6e-05
0.140 1.60e-08 4.6e-05
0.160 1.60e-08 5.7e-05
0.180 1.60e-08 6.8e-05
0.200 1.60e-08 7.8e-05
0.220 1.60e-08 0.000127
0.250 1.60e-08 0.000185
0.270 1.60e-08 0.000216
0.290 1.60e-08 0.000262
0.310 1.60e-08 0.000273
0.330 1.60e-08 0.000303
0.350 1.60e-08 0.000333
0.370 1.60e-08 0.000366
0.390 1.60e-08 0.000397
0.410 1.60e-08 0.000432
0.430 1.60e-08 0.000467
0.450 1.60e-08 0.000503
0.470 1.60e-08 0.00054
0.490 1.60e-08 0.000584
0.510 1.60e-08 0.000625
0.530 1.60e-08 0.000679
0.001 3.20e-08 0.0
0.002 3.20e-08 0.0
0.003 3.20e-08 0.0
0.004 3.20e-08 0.0
0.005 3.20e-08 0.0
0.007 3.20e-08 1e-06
0.010 3.20e-08 2e-06
0.020 3.20e-08 6e-06
0.040 3.20e-08 2.2e-05
0.060 3.20e-08 4.5e-05
0.080 3.20e-08 7.2e-05
0.100 3.20e-08 0.000107
0.120 3.20e-08 0.000144
0.140 3.20e-08 0.000182
0.160 3.20e-08 0.000225
0.180 3.20e-08 0.000269
0.200 3.20e-08 0.000309
0.220 3.20e-08 0.000503
0.250 3.20e-08 0.00073
0.270 3.20e-08 0.000853
0.290 3.20e-08 0.001034
0.310 3.20e-08 0.001078
0.330 3.20e-08 0.001192
0.350 3.20e-08 0.001311
0.370 3.20e-08 0.001437
0.390 3.20e-08 0.001558
0.410 3.20e-08 0.001696
0.430 3.20e-08 0.00183
0.450 3.20e-08 0.001967
0.470 3.20e-08 0.00211
0.490 3.20e-08 0.002279
0.510 3.20e-08 0.002437
0.530 3.20e-08 0.002643
0.001 6.30e-08 0.0
0.002 6.30e-08 0.0
0.003 6.30e-08 1e-06
0.004 6.30e-08 1e-06
0.005 6.30e-08 2e-06
0.007 6.30e-08 3e-06
0.010 6.30e-08 6e-06
0.020 6.30e-08 2.2e-05
0.040 6.30e-08 8.6e-05
0.060 6.30e-08 0.00018
0.080 6.30e-08 0.000287
0.100 6.30e-08 0.000426
0.120 6.30e-08 0.000569
0.140 6.30e-08 0.000719
0.160 6.30e-08 0.000889
0.180 6.30e-08 0.001058
0.200 6.30e-08 0.001215
0.220 6.30e-08 0.001966
0.250 6.30e-08 0.00283
0.270 6.30e-08 0.003292
0.290 6.30e-08 0.003967
0.310 6.30e-08 0.004132
0.330 6.30e-08 0.00455
0.350 6.30e-08 0.004987
0.370 6.30e-08 0.005444
0.390 6.30e-08 0.005878
0.410 6.30e-08 0.006371
0.430 6.30e-08 0.006842
0.450 6.30e-08 0.007324
0.470 6.30e-08 0.007821
0.490 6.30e-08 0.008399
0.510 6.30e-08 0.008932
0.530 6.30e-08 0.00962
0.001 1.26e-07 0.0
0.002 1.26e-07 1e-06
0.003 1.26e-07 2e-06
0.004 1.26e-07 4e-06
0.005 1.26e-07 6e-06
0.007 1.26e-07 1.2e-05
0.010 1.26e-07 2.4e-05
0.020 1.26e-07 8.8e-05
0.040 1.26e-07 0.000339
0.060 1.26e-07 0.000711
0.080 1.26e-07 0.001127
0.100 1.26e-07 0.001661
0.120 1.26e-07 0.00221
0.140 1.26e-07 0.00278
0.160 1.26e-07 0.003414
0.180 1.26e-07 0.004045
0.200 1.26e-07 0.004618
0.220 1.26e-07 0.007274
0.250 1.26e-07 0.010174
0.270 1.26e-07 0.011645
0.290 1.26e-07 0.013748
0.310 1.26e-07 0.014237
0.330 1.26e-07 0.015473
0.350 1.26e-07 0.016736
0.370 1.26e-07 0.018003
0.390 1.26e-07 0.019171
0.410 1.26e-07 0.020464
0.430 1.26e-07 0.021637
0.450 1.26e-07 0.022818
0.470 1.26e-07 0.023991
0.490 1.26e-07 0.025287
0.510 1.26e-07 0.026445
0.530 1.26e-07 0.027863
0.001 2.51e-07 1e-06
0.002 2.51e-07 4e-06
0.003 2.51e-07 9e-06
0.004 2.51e-07 1.5e-05
0.005 2.51e-07 2.4e-05
0.007 2.51e-07 4.7e-05
0.010 2.51e-07 9.4e-05
0.020 2.51e-07 0.000348
0.040 2.51e-07 0.001321
0.060 2.51e-07 0.00272
0.080 2.51e-07 0.004249
0.100 2.51e-07 0.006129
0.120 2.51e-07 0.007998
0.140 2.51e-07 0.009889
0.160 2.51e-07 0.01187
0.180 2.51e-07 0.013807
0.200 2.51e-07 0.01547
0.220 2.51e-07 0.022249
0.250 2.51e-07 0.028386
0.270 2.51e-07 0.03101
0.290 2.51e-07 0.034475
0.310 2.51e-07 0.035173
0.330 2.51e-07 0.036929
0.350 2.51e-07 0.038547
0.370 2.51e-07 0.039973
0.390 2.51e-07 0.0412
0.410 2.51e-07 0.042429
0.430 2.51e-07 0.04333
0.450 2.51e-07 0.044233
0.470 2.51e-07 0.045022
0.490 2.51e-07 0.045739
0.510 2.51e-07 0.046315
0.530 2.51e-07 0.046871
0.001 5.01e-07 5e-06
0.002 5.01e-07 1.5e-05
0.003 5.01e-07 3.5e-05
0.004 5.01e-07 5.9e-05
0.005 5.01e-07 9.5e-05
0.007 5.01e-07 0.000187
0.010 5.01e-07 0.000372
0.020 5.01e-07 0.001347
0.040 5.01e-07 0.00486
0.060 5.01e-07 0.009368
0.080 5.01e-07 0.013911
0.100 5.01e-07 0.018695
0.120 5.01e-07 0.02299
0.140 5.01e-07 0.026945
0.160 5.01e-07 0.030314
0.180 5.01e-07 0.033521
0.200 5.01e-07 0.035828
0.220 5.01e-07 0.042246
0.250 5.01e-07 0.045492
0.270 5.01e-07 0.046309
0.290 5.01e-07 0.046937
0.310 5.01e-07 0.046943
0.330 5.01e-07 0.047002
0.350 5.01e-07 0.046719
0.370 5.01e-07 0.046361
0.390 5.01e-07 0.045913
0.410 5.01e-07 0.045124
0.430 5.01e-07 0.044496
0.450 5.01e-07 0.043702
0.470 5.01e-07 0.042894
0.490 5.01e-07 0.041917
0.510 5.01e-07 0.040956
0.530 5.01e-07 0.039726
0.001 1.00e-06 2e-05
0.002 1.00e-06 6.1e-05
0.003 1.00e-06 0.00014
0.004 1.00e-06 0.000234
0.005 1.00e-06 0.000372
0.007 1.00e-06 0.000729
0.010 1.00e-06 0.00143
0.020 1.00e-06 0.00486
0.040 1.00e-06 0.014914
0.060 1.00e-06 0.024176
0.080 1.00e-06 0.031773
0.100 1.00e-06 0.037011
0.120 1.00e-06 0.040836
0.140 1.00e-06 0.043256
0.160 1.00e-06 0.044466
0.180 1.00e-06 0.045252
0.200 1.00e-06 0.045558
0.220 1.00e-06 0.043061
0.250 1.00e-06 0.038614
0.270 1.00e-06 0.03638
0.290 1.00e-06 0.032764
0.310 1.00e-06 0.032146
0.330 1.00e-06 0.030194
0.350 1.00e-06 0.028085
0.370 1.00e-06 0.026244
0.390 1.00e-06 0.024528
0.410 1.00e-06 0.022836
0.430 1.00e-06 0.021268
0.450 1.00e-06 0.019837
0.470 1.00e-06 0.018393
0.490 1.00e-06 0.016924
0.510 1.00e-06 0.015672
0.530 1.00e-06 0.014239
0.001 1.99e-06 8e-05
0.002 1.99e-06 0.000241
0.003 1.99e-06 0.000549
0.004 1.99e-06 0.000911
0.005 1.99e-06 0.001423
0.007 1.99e-06 0.002704
0.010 1.99e-06 0.005047
0.020 1.99e-06 0.014588
0.040 1.99e-06 0.031661
0.060 1.99e-06 0.039935
0.080 1.99e-06 0.043147
0.100 1.99e-06 0.043107
0.120 1.99e-06 0.041616
0.140 1.99e-06 0.038951
0.160 1.99e-06 0.036501
0.180 1.99e-06 0.03336
0.200 1.99e-06 0.030626
0.220 1.99e-06 0.021687
0.250 1.99e-06 0.014921
0.270 1.99e-06 0.012222
0.290 1.99e-06 0.009201
0.310 1.99e-06 0.008558
0.330 1.99e-06 0.007054
0.350 1.99e-06 0.006016
0.370 1.99e-06 0.004998
0.390 1.99e-06 0.004235
0.410 1.99e-06 0.00352
0.430 1.99e-06 0.003001
0.450 1.99e-06 0.002486
0.470 1.99e-06 0.002079
0.490 1.99e-06 0.001704
0.510 1.99e-06 0.001429
0.530 1.99e-06 0.001148
0.001 3.98e-06 0.000316
0.002 3.98e-06 0.000926
0.003 3.98e-06 0.002064
0.004 3.98e-06 0.003351
0.005 3.98e-06 0.00498
0.007 3.98e-06 0.00878
0.010 3.98e-06 0.014692
0.020 3.98e-06 0.031347
0.040 3.98e-06 0.042441
0.060 3.98e-06 0.039821
0.080 3.98e-06 0.03394
0.100 3.98e-06 0.027831
0.120 3.98e-06 0.021917
0.140 3.98e-06 0.017525
0.160 3.98e-06 0.013715
0.180 3.98e-06 0.010653
0.200 3.98e-06 0.00877
0.220 3.98e-06 0.003794
0.250 3.98e-06 0.001636
0.270 3.98e-06 0.001045
0.290 3.98e-06 0.000574
0.310 3.98e-06 0.000433
0.330 3.98e-06 0.000266
0.350 3.98e-06 0.000216
0.370 3.98e-06 0.000121
0.390 3.98e-06 7.1e-05
0.410 3.98e-06 4.8e-05
0.430 3.98e-06 3.1e-05
0.450 3.98e-06 1.8e-05
0.470 3.98e-06 1.2e-05
0.490 3.98e-06 7e-06
0.510 3.98e-06 4e-06
0.530 3.98e-06 2e-06
0.001 7.94e-06 0.001218
0.002 7.94e-06 0.003325
0.003 7.94e-06 0.006925
0.004 7.94e-06 0.010648
0.005 7.94e-06 0.014508
0.007 7.94e-06 0.022126
0.010 7.94e-06 0.031036
0.020 7.94e-06 0.042297
0.040 7.94e-06 0.033316
0.060 7.94e-06 0.021548
0.080 7.94e-06 0.012961
0.100 7.94e-06 0.007618
0.120 7.94e-06 0.004554
0.140 7.94e-06 0.002701
0.160 7.94e-06 0.001565
0.180 7.94e-06 0.000988
0.200 7.94e-06 0.000566
0.220 7.94e-06 9.7e-05
0.250 7.94e-06 1.3e-05
0.270 7.94e-06 4e-06
0.290 7.94e-06 1e-06
0.310 7.94e-06 0.0
0.330 7.94e-06 0.0
0.350 7.94e-06 0.0
0.370 7.94e-06 0.0
0.390 7.94e-06 0.0
0.410 7.94e-06 0.0
0.430 7.94e-06 0.0
0.450 7.94e-06 0.0
0.470 7.94e-06 0.0
0.490 7.94e-06 0.0
0.510 7.94e-06 0.0
0.530 7.94e-06 0.0
0.001 1.58e-05 0.004381
0.002 1.58e-05 0.01041
0.003 1.58e-05 0.018699
0.004 1.58e-05 0.025418
0.005 1.58e-05 0.0306
0.007 1.58e-05 0.038094
0.010 1.58e-05 0.042184
0.020 1.58e-05 0.033557
0.040 1.58e-05 0.012622
0.060 1.58e-05 0.004371
0.080 1.58e-05 0.00154
0.100 1.58e-05 0.000427
0.120 1.58e-05 0.000163
0.140 1.58e-05 5.1e-05
0.160 1.58e-05 1.6e-05
0.180 1.58e-05 4e-06
0.200 1.58e-05 1e-06
0.220 1.58e-05 0.0
0.250 1.58e-05 0.0
0.270 1.58e-05 0.0
0.290 1.58e-05 0.0
0.310 1.58e-05 0.0
0.330 1.58e-05 0.0
0.350 1.58e-05 0.0
0.370 1.58e-05 0.0
0.390 1.58e-05 0.0
0.410 1.58e-05 0.0
0.430 1.58e-05 0.0
0.450 1.58e-05 0.0
0.470 1.58e-05 0.0
0.490 1.58e-05 0.0
0.510 1.58e-05 0.0
0.530 1.58e-05 0.0
0.001 3.16e-05 0.01323
0.002 3.16e-05 0.024925
0.003 3.16e-05 0.035438
0.004 3.16e-05 0.040296
0.005 3.16e-05 0.042172
0.007 3.16e-05 0.040784
0.010 3.16e-05 0.033662
0.020 3.16e-05 0.013111
0.040 3.16e-05 0.001448
0.060 3.16e-05 0.000159
0.080 3.16e-05 1.6e-05
0.100 3.16e-05 1e-06
0.120 3.16e-05 0.0
0.140 3.16e-05 0.0
0.160 3.16e-05 0.0
0.180 3.16e-05 0.0
0.200 3.16e-05 0.0
0.220 3.16e-05 0.0
0.250 3.16e-05 0.0
0.270 3.16e-05 0.0
0.290 3.16e-05 0.0
0.310 3.16e-05 0.0
0.330 3.16e-05 0.0
0.350 3.16e-05 0.0
0.370 3.16e-05 0.0
0.390 3.16e-05 0.0
0.410 3.16e-05 0.0
0.430 3.16e-05 0.0
0.450 3.16e-05 0.0
0.470 3.16e-05 0.0
0.490 3.16e-05 0.0
0.510 3.16e-05 0.0
0.530 3.16e-05 0.0
0.001 6.31e-05 0.029279
0.002 6.31e-05 0.03985
0.003 6.31e-05 0.041837
0.004 6.31e-05 0.038879
0.005 6.31e-05 0.03422
0.007 6.31e-05 0.023807
0.010 6.31e-05 0.012964
0.020 6.31e-05 0.001468
0.040 6.31e-05 1.4e-05
0.060 6.31e-05 0.0
0.080 6.31e-05 0.0
0.100 6.31e-05 0.0
0.120 6.31e-05 0.0
0.140 6.31e-05 0.0
0.160 6.31e-05 0.0
0.180 6.31e-05 0.0
0.200 6.31e-05 0.0
0.220 6.31e-05 0.0
0.250 6.31e-05 0.0
0.270 6.31e-05 0.0
0.290 6.31e-05 0.0
0.310 6.31e-05 0.0
0.330 6.31e-05 0.0
0.350 6.31e-05 0.0
0.370 6.31e-05 0.0
0.390 6.31e-05 0.0
0.410 6.31e-05 0.0
0.430 6.31e-05 0.0
0.450 6.31e-05 0.0
0.470 6.31e-05 0.0
0.490 6.31e-05 0.0
0.510 6.31e-05 0.0
0.530 6.31e-05 0.0
0.001 1.26e-04 0.041648
0.002 1.26e-04 0.039251
0.003 1.26e-04 0.028271
0.004 1.26e-04 0.019433
0.005 1.26e-04 0.013135
0.007 1.26e-04 0.005524
0.010 1.26e-04 0.001519
0.020 1.26e-04 1.4e-05
0.040 1.26e-04 0.0
0.060 1.26e-04 0.0
0.080 1.26e-04 0.0
0.100 1.26e-04 0.0
0.120 1.26e-04 0.0
0.140 1.26e-04 0.0
0.160 1.26e-04 0.0
0.180 1.26e-04 0.0
0.200 1.26e-04 0.0
0.220 1.26e-04 0.0
0.250 1.26e-04 0.0
0.270 1.26e-04 0.0
0.290 1.26e-04 0.0
0.310 1.26e-04 0.0
0.330 1.26e-04 0.0
0.350 1.26e-04 0.0
0.370 1.26e-04 0.0
0.390 1.26e-04 0.0
0.410 1.26e-04 0.0
0.430 1.26e-04 0.0
0.450 1.26e-04 0.0
0.470 1.26e-04 0.0
0.490 1.26e-04 0.0
0.510 1.26e-04 0.0
0.530 1.26e-04 0.0
0.001 2.51e-04 0.035566
0.002 2.51e-04 0.020032
0.003 2.51e-04 0.008434
0.004 2.51e-04 0.003696
0.005 2.51e-04 0.001512
0.007 2.51e-04 0.000257
0.010 2.51e-04 1.5e-05
0.020 2.51e-04 0.0
0.040 2.51e-04 0.0
0.060 2.51e-04 0.0
0.080 2.51e-04 0.0
0.100 2.51e-04 0.0
0.120 2.51e-04 0.0
0.140 2.51e-04 0.0
0.160 2.51e-04 0.0
0.180 2.51e-04 0.0
0.200 2.51e-04 0.0
0.220 2.51e-04 0.0
0.250 2.51e-04 0.0
0.270 2.51e-04 0.0
0.290 2.51e-04 0.0
0.310 2.51e-04 0.0
0.330 2.51e-04 0.0
0.350 2.51e-04 0.0
0.370 2.51e-04 0.0
0.390 2.51e-04 0.0
0.410 2.51e-04 0.0
0.430 2.51e-04 0.0
0.450 2.51e-04 0.0
0.470 2.51e-04 0.0
0.490 2.51e-04 0.0
0.510 2.51e-04 0.0
0.530 2.51e-04 0.0
0.001 5.01e-04 0.015234
0.002 5.01e-04 0.0039
0.003 5.01e-04 0.000646
0.004 5.01e-04 9.9e-05
0.005 5.01e-04 1.4e-05
0.007 5.01e-04 0.0
0.010 5.01e-04 0.0
0.020 5.01e-04 0.0
0.040 5.01e-04 0.0
0.060 5.01e-04 0.0
0.080 5.01e-04 0.0
0.100 5.01e-04 0.0
0.120 5.01e-04 0.0
0.140 5.01e-04 0.0
0.160 5.01e-04 0.0
0.180 5.01e-04 0.0
0.200 5.01e-04 0.0
0.220 5.01e-04 0.0
0.250 5.01e-04 0.0
0.270 5.01e-04 0.0
0.290 5.01e-04 0.0
0.310 5.01e-04 0.0
0.330 5.01e-04 0.0
0.350 5.01e-04 0.0
0.370 5.01e-04 0.0
0.390 5.01e-04 0.0
0.410 5.01e-04 0.0
0.430 5.01e-04 0.0
0.450 5.01e-04 0.0
0.470 5.01e-04 0.0
0.490 5.01e-04 0.0
0.510 5.01e-04 0.0
0.530 5.01e-04 0.0
0.001 1.00e-03 0.002049
0.002 1.00e-03 0.000122
0.003 1.00e-03 2e-06
0.004 1.00e-03 0.0
0.005 1.00e-03 0.0
0.007 1.00e-03 0.0
0.010 1.00e-03 0.0
0.020 1.00e-03 0.0
0.040 1.00e-03 0.0
0.060 1.00e-03 0.0
0.080 1.00e-03 0.0
0.100 1.00e-03 0.0
0.120 1.00e-03 0.0
0.140 1.00e-03 0.0
0.160 1.00e-03 0.0
0.180 1.00e-03 0.0
0.200 1.00e-03 0.0
0.220 1.00e-03 0.0
0.250 1.00e-03 0.0
0.270 1.00e-03 0.0
0.290 1.00e-03 0.0
0.310 1.00e-03 0.0
0.330 1.00e-03 0.0
0.350 1.00e-03 0.0
0.370 1.00e-03 0.0
0.390 1.00e-03 0.0
0.410 1.00e-03 0.0
0.430 1.00e-03 0.0
0.450 1.00e-03 0.0
0.470 1.00e-03 0.0
0.490 1.00e-03 0.0
0.510 1.00e-03 0.0
0.530 1.00e-03 0.0
0.001 1.00e-09 0.0
0.002 1.00e-09 0.0
0.003 1.00e-09 0.0
0.004 1.00e-09 0.0
0.005 1.00e-09 0.0
0.007 1.00e-09 0.0
0.010 1.00e-09 0.0
0.020 1.00e-09 0.0
0.040 1.00e-09 0.0
0.060 1.00e-09 0.0
0.080 1.00e-09 0.0
0.100 1.00e-09 0.0
0.120 1.00e-09 0.0
0.140 1.00e-09 0.0
0.160 1.00e-09 0.0
0.180 1.00e-09 0.0
0.200 1.00e-09 0.0
0.220 1.00e-09 1e-06
0.250 1.00e-09 1e-06
0.270 1.00e-09 1e-06
0.290 1.00e-09 1e-06
0.310 1.00e-09 1e-06
0.330 1.00e-09 1e-06
0.350 1.00e-09 1e-06
0.370 1.00e-09 1e-06
0.390 1.00e-09 2e-06
0.410 1.00e-09 2e-06
0.430 1.00e-09 2e-06
0.450 1.00e-09 2e-06
0.470 1.00e-09 2e-06
0.490 1.00e-09 2e-06
0.510 1.00e-09 3e-06
0.530 1.00e-09 3e-06
0.001 2.00e-09 0.0
0.002 2.00e-09 0.0
0.003 2.00e-09 0.0
0.004 2.00e-09 0.0
0.005 2.00e-09 0.0
0.007 2.00e-09 0.0
0.010 2.00e-09 0.0
0.020 2.00e-09 0.0
0.040 2.00e-09 0.0
0.060 2.00e-09 0.0
0.080 2.00e-09 0.0
0.100 2.00e-09 0.0
0.120 2.00e-09 1e-06
0.140 2.00e-09 1e-06
0.160 2.00e-09 1e-06
0.180 2.00e-09 1e-06
0.200 2.00e-09 1e-06
0.220 2.00e-09 2e-06
0.250 2.00e-09 3e-06
0.270 2.00e-09 3e-06
0.290 2.00e-09 4e-06
0.310 2.00e-09 4e-06
0.330 2.00e-09 5e-06
0.350 2.00e-09 5e-06
0.370 2.00e-09 6e-06
0.390 2.00e-09 6e-06
0.410 2.00e-09 7e-06
0.430 2.00e-09 7e-06
0.450 2.00e-09 8e-06
0.470 2.00e-09 9e-06
0.490 2.00e-09 9e-06
0.510 2.00e-09 1e-05
0.530 2.00e-09 1.1e-05
0.001 4.00e-09 0.0
0.002 4.00e-09 0.0
0.003 4.00e-09 0.0
0.004 4.00e-09 0.0
0.005 4.00e-09 0.0
0.007 4.00e-09 0.0
0.010 4.00e-09 0.0
0.020 4.00e-09 0.0
0.040 4.00e-09 0.0
0.060 4.00e-09 1e-06
0.080 4.00e-09 1e-06
0.100 4.00e-09 2e-06
0.120 4.00e-09 2e-06
0.140 4.00e-09 3e-06
0.160 4.00e-09 4e-06
0.180 4.00e-09 4e-06
0.200 4.00e-09 5e-06
0.220 4.00e-09 8e-06
0.250 4.00e-09 1.2e-05
0.270 4.00e-09 1.4e-05
0.290 4.00e-09 1.7e-05
0.310 4.00e-09 1.7e-05
0.330 4.00e-09 1.9e-05
0.350 4.00e-09 2.1e-05
0.370 4.00e-09 2.3e-05
0.390 4.00e-09 2.5e-05
0.410 4.00e-09 2.7e-05
0.430 4.00e-09 3e-05
0.450 4.00e-09 3.2e-05
0.470 4.00e-09 3.4e-05
0.490 4.00e-09 3.7e-05
0.510 4.00e-09 4e-05
0.530 4.00e-09 4.3e-05
0.001 8.00e-09 0.0
0.002 8.00e-09 0.0
0.003 8.00e-09 0.0
0.004 8.00e-09 0.0
0.005 8.00e-09 0.0
0.007 8.00e-09 0.0
0.010 8.00e-09 0.0
0.020 8.00e-09 0.0
0.040 8.00e-09 1e-06
0.060 8.00e-09 3e-06
0.080 8.00e-09 5e-06
0.100 8.00e-09 7e-06
0.120 8.00e-09 9e-06
0.140 8.00e-09 1.2e-05
0.160 8.00e-09 1.4e-05
0.180 8.00e-09 1.7e-05
0.200 8.00e-09 2e-05
0.220 8.00e-09 3.2e-05
0.250 8.00e-09 4.6e-05
0.270 8.00e-09 5.4e-05
0.290 8.00e-09 6.6e-05
0.310 8.00e-09 6.9e-05
0.330 8.00e-09 7.6e-05
0.350 8.00e-09 8.4e-05
0.370 8.00e-09 9.2e-05
0.390 8.00e-09 0.0001
0.410 8.00e-09 0.000109
0.430 8.00e-09 0.000118
0.450 8.00e-09 0.000127
0.470 8.00e-09 0.000136
0.490 8.00e-09 0.000147
0.510 8.00e-09 0.000158
0.530 8.00e-09 0.000172
0.001 1.60e-08 0.0
0.002 1.60e-08 0.0
0.003 1.60e-08 0.0
0.004 1.60e-08 0.0
0.005 1.60e-08 0.0
0.007 1.60e-08 0.0
0.010 1.60e-08 0.0
0.020 1.60e-08 1e-06
0.040 1.60e-08 5e-06
0.060 1.60e-08 1.1e-05
0.080 1.60e-08 1.8e-05
0.100 1.60e-08 2.7e-05
0.120 1.60e-08 3.6e-05
0.140 1.60e-08 4.6e-05
0.160 1.60e-08 5.7e-05
0.180 1.60e-08 6.8e-05
0.200 1.60e-08 7.8e-05
0.220 1.60e-08 0.000127
0.250 1.60e-08 0.000185
0.270 1.60e-08 0.000216
0.290 1.60e-08 0.000262
0.310 1.60e-08 0.000273
0.330 1.60e-08 0.000303
0.350 1.60e-08 0.000333
0.370 1.60e-08 0.000366
0.390 1.60e-08 0.000397
0.410 1.60e-08 0.000432
0.430 1.60e-08 0.000467
0.450 1.60e-08 0.000503
0.470 1.60e-08 0.00054
0.490 1.60e-08 0.000584
0.510 1.60e-08 0.000625
0.530 1.60e-08 0.000679
0.001 3.20e-08 0.0
0.002 3.20e-08 0.0
0.003 3.20e-08 0.0
0.004 3.20e-08 0.0
0.005 3.20e-08 0.0
0.007 3.20e-08 1e-06
0.010 3.20e-08 2e-06
0.020 3.20e-08 6e-06
0.040 3.20e-08 2.2e-05
0.060 3.20e-08 4.5e-05
0.080 3.20e-08 7.2e-05
0.100 3.20e-08 0.000107
0.120 3.20e-08 0.000144
0.140 3.20e-08 0.000182
0.160 3.20e-08 0.000225
0.180 3.20e-08 0.000269
0.200 3.20e-08 0.000309
0.220 3.20e-08 0.000503
0.250 3.20e-08 0.00073
0.270 3.20e-08 0.000853
0.290 3.20e-08 0.001034
0.310 3.20e-08 0.001078
0.330 3.20e-08 0.001192
0.350 3.20e-08 0.001311
0.370 3.20e-08 0.001437
0.390 3.20e-08 0.001558
0.410 3.20e-08 0.001696
0.430 3.20e-08 0.00183
0.450 3.20e-08 0.001967
0.470 3.20e-08 0.00211
0.490 3.20e-08 0.002279
0.510 3.20e-08 0.002437
0.530 3.20e-08 0.002643
0.001 6.30e-08 0.0
0.002 6.30e-08 0.0
0.003 6.30e-08 1e-06
0.004 6.30e-08 1e-06
0.005 6.30e-08 2e-06
0.007 6.30e-08 3e-06
0.010 6.30e-08 6e-06
0.020 6.30e-08 2.2e-05
0.040 6.30e-08 8.6e-05
0.060 6.30e-08 0.00018
0.080 6.30e-08 0.000287
0.100 6.30e-08 0.000426
0.120 6.30e-08 0.000569
0.140 6.30e-08 0.000719
0.160 6.30e-08 0.000889
0.180 6.30e-08 0.001058
0.200 6.30e-08 0.001215
0.220 6.30e-08 0.001966
0.250 6.30e-08 0.00283
0.270 6.30e-08 0.003292
0.290 6.30e-08 0.003967
0.310 6.30e-08 0.004132
0.330 6.30e-08 0.00455
0.350 6.30e-08 0.004987
0.370 6.30e-08 0.005444
0.390 6.30e-08 0.005878
0.410 6.30e-08 0.006371
0.430 6.30e-08 0.006842
0.450 6.30e-08 0.007324
0.470 6.30e-08 0.007821
0.490 6.30e-08 0.008399
0.510 6.30e-08 0.008932
0.530 6.30e-08 0.00962
0.001 1.26e-07 0.0
0.002 1.26e-07 1e-06
0.003 1.26e-07 2e-06
0.004 1.26e-07 4e-06
0.005 1.26e-07 6e-06
0.007 1.26e-07 1.2e-05
0.010 1.26e-07 2.4e-05
0.020 1.26e-07 8.8e-05
0.040 1.26e-07 0.000339
0.060 1.26e-07 0.000711
0.080 1.26e-07 0.001127
0.100 1.26e-07 0.001661
0.120 1.26e-07 0.00221
0.140 1.26e-07 0.00278
0.160 1.26e-07 0.003414
0.180 1.26e-07 0.004045
0.200 1.26e-07 0.004618
0.220 1.26e-07 0.007274
0.250 1.26e-07 0.010174
0.270 1.26e-07 0.011645
0.290 1.26e-07 0.013748
0.310 1.26e-07 0.014237
0.330 1.26e-07 0.015473
0.350 1.26e-07 0.016736
0.370 1.26e-07 0.018003
0.390 1.26e-07 0.019171
0.410 1.26e-07 0.020464
0.430 1.26e-07 0.021637
0.450 1.26e-07 0.022818
0.470 1.26e-07 0.023991
0.490 1.26e-07 0.025287
0.510 1.26e-07 0.026445
0.530 1.26e-07 0.027863
0.001 2.51e-07 1e-06
0.002 2.51e-07 4e-06
0.003 2.51e-07 9e-06
0.004 2.51e-07 1.5e-05
0.005 2.51e-07 2.4e-05
0.007 2.51e-07 4.7e-05
0.010 2.51e-07 9.4e-05
0.020 2.51e-07 0.000348
0.040 2.51e-07 0.001321
0.060 2.51e-07 0.00272
0.080 2.51e-07 0.004249
0.100 2.51e-07 0.006129
0.120 2.51e-07 0.007998
0.140 2.51e-07 0.009889
0.160 2.51e-07 0.01187
0.180 2.51e-07 0.013807
0.200 2.51e-07 0.01547
0.220 2.51e-07 0.022249
0.250 2.51e-07 0.028386
0.270 2.51e-07 0.03101
0.290 2.51e-07 0.034475
0.310 2.51e-07 0.035173
0.330 2.51e-07 0.036929
0.350 2.51e-07 0.038547
0.370 2.51e-07 0.039973
0.390 2.51e-07 0.0412
0.410 2.51e-07 0.042429
0.430 2.51e-07 0.04333
0.450 2.51e-07 0.044233
0.470 2.51e-07 0.045022
0.490 2.51e-07 0.045739
0.510 2.51e-07 0.046315
0.530 2.51e-07 0.046871
0.001 5.01e-07 5e-06
0.002 5.01e-07 1.5e-05
0.003 5.01e-07 3.5e-05
0.004 5.01e-07 5.9e-05
0.005 5.01e-07 9.5e-05
0.007 5.01e-07 0.000187
0.010 5.01e-07 0.000372
0.020 5.01e-07 0.001347
0.040 5.01e-07 0.00486
0.060 5.01e-07 0.009368
0.080 5.01e-07 0.013911
0.100 5.01e-07 0.018695
0.120 5.01e-07 0.02299
0.140 5.01e-07 0.026945
0.160 5.01e-07 0.030314
0.180 5.01e-07 0.033521
0.200 5.01e-07 0.035828
0.220 5.01e-07 0.042246
0.250 5.01e-07 0.045492
0.270 5.01e-07 0.046309
0.290 5.01e-07 0.046937
0.310 5.01e-07 0.046943
0.330 5.01e-07 0.047002
0.350 5.01e-07 0.046719
0.370 5.01e-07 0.046361
0.390 5.01e-07 0.045913
0.410 5.01e-07 0.045124
0.430 5.01e-07 0.044496
0.450 5.01e-07 0.043702
0.470 5.01e-07 0.042894
0.490 5.01e-07 0.041917
0.510 5.01e-07 0.040956
0.530 5.01e-07 0.039726
0.001 1.00e-06 2e-05
0.002 1.00e-06 6.1e-05
0.003 1.00e-06 0.00014
0.004 1.00e-06 0.000234
0.005 1.00e-06 0.000372
0.007 1.00e-06 0.000729
0.010 1.00e-06 0.00143
0.020 1.00e-06 0.00486
0.040 1.00e-06 0.014914
0.060 1.00e-06 0.024176
0.080 1.00e-06 0.031773
0.100 1.00e-06 0.037011
0.120 1.00e-06 0.040836
0.140 1.00e-06 0.043256
0.160 1.00e-06 0.044466
0.180 1.00e-06 0.045252
0.200 1.00e-06 0.045558
0.220 1.00e-06 0.043061
0.250 1.00e-06 0.038614
0.270 1.00e-06 0.03638
0.290 1.00e-06 0.032764
0.310 1.00e-06 0.032146
0.330 1.00e-06 0.030194
0.350 1.00e-06 0.028085
0.370 1.00e-06 0.026244
0.390 1.00e-06 0.024528
0.410 1.00e-06 0.022836
0.430 1.00e-06 0.021268
0.450 1.00e-06 0.019837
0.470 1.00e-06 0.018393
0.490 1.00e-06 0.016924
0.510 1.00e-06 0.015672
0.530 1.00e-06 0.014239
0.001 1.99e-06 8e-05
0.002 1.99e-06 0.000241
0.003 1.99e-06 0.000549
0.004 1.99e-06 0.000911
0.005 1.99e-06 0.001423
0.007 1.99e-06 0.002704
0.010 1.99e-06 0.005047
0.020 1.99e-06 0.014588
0.040 1.99e-06 0.031661
0.060 1.99e-06 0.039935
0.080 1.99e-06 0.043147
0.100 1.99e-06 0.043107
0.120 1.99e-06 0.041616
0.140 1.99e-06 0.038951
0.160 1.99e-06 0.036501
0.180 1.99e-06 0.03336
0.200 1.99e-06 0.030626
0.220 1.99e-06 0.021687
0.250 1.99e-06 0.014921
0.270 1.99e-06 0.012222
0.290 1.99e-06 0.009201
0.310 1.99e-06 0.008558
0.330 1.99e-06 0.007054
0.350 1.99e-06 0.006016
0.370 1.99e-06 0.004998
0.390 1.99e-06 0.004235
0.410 1.99e-06 0.00352
0.430 1.99e-06 0.003001
0.450 1.99e-06 0.002486
0.470 1.99e-06 0.002079
0.490 1.99e-06 0.001704
0.510 1.99e-06 0.001429
0.530 1.99e-06 0.001148
0.001 3.98e-06 0.000316
0.002 3.98e-06 0.000926
0.003 3.98e-06 0.002064
0.004 3.98e-06 0.003351
0.005 3.98e-06 0.00498
0.007 3.98e-06 0.00878
0.010 3.98e-06 0.014692
0.020 3.98e-06 0.031347
0.040 3.98e-06 0.042441
0.060 3.98e-06 0.039821
0.080 3.98e-06 0.03394
0.100 3.98e-06 0.027831
0.120 3.98e-06 0.021917
0.140 3.98e-06 0.017525
0.160 3.98e-06 0.013715
0.180 3.98e-06 0.010653
0.200 3.98e-06 0.00877
0.220 3.98e-06 0.003794
0.250 3.98e-06 0.001636
0.270 3.98e-06 0.001045
0.290 3.98e-06 0.000574
0.310 3.98e-06 0.000433
0.330 3.98e-06 0.000266
0.350 3.98e-06 0.000216
0.370 3.98e-06 0.000121
0.390 3.98e-06 7.1e-05
0.410 3.98e-06 4.8e-05
0.430 3.98e-06 3.1e-05
0.450 3.98e-06 1.8e-05
0.470 3.98e-06 1.2e-05
0.490 3.98e-06 7e-06
0.510 3.98e-06 4e-06
0.530 3.98e-06 2e-06
0.001 7.94e-06 0.001218
0.002 7.94e-06 0.003325
0.003 7.94e-06 0.006925
0.004 7.94e-06 0.010648
0.005 7.94e-06 0.014508
0.007 7.94e-06 0.022126
0.010 7.94e-06 0.031036
0.020 7.94e-06 0.042297
0.040 7.94e-06 0.033316
0.060 7.94e-06 0.021548
0.080 7.94e-06 0.012961
0.100 7.94e-06 0.007618
0.120 7.94e-06 0.004554
0.140 7.94e-06 0.002701
0.160 7.94e-06 0.001565
0.180 7.94e-06 0.000988
0.200 7.94e-06 0.000566
0.220 7.94e-06 9.7e-05
0.250 7.94e-06 1.3e-05
0.270 7.94e-06 4e-06
0.290 7.94e-06 1e-06
0.310 7.94e-06 0.0
0.330 7.94e-06 0.0
0.350 7.94e-06 0.0
0.370 7.94e-06 0.0
0.390 7.94e-06 0.0
0.410 7.94e-06 0.0
0.430 7.94e-06 0.0
0.450 7.94e-06 0.0
0.470 7.94e-06 0.0
0.490 7.94e-06 0.0
0.510 7.94e-06 0.0
0.530 7.94e-06 0.0
0.001 1.58e-05 0.004381
0.002 1.58e-05 0.01041
0.003 1.58e-05 0.018699
0.004 1.58e-05 0.025418
0.005 1.58e-05 0.0306
0.007 1.58e-05 0.038094
0.010 1.58e-05 0.042184
0.020 1.58e-05 0.033557
0.040 1.58e-05 0.012622
0.060 1.58e-05 0.004371
0.080 1.58e-05 0.00154
0.100 1.58e-05 0.000427
0.120 1.58e-05 0.000163
0.140 1.58e-05 5.1e-05
0.160 1.58e-05 1.6e-05
0.180 1.58e-05 4e-06
0.200 1.58e-05 1e-06
0.220 1.58e-05 0.0
0.250 1.58e-05 0.0
0.270 1.58e-05 0.0
0.290 1.58e-05 0.0
0.310 1.58e-05 0.0
0.330 1.58e-05 0.0
0.350 1.58e-05 0.0
0.370 1.58e-05 0.0
0.390 1.58e-05 0.0
0.410 1.58e-05 0.0
0.430 1.58e-05 0.0
0.450 1.58e-05 0.0
0.470 1.58e-05 0.0
0.490 1.58e-05 0.0
0.510 1.58e-05 0.0
0.530 1.58e-05 0.0
0.001 3.16e-05 0.01323
0.002 3.16e-05 0.024925
0.003 3.16e-05 0.035438
0.004 3.16e-05 0.040296
0.005 3.16e-05 0.042172
0.007 3.16e-05 0.040784
0.010 3.16e-05 0.033662
0.020 3.16e-05 0.013111
0.040 3.16e-05 0.001448
0.060 3.16e-05 0.000159
0.080 3.16e-05 1.6e-05
0.100 3.16e-05 1e-06
0.120 3.16e-05 0.0
0.140 3.16e-05 0.0
0.160 3.16e-05 0.0
0.180 3.16e-05 0.0
0.200 3.16e-05 0.0
0.220 3.16e-05 0.0
0.250 3.16e-05 0.0
0.270 3.16e-05 0.0
0.290 3.16e-05 0.0
0.310 3.16e-05 0.0
0.330 3.16e-05 0.0
0.350 3.16e-05 0.0
0.370 3.16e-05 0.0
0.390 3.16e-05 0.0
0.410 3.16e-05 0.0
0.430 3.16e-05 0.0
0.450 3.16e-05 0.0
0.470 3.16e-05 0.0
0.490 3.16e-05 0.0
0.510 3.16e-05 0.0
0.530 3.16e-05 0.0
0.001 6.31e-05 0.029279
0.002 6.31e-05 0.03985
0.003 6.31e-05 0.041837
0.004 6.31e-05 0.038879
0.005 6.31e-05 0.03422
0.007 6.31e-05 0.023807
0.010 6.31e-05 0.012964
0.020 6.31e-05 0.001468
0.040 6.31e-05 1.4e-05
0.060 6.31e-05 0.0
0.080 6.31e-05 0.0
0.100 6.31e-05 0.0
0.120 6.31e-05 0.0
0.140 6.31e-05 0.0
0.160 6.31e-05 0.0
0.180 6.31e-05 0.0
0.200 6.31e-05 0.0
0.220 6.31e-05 0.0
0.250 6.31e-05 0.0
0.270 6.31e-05 0.0
0.290 6.31e-05 0.0
0.310 6.31e-05 0.0
0.330 6.31e-05 0.0
0.350 6.31e-05 0.0
0.370 6.31e-05 0.0
0.390 6.31e-05 0.0
0.410 6.31e-05 0.0
0.430 6.31e-05 0.0
0.450 6.31e-05 0.0
0.470 6.31e-05 0.0
0.490 6.31e-05 0.0
0.510 6.31e-05 0.0
0.530 6.31e-05 0.0
0.001 1.26e-04 0.041648
0.002 1.26e-04 0.039251
0.003 1.26e-04 0.028271
0.004 1.26e-04 0.019433
0.005 1.26e-04 0.013135
0.007 1.26e-04 0.005524
0.010 1.26e-04 0.001519
0.020 1.26e-04 1.4e-05
0.040 1.26e-04 0.0
0.060 1.26e-04 0.0
0.080 1.26e-04 0.0
0.100 1.26e-04 0.0
0.120 1.26e-04 0.0
0.140 1.26e-04 0.0
0.160 1.26e-04 0.0
0.180 1.26e-04 0.0
0.200 1.26e-04 0.0
0.220 1.26e-04 0.0
0.250 1.26e-04 0.0
0.270 1.26e-04 0.0
0.290 1.26e-04 0.0
0.310 1.26e-04 0.0
0.330 1.26e-04 0.0
0.350 1.26e-04 0.0
0.370 1.26e-04 0.0
0.390 1.26e-04 0.0
0.410 1.26e-04 0.0
0.430 1.26e-04 0.0
0.450 1.26e-04 0.0
0.470 1.26e-04 0.0
0.490 1.26e-04 0.0
0.510 1.26e-04 0.0
0.530 1.26e-04 0.0
0.001 2.51e-04 0.035566
0.002 2.51e-04 0.020032
0.003 2.51e-04 0.008434
0.004 2.51e-04 0.003696
0.005 2.51e-04 0.001512
0.007 2.51e-04 0.000257
0.010 2.51e-04 1.5e-05
0.020 2.51e-04 0.0
0.040 2.51e-04 0.0
0.060 2.51e-04 0.0
0.080 2.51e-04 0.0
0.100 2.51e-04 0.0
0.120 2.51e-04 0.0
0.140 2.51e-04 0.0
0.160 2.51e-04 0.0
0.180 2.51e-04 0.0
0.200 2.51e-04 0.0
0.220 2.51e-04 0.0
0.250 2.51e-04 0.0
0.270 2.51e-04 0.0
0.290 2.51e-04 0.0
0.310 2.51e-04 0.0
0.330 2.51e-04 0.0
0.350 2.51e-04 0.0
0.370 2.51e-04 0.0
0.390 2.51e-04 0.0
0.410 2.51e-04 0.0
0.430 2.51e-04 0.0
0.450 2.51e-04 0.0
0.470 2.51e-04 0.0
0.490 2.51e-04 0.0
0.510 2.51e-04 0.0
0.530 2.51e-04 0.0
0.001 5.01e-04 0.015234
0.002 5.01e-04 0.0039
0.003 5.01e-04 0.000646
0.004 5.01e-04 9.9e-05
0.005 5.01e-04 1.4e-05
0.007 5.01e-04 0.0
0.010 5.01e-04 0.0
0.020 5.01e-04 0.0
0.040 5.01e-04 0.0
0.060 5.01e-04 0.0
0.080 5.01e-04 0.0
0.100 5.01e-04 0.0
0.120 5.01e-04 0.0
0.140 5.01e-04 0.0
0.160 5.01e-04 0.0
0.180 5.01e-04 0.0
0.200 5.01e-04 0.0
0.220 5.01e-04 0.0
0.250 5.01e-04 0.0
0.270 5.01e-04 0.0
0.290 5.01e-04 0.0
0.310 5.01e-04 0.0
0.330 5.01e-04 0.0
0.350 5.01e-04 0.0
0.370 5.01e-04 0.0
0.390 5.01e-04 0.0
0.410 5.01e-04 0.0
0.430 5.01e-04 0.0
0.450 5.01e-04 0.0
0.470 5.01e-04 0.0
0.490 5.01e-04 0.0
0.510 5.01e-04 0.0
0.530 5.01e-04 0.0
0.001 1.00e-03 0.002049
0.002 1.00e-03 0.000122
0.003 1.00e-03 2e-06
0.004 1.00e-03 0.0
0.005 1.00e-03 0.0
0.007 1.00e-03 0.0
0.010 1.00e-03 0.0
0.020 1.00e-03 0.0
0.040 1.00e-03 0.0
0.060 1.00e-03 0.0
0.080 1.00e-03 0.0
0.100 1.00e-03 0.0
0.120 1.00e-03 0.0
0.140 1.00e-03 0.0
0.160 1.00e-03 0.0
0.180 1.00e-03 0.0
0.200 1.00e-03 0.0
0.220 1.00e-03 0.0
0.250 1.00e-03 0.0
0.270 1.00e-03 0.0
0.290 1.00e-03 0.0
0.310 1.00e-03 0.0
0.330 1.00e-03 0.0
0.350 1.00e-03 0.0
0.370 1.00e-03 0.0
0.390 1.00e-03 0.0
0.410 1.00e-03 0.0
0.430 1.00e-03 0.0
0.450 1.00e-03 0.0
0.470 1.00e-03 0.0
0.490 1.00e-03 0.0
0.510 1.00e-03 0.0
0.530 1.00e-03 0.0
