0.001 1.00e-09 0.0
0.002 1.00e-09 0.0
0.003 1.00e-09 0.0
0.004 1.00e-09 0.0
0.005 1.00e-09 0.0
0.007 1.00e-09 0.0
0.010 1.00e-09 0.0
0.020 1.00e-09 0.0
0.040 1.00e-09 0.0
0.060 1.00e-09 0.0
0.080 1.00e-09 0.0
0.100 1.00e-09 0.0
0.120 1.00e-09 0.0
0.001 2.00e-09 0.0
0.002 2.00e-09 0.0
0.003 2.00e-09 0.0
0.004 2.00e-09 0.0
0.005 2.00e-09 0.0
0.007 2.00e-09 0.0
0.010 2.00e-09 0.0
0.020 2.00e-09 0.0
0.040 2.00e-09 0.0
0.060 2.00e-09 0.0
0.080 2.00e-09 0.0
0.100 2.00e-09 1e-06
0.120 2.00e-09 1e-06
0.001 4.00e-09 0.0
0.002 4.00e-09 0.0
0.003 4.00e-09 0.0
0.004 4.00e-09 0.0
0.005 4.00e-09 0.0
0.007 4.00e-09 0.0
0.010 4.00e-09 0.0
0.020 4.00e-09 0.0
0.040 4.00e-09 1e-06
0.060 4.00e-09 1e-06
0.080 4.00e-09 2e-06
0.100 4.00e-09 2e-06
0.120 4.00e-09 3e-06
0.001 8.00e-09 0.0
0.002 8.00e-09 0.0
0.003 8.00e-09 0.0
0.004 8.00e-09 0.0
0.005 8.00e-09 0.0
0.007 8.00e-09 0.0
0.010 8.00e-09 0.0
0.020 8.00e-09 1e-06
0.040 8.00e-09 2e-06
0.060 8.00e-09 4e-06
0.080 8.00e-09 6e-06
0.100 8.00e-09 8e-06
0.120 8.00e-09 1e-05
0.001 1.60e-08 0.0
0.002 1.60e-08 0.0
0.003 1.60e-08 0.0
0.004 1.60e-08 0.0
0.005 1.60e-08 0.0
0.007 1.60e-08 1e-06
0.010 1.60e-08 1e-06
0.020 1.60e-08 3e-06
0.040 1.60e-08 1e-05
0.060 1.60e-08 1.8e-05
0.080 1.60e-08 2.5e-05
0.100 1.60e-08 3.3e-05
0.120 1.60e-08 4e-05
0.001 3.20e-08 0.0
0.002 3.20e-08 0.0
0.003 3.20e-08 0.0
0.004 3.20e-08 1e-06
0.005 3.20e-08 1e-06
0.007 3.20e-08 2e-06
0.010 3.20e-08 4e-06
0.020 3.20e-08 1.3e-05
0.040 3.20e-08 3.9e-05
0.060 3.20e-08 7e-05
0.080 3.20e-08 0.000101
0.100 3.20e-08 0.000131
0.120 3.20e-08 0.00016
0.001 6.30e-08 0.0
0.002 6.30e-08 1e-06
0.003 6.30e-08 2e-06
0.004 6.30e-08 3e-06
0.005 6.30e-08 4e-06
0.007 6.30e-08 8e-06
0.010 6.30e-08 1.6e-05
0.020 6.30e-08 5.2e-05
0.040 6.30e-08 0.000156
0.060 6.30e-08 0.000277
0.080 6.30e-08 0.0004
0.100 6.30e-08 0.00052
0.120 6.30e-08 0.000632
0.001 1.26e-07 1e-06
0.002 1.26e-07 3e-06
0.003 1.26e-07 6e-06
0.004 1.26e-07 1.1e-05
0.005 1.26e-07 1.7e-05
0.007 1.26e-07 3.2e-05
0.010 1.26e-07 6.2e-05
0.020 1.26e-07 0.000208
0.040 1.26e-07 0.000616
0.060 1.26e-07 0.00109
0.080 1.26e-07 0.001565
0.100 1.26e-07 0.002024
0.120 1.26e-07 0.00245
0.001 2.51e-07 4e-06
0.002 2.51e-07 1.1e-05
0.003 2.51e-07 2.4e-05
0.004 2.51e-07 4.6e-05
0.005 2.51e-07 6.7e-05
0.007 2.51e-07 0.000127
0.010 2.51e-07 0.000245
0.020 2.51e-07 0.000816
0.040 2.51e-07 0.002379
0.060 2.51e-07 0.004124
0.080 2.51e-07 0.005817
0.100 2.51e-07 0.007388
0.120 2.51e-07 0.008796
0.001 5.01e-07 1.6e-05
0.002 5.01e-07 4.5e-05
0.003 5.01e-07 9.6e-05
0.004 5.01e-07 0.000181
0.005 5.01e-07 0.000264
0.007 5.01e-07 0.000499
0.010 5.01e-07 0.000955
0.020 5.01e-07 0.003082
0.040 5.01e-07 0.008423
0.060 5.01e-07 0.01363
0.080 5.01e-07 0.018095
0.100 5.01e-07 0.021705
0.120 5.01e-07 0.024582
0.001 1.00e-06 6.3e-05
0.002 1.00e-06 0.000176
0.003 1.00e-06 0.000379
0.004 1.00e-06 0.000705
0.005 1.00e-06 0.00102
0.007 1.00e-06 0.001895
0.010 1.00e-06 0.003516
0.020 1.00e-06 0.010177
0.040 1.00e-06 0.022865
0.060 1.00e-06 0.031179
0.080 1.00e-06 0.036224
0.100 1.00e-06 0.039121
0.120 1.00e-06 0.040888
0.001 1.99e-06 0.000248
0.002 1.99e-06 0.000681
0.003 1.99e-06 0.00144
0.004 1.99e-06 0.0026
0.005 1.99e-06 0.003667
0.007 1.99e-06 0.00641
0.010 1.99e-06 0.010877
0.020 1.99e-06 0.024121
0.040 1.99e-06 0.038012
0.060 1.99e-06 0.041858
0.080 1.99e-06 0.041964
0.100 1.99e-06 0.041058
0.120 1.99e-06 0.039644
0.001 3.98e-06 0.000956
0.002 3.98e-06 0.002472
0.003 3.98e-06 0.004941
0.004 3.98e-06 0.008198
0.005 3.98e-06 0.010907
0.007 3.98e-06 0.016936
0.010 3.98e-06 0.024241
0.020 3.98e-06 0.037102
0.040 3.98e-06 0.038778
0.060 3.98e-06 0.033822
0.080 3.98e-06 0.028693
0.100 3.98e-06 0.024521
0.120 3.98e-06 0.021292
0.001 7.94e-06 0.003392
0.002 7.94e-06 0.007797
0.003 7.94e-06 0.01376
0.004 7.94e-06 0.019622
0.005 7.94e-06 0.023967
0.007 7.94e-06 0.031427
0.010 7.94e-06 0.036951
0.020 7.94e-06 0.037448
0.040 7.94e-06 0.023955
0.060 7.94e-06 0.014534
0.080 7.94e-06 0.009312
0.100 7.94e-06 0.006186
0.120 7.94e-06 0.004389
0.001 1.58e-05 0.010029
0.002 1.58e-05 0.019126
0.003 1.58e-05 0.028074
0.004 1.58e-05 0.033302
0.005 1.58e-05 0.036689
0.007 1.58e-05 0.038566
0.010 1.58e-05 0.03677
0.020 1.58e-05 0.022894
0.040 1.58e-05 0.007166
0.060 1.58e-05 0.00238
0.080 1.58e-05 0.000836
0.100 1.58e-05 0.000358
0.120 1.58e-05 0.000169
0.001 3.16e-05 0.022593
0.002 3.16e-05 0.033006
0.003 3.16e-05 0.038413
0.004 3.16e-05 0.038124
0.005 3.16e-05 0.036874
0.007 3.16e-05 0.03073
0.010 3.16e-05 0.022305
0.020 3.16e-05 0.006579
0.040 3.16e-05 0.000647
0.060 3.16e-05 7.1e-05
0.080 3.16e-05 6e-06
0.100 3.16e-05 1e-06
0.120 3.16e-05 0.0
0.001 6.31e-05 0.035798
0.002 6.31e-05 0.038448
0.003 6.31e-05 0.033913
0.004 6.31e-05 0.027852
0.005 6.31e-05 0.02246
0.007 6.31e-05 0.013798
0.010 6.31e-05 0.006543
0.020 6.31e-05 0.000569
0.040 6.31e-05 3e-06
0.060 6.31e-05 0.0
0.080 6.31e-05 0.0
0.100 6.31e-05 0.0
0.120 6.31e-05 0.0
0.001 1.26e-04 0.037179
0.002 1.26e-04 0.028405
0.003 1.26e-04 0.01769
0.004 1.26e-04 0.010796
0.005 1.26e-04 0.006553
0.007 1.26e-04 0.002525
0.010 1.26e-04 0.000565
0.020 1.26e-04 5e-06
0.040 1.26e-04 0.0
0.060 1.26e-04 0.0
0.080 1.26e-04 0.0
0.100 1.26e-04 0.0
0.120 1.26e-04 0.0
0.001 2.51e-04 0.024097
0.002 2.51e-04 0.011216
0.003 2.51e-04 0.00408
0.004 2.51e-04 0.001565
0.005 2.51e-04 0.000554
0.007 2.51e-04 9.7e-05
0.010 2.51e-04 4e-06
0.020 2.51e-04 0.0
0.040 2.51e-04 0.0
0.060 2.51e-04 0.0
0.080 2.51e-04 0.0
0.100 2.51e-04 0.0
0.120 2.51e-04 0.0
0.001 5.01e-04 0.007847
0.002 5.01e-04 0.001605
0.003 5.01e-04 0.000242
0.004 5.01e-04 3.7e-05
0.005 5.01e-04 5e-06
0.007 5.01e-04 0.0
0.010 5.01e-04 0.0
0.020 5.01e-04 0.0
0.040 5.01e-04 0.0
0.060 5.01e-04 0.0
0.080 5.01e-04 0.0
0.100 5.01e-04 0.0
0.120 5.01e-04 0.0
0.001 1.00e-03 0.000824
0.002 1.00e-03 4.1e-05
0.003 1.00e-03 1e-06
0.004 1.00e-03 0.0
0.005 1.00e-03 0.0
0.007 1.00e-03 0.0
0.010 1.00e-03 0.0
0.020 1.00e-03 0.0
0.040 1.00e-03 0.0
0.060 1.00e-03 0.0
0.080 1.00e-03 0.0
0.100 1.00e-03 0.0
0.120 1.00e-03 0.0
0.001 1.00e-09 0.0
0.002 1.00e-09 0.0
0.003 1.00e-09 0.0
0.004 1.00e-09 0.0
0.005 1.00e-09 0.0
0.007 1.00e-09 0.0
0.010 1.00e-09 0.0
0.020 1.00e-09 0.0
0.040 1.00e-09 0.0
0.060 1.00e-09 0.0
0.080 1.00e-09 0.0
0.100 1.00e-09 0.0
0.120 1.00e-09 0.0
0.001 2.00e-09 0.0
0.002 2.00e-09 0.0
0.003 2.00e-09 0.0
0.004 2.00e-09 0.0
0.005 2.00e-09 0.0
0.007 2.00e-09 0.0
0.010 2.00e-09 0.0
0.020 2.00e-09 0.0
0.040 2.00e-09 0.0
0.060 2.00e-09 0.0
0.080 2.00e-09 0.0
0.100 2.00e-09 1e-06
0.120 2.00e-09 1e-06
0.001 4.00e-09 0.0
0.002 4.00e-09 0.0
0.003 4.00e-09 0.0
0.004 4.00e-09 0.0
0.005 4.00e-09 0.0
0.007 4.00e-09 0.0
0.010 4.00e-09 0.0
0.020 4.00e-09 0.0
0.040 4.00e-09 1e-06
0.060 4.00e-09 1e-06
0.080 4.00e-09 2e-06
0.100 4.00e-09 2e-06
0.120 4.00e-09 3e-06
0.001 8.00e-09 0.0
0.002 8.00e-09 0.0
0.003 8.00e-09 0.0
0.004 8.00e-09 0.0
0.005 8.00e-09 0.0
0.007 8.00e-09 0.0
0.010 8.00e-09 0.0
0.020 8.00e-09 1e-06
0.040 8.00e-09 2e-06
0.060 8.00e-09 4e-06
0.080 8.00e-09 6e-06
0.100 8.00e-09 8e-06
0.120 8.00e-09 1e-05
0.001 1.60e-08 0.0
0.002 1.60e-08 0.0
0.003 1.60e-08 0.0
0.004 1.60e-08 0.0
0.005 1.60e-08 0.0
0.007 1.60e-08 1e-06
0.010 1.60e-08 1e-06
0.020 1.60e-08 3e-06
0.040 1.60e-08 1e-05
0.060 1.60e-08 1.8e-05
0.080 1.60e-08 2.5e-05
0.100 1.60e-08 3.3e-05
0.120 1.60e-08 4e-05
0.001 3.20e-08 0.0
0.002 3.20e-08 0.0
0.003 3.20e-08 0.0
0.004 3.20e-08 1e-06
0.005 3.20e-08 1e-06
0.007 3.20e-08 2e-06
0.010 3.20e-08 4e-06
0.020 3.20e-08 1.3e-05
0.040 3.20e-08 3.9e-05
0.060 3.20e-08 7e-05
0.080 3.20e-08 0.000101
0.100 3.20e-08 0.000131
0.120 3.20e-08 0.00016
0.001 6.30e-08 0.0
0.002 6.30e-08 1e-06
0.003 6.30e-08 2e-06
0.004 6.30e-08 3e-06
0.005 6.30e-08 4e-06
0.007 6.30e-08 8e-06
0.010 6.30e-08 1.6e-05
0.020 6.30e-08 5.2e-05
0.040 6.30e-08 0.000156
0.060 6.30e-08 0.000277
0.080 6.30e-08 0.0004
0.100 6.30e-08 0.00052
0.120 6.30e-08 0.000632
0.001 1.26e-07 1e-06
0.002 1.26e-07 3e-06
0.003 1.26e-07 6e-06
0.004 1.26e-07 1.1e-05
0.005 1.26e-07 1.7e-05
0.007 1.26e-07 3.2e-05
0.010 1.26e-07 6.2e-05
0.020 1.26e-07 0.000208
0.040 1.26e-07 0.000616
0.060 1.26e-07 0.00109
0.080 1.26e-07 0.001565
0.100 1.26e-07 0.002024
0.120 1.26e-07 0.00245
0.001 2.51e-07 4e-06
0.002 2.51e-07 1.1e-05
0.003 2.51e-07 2.4e-05
0.004 2.51e-07 4.6e-05
0.005 2.51e-07 6.7e-05
0.007 2.51e-07 0.000127
0.010 2.51e-07 0.000245
0.020 2.51e-07 0.000816
0.040 2.51e-07 0.002379
0.060 2.51e-07 0.004124
0.080 2.51e-07 0.005817
0.100 2.51e-07 0.007388
0.120 2.51e-07 0.008796
0.001 5.01e-07 1.6e-05
0.002 5.01e-07 4.5e-05
0.003 5.01e-07 9.6e-05
0.004 5.01e-07 0.000181
0.005 5.01e-07 0.000264
0.007 5.01e-07 0.000499
0.010 5.01e-07 0.000955
0.020 5.01e-07 0.003082
0.040 5.01e-07 0.008423
0.060 5.01e-07 0.01363
0.080 5.01e-07 0.018095
0.100 5.01e-07 0.021705
0.120 5.01e-07 0.024582
0.001 1.00e-06 6.3e-05
0.002 1.00e-06 0.000176
0.003 1.00e-06 0.000379
0.004 1.00e-06 0.000705
0.005 1.00e-06 0.00102
0.007 1.00e-06 0.001895
0.010 1.00e-06 0.003516
0.020 1.00e-06 0.010177
0.040 1.00e-06 0.022865
0.060 1.00e-06 0.031179
0.080 1.00e-06 0.036224
0.100 1.00e-06 0.039121
0.120 1.00e-06 0.040888
0.001 1.99e-06 0.000248
0.002 1.99e-06 0.000681
0.003 1.99e-06 0.00144
0.004 1.99e-06 0.0026
0.005 1.99e-06 0.003667
0.007 1.99e-06 0.00641
0.010 1.99e-06 0.010877
0.020 1.99e-06 0.024121
0.040 1.99e-06 0.038012
0.060 1.99e-06 0.041858
0.080 1.99e-06 0.041964
0.100 1.99e-06 0.041058
0.120 1.99e-06 0.039644
0.001 3.98e-06 0.000956
0.002 3.98e-06 0.002472
0.003 3.98e-06 0.004941
0.004 3.98e-06 0.008198
0.005 3.98e-06 0.010907
0.007 3.98e-06 0.016936
0.010 3.98e-06 0.024241
0.020 3.98e-06 0.037102
0.040 3.98e-06 0.038778
0.060 3.98e-06 0.033822
0.080 3.98e-06 0.028693
0.100 3.98e-06 0.024521
0.120 3.98e-06 0.021292
0.001 7.94e-06 0.003392
0.002 7.94e-06 0.007797
0.003 7.94e-06 0.01376
0.004 7.94e-06 0.019622
0.005 7.94e-06 0.023967
0.007 7.94e-06 0.031427
0.010 7.94e-06 0.036951
0.020 7.94e-06 0.037448
0.040 7.94e-06 0.023955
0.060 7.94e-06 0.014534
0.080 7.94e-06 0.009312
0.100 7.94e-06 0.006186
0.120 7.94e-06 0.004389
0.001 1.58e-05 0.010029
0.002 1.58e-05 0.019126
0.003 1.58e-05 0.028074
0.004 1.58e-05 0.033302
0.005 1.58e-05 0.036689
0.007 1.58e-05 0.038566
0.010 1.58e-05 0.03677
0.020 1.58e-05 0.022894
0.040 1.58e-05 0.007166
0.060 1.58e-05 0.00238
0.080 1.58e-05 0.000836
0.100 1.58e-05 0.000358
0.120 1.58e-05 0.000169
0.001 3.16e-05 0.022593
0.002 3.16e-05 0.033006
0.003 3.16e-05 0.038413
0.004 3.16e-05 0.038124
0.005 3.16e-05 0.036874
0.007 3.16e-05 0.03073
0.010 3.16e-05 0.022305
0.020 3.16e-05 0.006579
0.040 3.16e-05 0.000647
0.060 3.16e-05 7.1e-05
0.080 3.16e-05 6e-06
0.100 3.16e-05 1e-06
0.120 3.16e-05 0.0
0.001 6.31e-05 0.035798
0.002 6.31e-05 0.038448
0.003 6.31e-05 0.033913
0.004 6.31e-05 0.027852
0.005 6.31e-05 0.02246
0.007 6.31e-05 0.013798
0.010 6.31e-05 0.006543
0.020 6.31e-05 0.000569
0.040 6.31e-05 3e-06
0.060 6.31e-05 0.0
0.080 6.31e-05 0.0
0.100 6.31e-05 0.0
0.120 6.31e-05 0.0
0.001 1.26e-04 0.037179
0.002 1.26e-04 0.028405
0.003 1.26e-04 0.01769
0.004 1.26e-04 0.010796
0.005 1.26e-04 0.006553
0.007 1.26e-04 0.002525
0.010 1.26e-04 0.000565
0.020 1.26e-04 5e-06
0.040 1.26e-04 0.0
0.060 1.26e-04 0.0
0.080 1.26e-04 0.0
0.100 1.26e-04 0.0
0.120 1.26e-04 0.0
0.001 2.51e-04 0.024097
0.002 2.51e-04 0.011216
0.003 2.51e-04 0.00408
0.004 2.51e-04 0.001565
0.005 2.51e-04 0.000554
0.007 2.51e-04 9.7e-05
0.010 2.51e-04 4e-06
0.020 2.51e-04 0.0
0.040 2.51e-04 0.0
0.060 2.51e-04 0.0
0.080 2.51e-04 0.0
0.100 2.51e-04 0.0
0.120 2.51e-04 0.0
0.001 5.01e-04 0.007847
0.002 5.01e-04 0.001605
0.003 5.01e-04 0.000242
0.004 5.01e-04 3.7e-05
0.005 5.01e-04 5e-06
0.007 5.01e-04 0.0
0.010 5.01e-04 0.0
0.020 5.01e-04 0.0
0.040 5.01e-04 0.0
0.060 5.01e-04 0.0
0.080 5.01e-04 0.0
0.100 5.01e-04 0.0
0.120 5.01e-04 0.0
0.001 1.00e-03 0.000824
0.002 1.00e-03 4.1e-05
0.003 1.00e-03 1e-06
0.004 1.00e-03 0.0
0.005 1.00e-03 0.0
0.007 1.00e-03 0.0
0.010 1.00e-03 0.0
0.020 1.00e-03 0.0
0.040 1.00e-03 0.0
0.060 1.00e-03 0.0
0.080 1.00e-03 0.0
0.100 1.00e-03 0.0
0.120 1.00e-03 0.0
0.001 1.00e-09 0.0
0.002 1.00e-09 0.0
0.003 1.00e-09 0.0
0.004 1.00e-09 0.0
0.005 1.00e-09 0.0
0.007 1.00e-09 0.0
0.010 1.00e-09 0.0
0.020 1.00e-09 0.0
0.040 1.00e-09 0.0
0.060 1.00e-09 0.0
0.080 1.00e-09 0.0
0.100 1.00e-09 0.0
0.120 1.00e-09 0.0
0.001 2.00e-09 0.0
0.002 2.00e-09 0.0
0.003 2.00e-09 0.0
0.004 2.00e-09 0.0
0.005 2.00e-09 0.0
0.007 2.00e-09 0.0
0.010 2.00e-09 0.0
0.020 2.00e-09 0.0
0.040 2.00e-09 0.0
0.060 2.00e-09 0.0
0.080 2.00e-09 0.0
0.100 2.00e-09 1e-06
0.120 2.00e-09 1e-06
0.001 4.00e-09 0.0
0.002 4.00e-09 0.0
0.003 4.00e-09 0.0
0.004 4.00e-09 0.0
0.005 4.00e-09 0.0
0.007 4.00e-09 0.0
0.010 4.00e-09 0.0
0.020 4.00e-09 0.0
0.040 4.00e-09 1e-06
0.060 4.00e-09 1e-06
0.080 4.00e-09 2e-06
0.100 4.00e-09 2e-06
0.120 4.00e-09 3e-06
0.001 8.00e-09 0.0
0.002 8.00e-09 0.0
0.003 8.00e-09 0.0
0.004 8.00e-09 0.0
0.005 8.00e-09 0.0
0.007 8.00e-09 0.0
0.010 8.00e-09 0.0
0.020 8.00e-09 1e-06
0.040 8.00e-09 2e-06
0.060 8.00e-09 4e-06
0.080 8.00e-09 6e-06
0.100 8.00e-09 8e-06
0.120 8.00e-09 1e-05
0.001 1.60e-08 0.0
0.002 1.60e-08 0.0
0.003 1.60e-08 0.0
0.004 1.60e-08 0.0
0.005 1.60e-08 0.0
0.007 1.60e-08 1e-06
0.010 1.60e-08 1e-06
0.020 1.60e-08 3e-06
0.040 1.60e-08 1e-05
0.060 1.60e-08 1.8e-05
0.080 1.60e-08 2.5e-05
0.100 1.60e-08 3.3e-05
0.120 1.60e-08 4e-05
0.001 3.20e-08 0.0
0.002 3.20e-08 0.0
0.003 3.20e-08 0.0
0.004 3.20e-08 1e-06
0.005 3.20e-08 1e-06
0.007 3.20e-08 2e-06
0.010 3.20e-08 4e-06
0.020 3.20e-08 1.3e-05
0.040 3.20e-08 3.9e-05
0.060 3.20e-08 7e-05
0.080 3.20e-08 0.000101
0.100 3.20e-08 0.000131
0.120 3.20e-08 0.00016
0.001 6.30e-08 0.0
0.002 6.30e-08 1e-06
0.003 6.30e-08 2e-06
0.004 6.30e-08 3e-06
0.005 6.30e-08 4e-06
0.007 6.30e-08 8e-06
0.010 6.30e-08 1.6e-05
0.020 6.30e-08 5.2e-05
0.040 6.30e-08 0.000156
0.060 6.30e-08 0.000277
0.080 6.30e-08 0.0004
0.100 6.30e-08 0.00052
0.120 6.30e-08 0.000632
0.001 1.26e-07 1e-06
0.002 1.26e-07 3e-06
0.003 1.26e-07 6e-06
0.004 1.26e-07 1.1e-05
0.005 1.26e-07 1.7e-05
0.007 1.26e-07 3.2e-05
0.010 1.26e-07 6.2e-05
0.020 1.26e-07 0.000208
0.040 1.26e-07 0.000616
0.060 1.26e-07 0.00109
0.080 1.26e-07 0.001565
0.100 1.26e-07 0.002024
0.120 1.26e-07 0.00245
0.001 2.51e-07 4e-06
0.002 2.51e-07 1.1e-05
0.003 2.51e-07 2.4e-05
0.004 2.51e-07 4.6e-05
0.005 2.51e-07 6.7e-05
0.007 2.51e-07 0.000127
0.010 2.51e-07 0.000245
0.020 2.51e-07 0.000816
0.040 2.51e-07 0.002379
0.060 2.51e-07 0.004124
0.080 2.51e-07 0.005817
0.100 2.51e-07 0.007388
0.120 2.51e-07 0.008796
0.001 5.01e-07 1.6e-05
0.002 5.01e-07 4.5e-05
0.003 5.01e-07 9.6e-05
0.004 5.01e-07 0.000181
0.005 5.01e-07 0.000264
0.007 5.01e-07 0.000499
0.010 5.01e-07 0.000955
0.020 5.01e-07 0.003082
0.040 5.01e-07 0.008423
0.060 5.01e-07 0.01363
0.080 5.01e-07 0.018095
0.100 5.01e-07 0.021705
0.120 5.01e-07 0.024582
0.001 1.00e-06 6.3e-05
0.002 1.00e-06 0.000176
0.003 1.00e-06 0.000379
0.004 1.00e-06 0.000705
0.005 1.00e-06 0.00102
0.007 1.00e-06 0.001895
0.010 1.00e-06 0.003516
0.020 1.00e-06 0.010177
0.040 1.00e-06 0.022865
0.060 1.00e-06 0.031179
0.080 1.00e-06 0.036224
0.100 1.00e-06 0.039121
0.120 1.00e-06 0.040888
0.001 1.99e-06 0.000248
0.002 1.99e-06 0.000681
0.003 1.99e-06 0.00144
0.004 1.99e-06 0.0026
0.005 1.99e-06 0.003667
0.007 1.99e-06 0.00641
0.010 1.99e-06 0.010877
0.020 1.99e-06 0.024121
0.040 1.99e-06 0.038012
0.060 1.99e-06 0.041858
0.080 1.99e-06 0.041964
0.100 1.99e-06 0.041058
0.120 1.99e-06 0.039644
0.001 3.98e-06 0.000956
0.002 3.98e-06 0.002472
0.003 3.98e-06 0.004941
0.004 3.98e-06 0.008198
0.005 3.98e-06 0.010907
0.007 3.98e-06 0.016936
0.010 3.98e-06 0.024241
0.020 3.98e-06 0.037102
0.040 3.98e-06 0.038778
0.060 3.98e-06 0.033822
0.080 3.98e-06 0.028693
0.100 3.98e-06 0.024521
0.120 3.98e-06 0.021292
0.001 7.94e-06 0.003392
0.002 7.94e-06 0.007797
0.003 7.94e-06 0.01376
0.004 7.94e-06 0.019622
0.005 7.94e-06 0.023967
0.007 7.94e-06 0.031427
0.010 7.94e-06 0.036951
0.020 7.94e-06 0.037448
0.040 7.94e-06 0.023955
0.060 7.94e-06 0.014534
0.080 7.94e-06 0.009312
0.100 7.94e-06 0.006186
0.120 7.94e-06 0.004389
0.001 1.58e-05 0.010029
0.002 1.58e-05 0.019126
0.003 1.58e-05 0.028074
0.004 1.58e-05 0.033302
0.005 1.58e-05 0.036689
0.007 1.58e-05 0.038566
0.010 1.58e-05 0.03677
0.020 1.58e-05 0.022894
0.040 1.58e-05 0.007166
0.060 1.58e-05 0.00238
0.080 1.58e-05 0.000836
0.100 1.58e-05 0.000358
0.120 1.58e-05 0.000169
0.001 3.16e-05 0.022593
0.002 3.16e-05 0.033006
0.003 3.16e-05 0.038413
0.004 3.16e-05 0.038124
0.005 3.16e-05 0.036874
0.007 3.16e-05 0.03073
0.010 3.16e-05 0.022305
0.020 3.16e-05 0.006579
0.040 3.16e-05 0.000647
0.060 3.16e-05 7.1e-05
0.080 3.16e-05 6e-06
0.100 3.16e-05 1e-06
0.120 3.16e-05 0.0
0.001 6.31e-05 0.035798
0.002 6.31e-05 0.038448
0.003 6.31e-05 0.033913
0.004 6.31e-05 0.027852
0.005 6.31e-05 0.02246
0.007 6.31e-05 0.013798
0.010 6.31e-05 0.006543
0.020 6.31e-05 0.000569
0.040 6.31e-05 3e-06
0.060 6.31e-05 0.0
0.080 6.31e-05 0.0
0.100 6.31e-05 0.0
0.120 6.31e-05 0.0
0.001 1.26e-04 0.037179
0.002 1.26e-04 0.028405
0.003 1.26e-04 0.01769
0.004 1.26e-04 0.010796
0.005 1.26e-04 0.006553
0.007 1.26e-04 0.002525
0.010 1.26e-04 0.000565
0.020 1.26e-04 5e-06
0.040 1.26e-04 0.0
0.060 1.26e-04 0.0
0.080 1.26e-04 0.0
0.100 1.26e-04 0.0
0.120 1.26e-04 0.0
0.001 2.51e-04 0.024097
0.002 2.51e-04 0.011216
0.003 2.51e-04 0.00408
0.004 2.51e-04 0.001565
0.005 2.51e-04 0.000554
0.007 2.51e-04 9.7e-05
0.010 2.51e-04 4e-06
0.020 2.51e-04 0.0
0.040 2.51e-04 0.0
0.060 2.51e-04 0.0
0.080 2.51e-04 0.0
0.100 2.51e-04 0.0
0.120 2.51e-04 0.0
0.001 5.01e-04 0.007847
0.002 5.01e-04 0.001605
0.003 5.01e-04 0.000242
0.004 5.01e-04 3.7e-05
0.005 5.01e-04 5e-06
0.007 5.01e-04 0.0
0.010 5.01e-04 0.0
0.020 5.01e-04 0.0
0.040 5.01e-04 0.0
0.060 5.01e-04 0.0
0.080 5.01e-04 0.0
0.100 5.01e-04 0.0
0.120 5.01e-04 0.0
0.001 1.00e-03 0.000824
0.002 1.00e-03 4.1e-05
0.003 1.00e-03 1e-06
0.004 1.00e-03 0.0
0.005 1.00e-03 0.0
0.007 1.00e-03 0.0
0.010 1.00e-03 0.0
0.020 1.00e-03 0.0
0.040 1.00e-03 0.0
0.060 1.00e-03 0.0
0.080 1.00e-03 0.0
0.100 1.00e-03 0.0
0.120 1.00e-03 0.0
