0.001 1.00e-09 0.0
0.002 1.00e-09 0.0
0.003 1.00e-09 0.0
0.004 1.00e-09 0.0
0.005 1.00e-09 0.0
0.007 1.00e-09 0.0
0.010 1.00e-09 0.0
0.020 1.00e-09 0.0
0.040 1.00e-09 0.0
0.060 1.00e-09 0.0
0.080 1.00e-09 0.0
0.100 1.00e-09 0.0
0.120 1.00e-09 0.0
0.140 1.00e-09 0.0
0.160 1.00e-09 0.0
0.180 1.00e-09 0.0
0.200 1.00e-09 0.0
0.220 1.00e-09 0.0
0.250 1.00e-09 0.0
0.270 1.00e-09 0.0
0.290 1.00e-09 0.0
0.310 1.00e-09 0.0
0.330 1.00e-09 0.0
0.350 1.00e-09 0.0
0.370 1.00e-09 0.0
0.390 1.00e-09 0.0
0.410 1.00e-09 0.0
0.430 1.00e-09 0.0
0.450 1.00e-09 0.0
0.470 1.00e-09 0.0
0.490 1.00e-09 0.0
0.510 1.00e-09 0.0
0.530 1.00e-09 0.0
0.550 1.00e-09 0.0
0.570 1.00e-09 0.0
0.590 1.00e-09 1e-06
0.610 1.00e-09 1e-06
0.630 1.00e-09 1e-06
0.650 1.00e-09 1e-06
0.670 1.00e-09 1e-06
0.690 1.00e-09 1e-06
0.710 1.00e-09 2e-06
0.730 1.00e-09 2e-06
0.750 1.00e-09 3e-06
0.770 1.00e-09 3e-06
0.790 1.00e-09 3e-06
0.810 1.00e-09 2e-06
0.830 1.00e-09 2e-06
0.850 1.00e-09 2e-06
0.870 1.00e-09 2e-06
0.890 1.00e-09 1e-06
0.910 1.00e-09 1e-06
0.930 1.00e-09 1e-06
0.950 1.00e-09 1e-06
0.970 1.00e-09 1e-06
0.990 1.00e-09 1e-06
1.010 1.00e-09 2e-06
1.030 1.00e-09 3e-06
1.050 1.00e-09 2e-06
1.070 1.00e-09 2e-06
1.090 1.00e-09 2e-06
1.110 1.00e-09 2e-06
1.130 1.00e-09 2e-06
1.150 1.00e-09 2e-06
1.170 1.00e-09 2e-06
1.190 1.00e-09 2e-06
1.210 1.00e-09 2e-06
1.230 1.00e-09 2e-06
1.250 1.00e-09 2e-06
1.270 1.00e-09 2e-06
1.290 1.00e-09 2e-06
1.310 1.00e-09 2e-06
1.330 1.00e-09 3e-06
1.350 1.00e-09 3e-06
1.370 1.00e-09 3e-06
1.390 1.00e-09 3e-06
1.410 1.00e-09 3e-06
1.430 1.00e-09 3e-06
1.450 1.00e-09 3e-06
1.470 1.00e-09 4e-06
1.490 1.00e-09 4e-06
0.001 2.00e-09 0.0
0.002 2.00e-09 0.0
0.003 2.00e-09 0.0
0.004 2.00e-09 0.0
0.005 2.00e-09 0.0
0.007 2.00e-09 0.0
0.010 2.00e-09 0.0
0.020 2.00e-09 0.0
0.040 2.00e-09 0.0
0.060 2.00e-09 0.0
0.080 2.00e-09 0.0
0.100 2.00e-09 0.0
0.120 2.00e-09 0.0
0.140 2.00e-09 0.0
0.160 2.00e-09 0.0
0.180 2.00e-09 0.0
0.200 2.00e-09 0.0
0.220 2.00e-09 0.0
0.250 2.00e-09 0.0
0.270 2.00e-09 0.0
0.290 2.00e-09 0.0
0.310 2.00e-09 0.0
0.330 2.00e-09 0.0
0.350 2.00e-09 1e-06
0.370 2.00e-09 1e-06
0.390 2.00e-09 1e-06
0.410 2.00e-09 1e-06
0.430 2.00e-09 1e-06
0.450 2.00e-09 1e-06
0.470 2.00e-09 1e-06
0.490 2.00e-09 1e-06
0.510 2.00e-09 1e-06
0.530 2.00e-09 1e-06
0.550 2.00e-09 2e-06
0.570 2.00e-09 2e-06
0.590 2.00e-09 2e-06
0.610 2.00e-09 3e-06
0.630 2.00e-09 3e-06
0.650 2.00e-09 4e-06
0.670 2.00e-09 4e-06
0.690 2.00e-09 6e-06
0.710 2.00e-09 7e-06
0.730 2.00e-09 9e-06
0.750 2.00e-09 1.1e-05
0.770 2.00e-09 1.4e-05
0.790 2.00e-09 1.3e-05
0.810 2.00e-09 1e-05
0.830 2.00e-09 8e-06
0.850 2.00e-09 7e-06
0.870 2.00e-09 6e-06
0.890 2.00e-09 6e-06
0.910 2.00e-09 6e-06
0.930 2.00e-09 5e-06
0.950 2.00e-09 5e-06
0.970 2.00e-09 5e-06
0.990 2.00e-09 5e-06
1.010 2.00e-09 8e-06
1.030 2.00e-09 1e-05
1.050 2.00e-09 6e-06
1.070 2.00e-09 6e-06
1.090 2.00e-09 6e-06
1.110 2.00e-09 6e-06
1.130 2.00e-09 7e-06
1.150 2.00e-09 7e-06
1.170 2.00e-09 7e-06
1.190 2.00e-09 7e-06
1.210 2.00e-09 8e-06
1.230 2.00e-09 8e-06
1.250 2.00e-09 8e-06
1.270 2.00e-09 9e-06
1.290 2.00e-09 9e-06
1.310 2.00e-09 1e-05
1.330 2.00e-09 1e-05
1.350 2.00e-09 1.1e-05
1.370 2.00e-09 1.1e-05
1.390 2.00e-09 1.2e-05
1.410 2.00e-09 1.3e-05
1.430 2.00e-09 1.3e-05
1.450 2.00e-09 1.4e-05
1.470 2.00e-09 1.5e-05
1.490 2.00e-09 1.5e-05
0.001 4.00e-09 0.0
0.002 4.00e-09 0.0
0.003 4.00e-09 0.0
0.004 4.00e-09 0.0
0.005 4.00e-09 0.0
0.007 4.00e-09 0.0
0.010 4.00e-09 0.0
0.020 4.00e-09 0.0
0.040 4.00e-09 0.0
0.060 4.00e-09 0.0
0.080 4.00e-09 0.0
0.100 4.00e-09 0.0
0.120 4.00e-09 0.0
0.140 4.00e-09 0.0
0.160 4.00e-09 0.0
0.180 4.00e-09 0.0
0.200 4.00e-09 0.0
0.220 4.00e-09 1e-06
0.250 4.00e-09 1e-06
0.270 4.00e-09 1e-06
0.290 4.00e-09 1e-06
0.310 4.00e-09 2e-06
0.330 4.00e-09 2e-06
0.350 4.00e-09 2e-06
0.370 4.00e-09 2e-06
0.390 4.00e-09 3e-06
0.410 4.00e-09 3e-06
0.430 4.00e-09 3e-06
0.450 4.00e-09 4e-06
0.470 4.00e-09 4e-06
0.490 4.00e-09 5e-06
0.510 4.00e-09 5e-06
0.530 4.00e-09 6e-06
0.550 4.00e-09 7e-06
0.570 4.00e-09 7e-06
0.590 4.00e-09 9e-06
0.610 4.00e-09 1e-05
0.630 4.00e-09 1.2e-05
0.650 4.00e-09 1.5e-05
0.670 4.00e-09 1.8e-05
0.690 4.00e-09 2.3e-05
0.710 4.00e-09 2.9e-05
0.730 4.00e-09 3.7e-05
0.750 4.00e-09 4.5e-05
0.770 4.00e-09 5.4e-05
0.790 4.00e-09 5.3e-05
0.810 4.00e-09 3.9e-05
0.830 4.00e-09 3.3e-05
0.850 4.00e-09 2.8e-05
0.870 4.00e-09 2.6e-05
0.890 4.00e-09 2.3e-05
0.910 4.00e-09 2.2e-05
0.930 4.00e-09 2.1e-05
0.950 4.00e-09 2.1e-05
0.970 4.00e-09 2.1e-05
0.990 4.00e-09 2.1e-05
1.010 4.00e-09 3.3e-05
1.030 4.00e-09 4.1e-05
1.050 4.00e-09 2.6e-05
1.070 4.00e-09 2.5e-05
1.090 4.00e-09 2.5e-05
1.110 4.00e-09 2.6e-05
1.130 4.00e-09 2.6e-05
1.150 4.00e-09 2.7e-05
1.170 4.00e-09 2.8e-05
1.190 4.00e-09 2.9e-05
1.210 4.00e-09 3.1e-05
1.230 4.00e-09 3.2e-05
1.250 4.00e-09 3.3e-05
1.270 4.00e-09 3.5e-05
1.290 4.00e-09 3.7e-05
1.310 4.00e-09 3.8e-05
1.330 4.00e-09 4e-05
1.350 4.00e-09 4.2e-05
1.370 4.00e-09 4.5e-05
1.390 4.00e-09 4.7e-05
1.410 4.00e-09 5e-05
1.430 4.00e-09 5.2e-05
1.450 4.00e-09 5.5e-05
1.470 4.00e-09 5.9e-05
1.490 4.00e-09 6.1e-05
0.001 8.00e-09 0.0
0.002 8.00e-09 0.0
0.003 8.00e-09 0.0
0.004 8.00e-09 0.0
0.005 8.00e-09 0.0
0.007 8.00e-09 0.0
0.010 8.00e-09 0.0
0.020 8.00e-09 0.0
0.040 8.00e-09 0.0
0.060 8.00e-09 0.0
0.080 8.00e-09 0.0
0.100 8.00e-09 0.0
0.120 8.00e-09 1e-06
0.140 8.00e-09 1e-06
0.160 8.00e-09 1e-06
0.180 8.00e-09 1e-06
0.200 8.00e-09 1e-06
0.220 8.00e-09 2e-06
0.250 8.00e-09 4e-06
0.270 8.00e-09 4e-06
0.290 8.00e-09 6e-06
0.310 8.00e-09 6e-06
0.330 8.00e-09 7e-06
0.350 8.00e-09 8e-06
0.370 8.00e-09 9e-06
0.390 8.00e-09 1.1e-05
0.410 8.00e-09 1.2e-05
0.430 8.00e-09 1.4e-05
0.450 8.00e-09 1.5e-05
0.470 8.00e-09 1.7e-05
0.490 8.00e-09 1.9e-05
0.510 8.00e-09 2.1e-05
0.530 8.00e-09 2.4e-05
0.550 8.00e-09 2.7e-05
0.570 8.00e-09 3e-05
0.590 8.00e-09 3.5e-05
0.610 8.00e-09 4e-05
0.630 8.00e-09 4.7e-05
0.650 8.00e-09 5.8e-05
0.670 8.00e-09 7.1e-05
0.690 8.00e-09 9e-05
0.710 8.00e-09 0.000117
0.730 8.00e-09 0.000148
0.750 8.00e-09 0.000178
0.770 8.00e-09 0.000217
0.790 8.00e-09 0.000211
0.810 8.00e-09 0.000154
0.830 8.00e-09 0.000131
0.850 8.00e-09 0.000113
0.870 8.00e-09 0.000102
0.890 8.00e-09 9.2e-05
0.910 8.00e-09 8.8e-05
0.930 8.00e-09 8.4e-05
0.950 8.00e-09 8.3e-05
0.970 8.00e-09 8.3e-05
0.990 8.00e-09 8.5e-05
1.010 8.00e-09 0.00013
1.030 8.00e-09 0.000163
1.050 8.00e-09 0.000102
1.070 8.00e-09 9.8e-05
1.090 8.00e-09 0.0001
1.110 8.00e-09 0.000102
1.130 8.00e-09 0.000105
1.150 8.00e-09 0.000108
1.170 8.00e-09 0.000111
1.190 8.00e-09 0.000116
1.210 8.00e-09 0.000122
1.230 8.00e-09 0.000128
1.250 8.00e-09 0.000132
1.270 8.00e-09 0.000141
1.290 8.00e-09 0.000145
1.310 8.00e-09 0.000153
1.330 8.00e-09 0.000159
1.350 8.00e-09 0.000167
1.370 8.00e-09 0.000179
1.390 8.00e-09 0.000186
1.410 8.00e-09 0.000199
1.430 8.00e-09 0.000207
1.450 8.00e-09 0.000219
1.470 8.00e-09 0.000234
1.490 8.00e-09 0.000242
0.001 1.60e-08 0.0
0.002 1.60e-08 0.0
0.003 1.60e-08 0.0
0.004 1.60e-08 0.0
0.005 1.60e-08 0.0
0.007 1.60e-08 0.0
0.010 1.60e-08 0.0
0.020 1.60e-08 0.0
0.040 1.60e-08 0.0
0.060 1.60e-08 1e-06
0.080 1.60e-08 1e-06
0.100 1.60e-08 1e-06
0.120 1.60e-08 2e-06
0.140 1.60e-08 3e-06
0.160 1.60e-08 4e-06
0.180 1.60e-08 4e-06
0.200 1.60e-08 5e-06
0.220 1.60e-08 9e-06
0.250 1.60e-08 1.5e-05
0.270 1.60e-08 1.8e-05
0.290 1.60e-08 2.3e-05
0.310 1.60e-08 2.5e-05
0.330 1.60e-08 2.9e-05
0.350 1.60e-08 3.3e-05
0.370 1.60e-08 3.8e-05
0.390 1.60e-08 4.2e-05
0.410 1.60e-08 4.8e-05
0.430 1.60e-08 5.4e-05
0.450 1.60e-08 6e-05
0.470 1.60e-08 6.7e-05
0.490 1.60e-08 7.5e-05
0.510 1.60e-08 8.3e-05
0.530 1.60e-08 9.4e-05
0.550 1.60e-08 0.000107
0.570 1.60e-08 0.000118
0.590 1.60e-08 0.000137
0.610 1.60e-08 0.00016
0.630 1.60e-08 0.000189
0.650 1.60e-08 0.000233
0.670 1.60e-08 0.000283
0.690 1.60e-08 0.000358
0.710 1.60e-08 0.000465
0.730 1.60e-08 0.000587
0.750 1.60e-08 0.000706
0.770 1.60e-08 0.000859
0.790 1.60e-08 0.000835
0.810 1.60e-08 0.000609
0.830 1.60e-08 0.000519
0.850 1.60e-08 0.00045
0.870 1.60e-08 0.000404
0.890 1.60e-08 0.000367
0.910 1.60e-08 0.000352
0.930 1.60e-08 0.000334
0.950 1.60e-08 0.000328
0.970 1.60e-08 0.000331
0.990 1.60e-08 0.000336
1.010 1.60e-08 0.000518
1.030 1.60e-08 0.000646
1.050 1.60e-08 0.000406
1.070 1.60e-08 0.00039
1.090 1.60e-08 0.000398
1.110 1.60e-08 0.000406
1.130 1.60e-08 0.000418
1.150 1.60e-08 0.00043
1.170 1.60e-08 0.00044
1.190 1.60e-08 0.00046
1.210 1.60e-08 0.000486
1.230 1.60e-08 0.000508
1.250 1.60e-08 0.000522
1.270 1.60e-08 0.000559
1.290 1.60e-08 0.000577
1.310 1.60e-08 0.000607
1.330 1.60e-08 0.000631
1.350 1.60e-08 0.000662
1.370 1.60e-08 0.00071
1.390 1.60e-08 0.000739
1.410 1.60e-08 0.000787
1.430 1.60e-08 0.000822
1.450 1.60e-08 0.000867
1.470 1.60e-08 0.000928
1.490 1.60e-08 0.000959
0.001 3.20e-08 0.0
0.002 3.20e-08 0.0
0.003 3.20e-08 0.0
0.004 3.20e-08 0.0
0.005 3.20e-08 0.0
0.007 3.20e-08 0.0
0.010 3.20e-08 0.0
0.020 3.20e-08 0.0
0.040 3.20e-08 1e-06
0.060 3.20e-08 2e-06
0.080 3.20e-08 4e-06
0.100 3.20e-08 6e-06
0.120 3.20e-08 8e-06
0.140 3.20e-08 1.1e-05
0.160 3.20e-08 1.4e-05
0.180 3.20e-08 1.8e-05
0.200 3.20e-08 2.2e-05
0.220 3.20e-08 3.7e-05
0.250 3.20e-08 5.8e-05
0.270 3.20e-08 7.1e-05
0.290 3.20e-08 9.1e-05
0.310 3.20e-08 9.9e-05
0.330 3.20e-08 0.000114
0.350 3.20e-08 0.000131
0.370 3.20e-08 0.00015
0.390 3.20e-08 0.000167
0.410 3.20e-08 0.000191
0.430 3.20e-08 0.000215
0.450 3.20e-08 0.00024
0.470 3.20e-08 0.000266
0.490 3.20e-08 0.000298
0.510 3.20e-08 0.000332
0.530 3.20e-08 0.000373
0.550 3.20e-08 0.000423
0.570 3.20e-08 0.000469
0.590 3.20e-08 0.000545
0.610 3.20e-08 0.000633
0.630 3.20e-08 0.000748
0.650 3.20e-08 0.000922
0.670 3.20e-08 0.001122
0.690 3.20e-08 0.001415
0.710 3.20e-08 0.001835
0.730 3.20e-08 0.002311
0.750 3.20e-08 0.002774
0.770 3.20e-08 0.003363
0.790 3.20e-08 0.003271
0.810 3.20e-08 0.002397
0.830 3.20e-08 0.002044
0.850 3.20e-08 0.001774
0.870 3.20e-08 0.001597
0.890 3.20e-08 0.001452
0.910 3.20e-08 0.00139
0.930 3.20e-08 0.001322
0.950 3.20e-08 0.001299
0.970 3.20e-08 0.001309
0.990 3.20e-08 0.001329
1.010 3.20e-08 0.00204
1.030 3.20e-08 0.002539
1.050 3.20e-08 0.001605
1.070 3.20e-08 0.001541
1.090 3.20e-08 0.001571
1.110 3.20e-08 0.001603
1.130 3.20e-08 0.00165
1.150 3.20e-08 0.001698
1.170 3.20e-08 0.001735
1.190 3.20e-08 0.001815
1.210 3.20e-08 0.001916
1.230 3.20e-08 0.002002
1.250 3.20e-08 0.002057
1.270 3.20e-08 0.002202
1.290 3.20e-08 0.002272
1.310 3.20e-08 0.002388
1.330 3.20e-08 0.002481
1.350 3.20e-08 0.0026
1.370 3.20e-08 0.002787
1.390 3.20e-08 0.002899
1.410 3.20e-08 0.003085
1.430 3.20e-08 0.003218
1.450 3.20e-08 0.003392
1.470 3.20e-08 0.003624
1.490 3.20e-08 0.003744
0.001 6.30e-08 0.0
0.002 6.30e-08 0.0
0.003 6.30e-08 0.0
0.004 6.30e-08 0.0
0.005 6.30e-08 0.0
0.007 6.30e-08 0.0
0.010 6.30e-08 0.0
0.020 6.30e-08 1e-06
0.040 6.30e-08 4e-06
0.060 6.30e-08 8e-06
0.080 6.30e-08 1.4e-05
0.100 6.30e-08 2.2e-05
0.120 6.30e-08 3.2e-05
0.140 6.30e-08 4.3e-05
0.160 6.30e-08 5.6e-05
0.180 6.30e-08 7e-05
0.200 6.30e-08 8.7e-05
0.220 6.30e-08 0.000147
0.250 6.30e-08 0.00023
0.270 6.30e-08 0.000282
0.290 6.30e-08 0.000363
0.310 6.30e-08 0.000392
0.330 6.30e-08 0.000451
0.350 6.30e-08 0.00052
0.370 6.30e-08 0.000594
0.390 6.30e-08 0.000662
0.410 6.30e-08 0.000759
0.430 6.30e-08 0.000851
0.450 6.30e-08 0.000951
0.470 6.30e-08 0.001053
0.490 6.30e-08 0.001179
0.510 6.30e-08 0.001313
0.530 6.30e-08 0.001473
0.550 6.30e-08 0.001672
0.570 6.30e-08 0.001851
0.590 6.30e-08 0.002148
0.610 6.30e-08 0.002491
0.630 6.30e-08 0.002934
0.650 6.30e-08 0.003606
0.670 6.30e-08 0.004369
0.690 6.30e-08 0.005483
0.710 6.30e-08 0.007049
0.730 6.30e-08 0.008796
0.750 6.30e-08 0.010457
0.770 6.30e-08 0.01253
0.790 6.30e-08 0.012207
0.810 6.30e-08 0.009104
0.830 6.30e-08 0.00782
0.850 6.30e-08 0.006822
0.870 6.30e-08 0.00616
0.890 6.30e-08 0.005617
0.910 6.30e-08 0.005384
0.930 6.30e-08 0.005127
0.950 6.30e-08 0.00504
0.970 6.30e-08 0.005077
0.990 6.30e-08 0.005154
1.010 6.30e-08 0.007795
1.030 6.30e-08 0.009607
1.050 6.30e-08 0.006186
1.070 6.30e-08 0.005948
1.090 6.30e-08 0.006061
1.110 6.30e-08 0.006179
1.130 6.30e-08 0.006354
1.150 6.30e-08 0.006532
1.170 6.30e-08 0.00667
1.190 6.30e-08 0.006968
1.210 6.30e-08 0.007339
1.230 6.30e-08 0.007653
1.250 6.30e-08 0.007857
1.270 6.30e-08 0.008386
1.290 6.30e-08 0.008639
1.310 6.30e-08 0.009056
1.330 6.30e-08 0.009393
1.350 6.30e-08 0.009821
1.370 6.30e-08 0.010483
1.390 6.30e-08 0.01088
1.410 6.30e-08 0.011532
1.430 6.30e-08 0.011998
1.450 6.30e-08 0.012601
1.470 6.30e-08 0.013394
1.490 6.30e-08 0.013803
0.001 1.26e-07 0.0
0.002 1.26e-07 0.0
0.003 1.26e-07 0.0
0.004 1.26e-07 0.0
0.005 1.26e-07 0.0
0.007 1.26e-07 0.0
0.010 1.26e-07 1e-06
0.020 1.26e-07 4e-06
0.040 1.26e-07 1.4e-05
0.060 1.26e-07 3.2e-05
0.080 1.26e-07 5.7e-05
0.100 1.26e-07 8.9e-05
0.120 1.26e-07 0.000127
0.140 1.26e-07 0.000171
0.160 1.26e-07 0.000224
0.180 1.26e-07 0.000279
0.200 1.26e-07 0.000344
0.220 1.26e-07 0.000583
0.250 1.26e-07 0.000912
0.270 1.26e-07 0.001117
0.290 1.26e-07 0.001436
0.310 1.26e-07 0.001551
0.330 1.26e-07 0.001781
0.350 1.26e-07 0.002052
0.370 1.26e-07 0.002338
0.390 1.26e-07 0.002603
0.410 1.26e-07 0.002979
0.430 1.26e-07 0.003334
0.450 1.26e-07 0.003719
0.470 1.26e-07 0.004109
0.490 1.26e-07 0.004588
0.510 1.26e-07 0.005098
0.530 1.26e-07 0.0057
0.550 1.26e-07 0.006444
0.570 1.26e-07 0.007112
0.590 1.26e-07 0.008205
0.610 1.26e-07 0.009452
0.630 1.26e-07 0.011035
0.650 1.26e-07 0.013381
0.670 1.26e-07 0.015962
0.690 1.26e-07 0.019591
0.710 1.26e-07 0.024397
0.730 1.26e-07 0.02936
0.750 1.26e-07 0.03369
0.770 1.26e-07 0.038619
0.790 1.26e-07 0.03784
0.810 1.26e-07 0.03016
0.830 1.26e-07 0.026619
0.850 1.26e-07 0.023688
0.870 1.26e-07 0.021679
0.890 1.26e-07 0.01998
0.910 1.26e-07 0.019238
0.930 1.26e-07 0.018419
0.950 1.26e-07 0.018133
0.970 1.26e-07 0.018253
0.990 1.26e-07 0.018493
1.010 1.26e-07 0.026463
1.030 1.26e-07 0.031377
1.050 1.26e-07 0.021712
1.070 1.26e-07 0.020986
1.090 1.26e-07 0.021333
1.110 1.26e-07 0.021692
1.130 1.26e-07 0.02222
1.150 1.26e-07 0.022761
1.170 1.26e-07 0.023169
1.190 1.26e-07 0.024049
1.210 1.26e-07 0.025121
1.230 1.26e-07 0.026024
1.250 1.26e-07 0.026608
1.270 1.26e-07 0.028067
1.290 1.26e-07 0.028752
1.310 1.26e-07 0.029876
1.330 1.26e-07 0.030744
1.350 1.26e-07 0.031866
1.370 1.26e-07 0.033509
1.390 1.26e-07 0.03448
1.410 1.26e-07 0.036005
1.430 1.26e-07 0.037093
1.450 1.26e-07 0.038427
1.470 1.26e-07 0.040092
1.490 1.26e-07 0.04095
0.001 2.51e-07 0.0
0.002 2.51e-07 0.0
0.003 2.51e-07 0.0
0.004 2.51e-07 1e-06
0.005 2.51e-07 1e-06
0.007 2.51e-07 2e-06
0.010 2.51e-07 4e-06
0.020 2.51e-07 1.4e-05
0.040 2.51e-07 5.7e-05
0.060 2.51e-07 0.000127
0.080 2.51e-07 0.000225
0.100 2.51e-07 0.000352
0.120 2.51e-07 0.000505
0.140 2.51e-07 0.00068
0.160 2.51e-07 0.000888
0.180 2.51e-07 0.001106
0.200 2.51e-07 0.001361
0.220 2.51e-07 0.002295
0.250 2.51e-07 0.00357
0.270 2.51e-07 0.004355
0.290 2.51e-07 0.005567
0.310 2.51e-07 0.005997
0.330 2.51e-07 0.006858
0.350 2.51e-07 0.007857
0.370 2.51e-07 0.008903
0.390 2.51e-07 0.00986
0.410 2.51e-07 0.011204
0.430 2.51e-07 0.01245
0.450 2.51e-07 0.013787
0.470 2.51e-07 0.015113
0.490 2.51e-07 0.016709
0.510 2.51e-07 0.018393
0.530 2.51e-07 0.020307
0.550 2.51e-07 0.022614
0.570 2.51e-07 0.024615
0.590 2.51e-07 0.027769
0.610 2.51e-07 0.031178
0.630 2.51e-07 0.035195
0.650 2.51e-07 0.040592
0.670 2.51e-07 0.045695
0.690 2.51e-07 0.051705
0.710 2.51e-07 0.057494
0.730 2.51e-07 0.06107
0.750 2.51e-07 0.062443
0.770 2.51e-07 0.062207
0.790 2.51e-07 0.062174
0.810 2.51e-07 0.061261
0.830 2.51e-07 0.059264
0.850 2.51e-07 0.056541
0.870 2.51e-07 0.05424
0.890 2.51e-07 0.051978
0.910 2.51e-07 0.050849
0.930 2.51e-07 0.049636
0.950 2.51e-07 0.049155
0.970 2.51e-07 0.049334
0.990 2.51e-07 0.049657
1.010 2.51e-07 0.058589
1.030 2.51e-07 0.061157
1.050 2.51e-07 0.053921
1.070 2.51e-07 0.053085
1.090 2.51e-07 0.053501
1.110 2.51e-07 0.05389
1.130 2.51e-07 0.054471
1.150 2.51e-07 0.055144
1.170 2.51e-07 0.05553
1.190 2.51e-07 0.056391
1.210 2.51e-07 0.057283
1.230 2.51e-07 0.058001
1.250 2.51e-07 0.058533
1.270 2.51e-07 0.059365
1.290 2.51e-07 0.059753
1.310 2.51e-07 0.060319
1.330 2.51e-07 0.060532
1.350 2.51e-07 0.061074
1.370 2.51e-07 0.061265
1.390 2.51e-07 0.061414
1.410 2.51e-07 0.061369
1.430 2.51e-07 0.061362
1.450 2.51e-07 0.061127
1.470 2.51e-07 0.06044
1.490 2.51e-07 0.060366
0.001 5.01e-07 0.0
0.002 5.01e-07 1e-06
0.003 5.01e-07 1e-06
0.004 5.01e-07 2e-06
0.005 5.01e-07 4e-06
0.007 5.01e-07 7e-06
0.010 5.01e-07 1.4e-05
0.020 5.01e-07 5.6e-05
0.040 5.01e-07 0.000226
0.060 5.01e-07 0.000504
0.080 5.01e-07 0.000892
0.100 5.01e-07 0.001393
0.120 5.01e-07 0.001992
0.140 5.01e-07 0.002674
0.160 5.01e-07 0.003479
0.180 5.01e-07 0.004315
0.200 5.01e-07 0.005283
0.220 5.01e-07 0.008754
0.250 5.01e-07 0.013285
0.270 5.01e-07 0.015963
0.290 5.01e-07 0.019929
0.310 5.01e-07 0.021288
0.330 5.01e-07 0.023923
0.350 5.01e-07 0.026861
0.370 5.01e-07 0.029795
0.390 5.01e-07 0.032315
0.410 5.01e-07 0.035755
0.430 5.01e-07 0.038662
0.450 5.01e-07 0.041657
0.470 5.01e-07 0.044303
0.490 5.01e-07 0.047244
0.510 5.01e-07 0.05022
0.530 5.01e-07 0.052966
0.550 5.01e-07 0.055857
0.570 5.01e-07 0.057923
0.590 5.01e-07 0.060424
0.610 5.01e-07 0.062208
0.630 5.01e-07 0.06287
0.650 5.01e-07 0.061991
0.670 5.01e-07 0.058937
0.690 5.01e-07 0.053466
0.710 5.01e-07 0.045323
0.730 5.01e-07 0.037138
0.750 5.01e-07 0.030869
0.770 5.01e-07 0.024381
0.790 5.01e-07 0.025526
0.810 5.01e-07 0.036081
0.830 5.01e-07 0.041664
0.850 5.01e-07 0.046567
0.870 5.01e-07 0.049908
0.890 5.01e-07 0.052783
0.910 5.01e-07 0.053795
0.930 5.01e-07 0.055187
0.950 5.01e-07 0.055732
0.970 5.01e-07 0.055371
0.990 5.01e-07 0.055022
1.010 5.01e-07 0.042252
1.030 5.01e-07 0.034787
1.050 5.01e-07 0.04991
1.070 5.01e-07 0.051176
1.090 5.01e-07 0.050548
1.110 5.01e-07 0.049858
1.130 5.01e-07 0.049055
1.150 5.01e-07 0.048301
1.170 5.01e-07 0.047637
1.190 5.01e-07 0.046217
1.210 5.01e-07 0.044513
1.230 5.01e-07 0.042959
1.250 5.01e-07 0.042228
1.270 5.01e-07 0.03991
1.290 5.01e-07 0.038974
1.310 5.01e-07 0.037279
1.330 5.01e-07 0.036043
1.350 5.01e-07 0.034431
1.370 5.01e-07 0.032185
1.390 5.01e-07 0.030821
1.410 5.01e-07 0.028857
1.430 5.01e-07 0.027383
1.450 5.01e-07 0.025701
1.470 5.01e-07 0.023808
1.490 5.01e-07 0.022586
0.001 1.00e-06 1e-06
0.002 1.00e-06 2e-06
0.003 1.00e-06 5e-06
0.004 1.00e-06 9e-06
0.005 1.00e-06 1.4e-05
0.007 1.00e-06 2.8e-05
0.010 1.00e-06 5.6e-05
0.020 1.00e-06 0.000224
0.040 1.00e-06 0.000896
0.060 1.00e-06 0.001986
0.080 1.00e-06 0.003492
0.100 1.00e-06 0.005404
0.120 1.00e-06 0.007643
0.140 1.00e-06 0.010126
0.160 1.00e-06 0.012981
0.180 1.00e-06 0.015837
0.200 1.00e-06 0.01903
0.220 1.00e-06 0.029461
0.250 1.00e-06 0.040667
0.270 1.00e-06 0.046173
0.290 1.00e-06 0.052803
0.310 1.00e-06 0.054679
0.330 1.00e-06 0.05771
0.350 1.00e-06 0.060322
0.370 1.00e-06 0.062153
0.390 1.00e-06 0.062835
0.410 1.00e-06 0.063538
0.430 1.00e-06 0.062987
0.450 1.00e-06 0.062198
0.470 1.00e-06 0.060569
0.490 1.00e-06 0.058252
0.510 1.00e-06 0.055876
0.530 1.00e-06 0.052331
0.550 1.00e-06 0.048288
0.570 1.00e-06 0.044858
0.590 1.00e-06 0.03945
0.610 1.00e-06 0.034151
0.630 1.00e-06 0.028453
0.650 1.00e-06 0.021748
0.670 1.00e-06 0.016543
0.690 1.00e-06 0.010925
0.710 1.00e-06 0.006167
0.730 1.00e-06 0.003401
0.750 1.00e-06 0.001819
0.770 1.00e-06 0.000916
0.790 1.00e-06 0.001016
0.810 1.00e-06 0.003067
0.830 1.00e-06 0.004752
0.850 1.00e-06 0.006901
0.870 1.00e-06 0.008842
0.890 1.00e-06 0.010719
0.910 1.00e-06 0.01192
0.930 1.00e-06 0.012923
0.950 1.00e-06 0.013246
0.970 1.00e-06 0.013272
0.990 1.00e-06 0.012939
1.010 1.00e-06 0.00502
1.030 1.00e-06 0.002629
1.050 1.00e-06 0.009061
1.070 1.00e-06 0.009702
1.090 1.00e-06 0.009396
1.110 1.00e-06 0.009162
1.130 1.00e-06 0.00859
1.150 1.00e-06 0.007894
1.170 1.00e-06 0.007551
1.190 1.00e-06 0.006817
1.210 1.00e-06 0.006032
1.230 1.00e-06 0.005524
1.250 1.00e-06 0.004876
1.270 1.00e-06 0.004189
1.290 1.00e-06 0.003729
1.310 1.00e-06 0.00319
1.330 1.00e-06 0.002904
1.350 1.00e-06 0.00232
1.370 1.00e-06 0.001879
1.390 1.00e-06 0.001609
1.410 1.00e-06 0.001255
1.430 1.00e-06 0.001031
1.450 1.00e-06 0.000813
1.470 1.00e-06 0.000645
1.490 1.00e-06 0.000503
0.001 1.99e-06 3e-06
0.002 1.99e-06 9e-06
0.003 1.99e-06 2e-05
0.004 1.99e-06 3.6e-05
0.005 1.99e-06 5.6e-05
0.007 1.99e-06 0.00011
0.010 1.99e-06 0.000222
0.020 1.99e-06 0.000889
0.040 1.99e-06 0.003509
0.060 1.99e-06 0.007622
0.080 1.99e-06 0.013026
0.100 1.99e-06 0.019436
0.120 1.99e-06 0.026319
0.140 1.99e-06 0.033158
0.160 1.99e-06 0.040114
0.180 1.99e-06 0.046006
0.200 1.99e-06 0.051557
0.220 1.99e-06 0.062464
0.250 1.99e-06 0.06288
0.270 1.99e-06 0.059778
0.290 1.99e-06 0.053119
0.310 1.99e-06 0.050689
0.330 1.99e-06 0.045858
0.350 1.99e-06 0.04062
0.370 1.99e-06 0.035807
0.390 1.99e-06 0.032006
0.410 1.99e-06 0.027037
0.430 1.99e-06 0.023591
0.450 1.99e-06 0.020013
0.470 1.99e-06 0.017398
0.490 1.99e-06 0.014671
0.510 1.99e-06 0.011758
0.530 1.99e-06 0.009787
0.550 1.99e-06 0.007519
0.570 1.99e-06 0.00591
0.590 1.99e-06 0.004102
0.610 1.99e-06 0.002567
0.630 1.99e-06 0.001536
0.650 1.99e-06 0.000659
0.670 1.99e-06 0.000266
0.690 1.99e-06 6.8e-05
0.710 1.99e-06 9e-06
0.730 1.99e-06 1e-06
0.750 1.99e-06 0.0
0.770 1.99e-06 0.0
0.790 1.99e-06 0.0
0.810 1.99e-06 1e-06
0.830 1.99e-06 3e-06
0.850 1.99e-06 1.1e-05
0.870 1.99e-06 2.6e-05
0.890 1.99e-06 5e-05
0.910 1.99e-06 7.1e-05
0.930 1.99e-06 9.5e-05
0.950 1.99e-06 0.0001
0.970 1.99e-06 0.000102
0.990 1.99e-06 8.8e-05
1.010 1.99e-06 3e-06
1.030 1.99e-06 0.0
1.050 1.99e-06 2.3e-05
1.070 1.99e-06 2.9e-05
1.090 1.99e-06 2.5e-05
1.110 1.99e-06 2.3e-05
1.130 1.99e-06 1.8e-05
1.150 1.99e-06 1.3e-05
1.170 1.99e-06 1.1e-05
1.190 1.99e-06 8e-06
1.210 1.99e-06 5e-06
1.230 1.99e-06 3e-06
1.250 1.99e-06 2e-06
1.270 1.99e-06 1e-06
1.290 1.99e-06 1e-06
1.310 1.99e-06 0.0
1.330 1.99e-06 0.0
1.350 1.99e-06 0.0
1.370 1.99e-06 0.0
1.390 1.99e-06 0.0
1.410 1.99e-06 0.0
1.430 1.99e-06 0.0
1.450 1.99e-06 0.0
1.470 1.99e-06 0.0
1.490 1.99e-06 0.0
0.001 3.98e-06 1.2e-05
0.002 3.98e-06 3.5e-05
0.003 3.98e-06 8e-05
0.004 3.98e-06 0.000143
0.005 3.98e-06 0.000225
0.007 3.98e-06 0.000437
0.010 3.98e-06 0.00088
0.020 3.98e-06 0.003482
0.040 3.98e-06 0.013084
0.060 3.98e-06 0.026254
0.080 3.98e-06 0.04025
0.100 3.98e-06 0.052326
0.120 3.98e-06 0.060433
0.140 3.98e-06 0.063862
0.160 3.98e-06 0.063538
0.180 3.98e-06 0.060194
0.200 3.98e-06 0.054919
0.220 3.98e-06 0.035963
0.250 3.98e-06 0.020845
0.270 3.98e-06 0.015236
0.290 3.98e-06 0.009775
0.310 3.98e-06 0.008325
0.330 3.98e-06 0.006197
0.350 3.98e-06 0.004438
0.370 3.98e-06 0.003048
0.390 3.98e-06 0.002372
0.410 3.98e-06 0.001461
0.430 3.98e-06 0.000965
0.450 3.98e-06 0.000577
0.470 3.98e-06 0.000363
0.490 3.98e-06 0.000214
0.510 3.98e-06 0.000107
0.530 3.98e-06 5.8e-05
0.550 3.98e-06 2.1e-05
0.570 3.98e-06 9e-06
0.590 3.98e-06 2e-06
0.610 3.98e-06 0.0
0.630 3.98e-06 0.0
0.650 3.98e-06 0.0
0.670 3.98e-06 0.0
0.690 3.98e-06 0.0
0.710 3.98e-06 0.0
0.730 3.98e-06 0.0
0.750 3.98e-06 0.0
0.770 3.98e-06 0.0
0.790 3.98e-06 0.0
0.810 3.98e-06 0.0
0.830 3.98e-06 0.0
0.850 3.98e-06 0.0
0.870 3.98e-06 0.0
0.890 3.98e-06 0.0
0.910 3.98e-06 0.0
0.930 3.98e-06 0.0
0.950 3.98e-06 0.0
0.970 3.98e-06 0.0
0.990 3.98e-06 0.0
1.010 3.98e-06 0.0
1.030 3.98e-06 0.0
1.050 3.98e-06 0.0
1.070 3.98e-06 0.0
1.090 3.98e-06 0.0
1.110 3.98e-06 0.0
1.130 3.98e-06 0.0
1.150 3.98e-06 0.0
1.170 3.98e-06 0.0
1.190 3.98e-06 0.0
1.210 3.98e-06 0.0
1.230 3.98e-06 0.0
1.250 3.98e-06 0.0
1.270 3.98e-06 0.0
1.290 3.98e-06 0.0
1.310 3.98e-06 0.0
1.330 3.98e-06 0.0
1.350 3.98e-06 0.0
1.370 3.98e-06 0.0
1.390 3.98e-06 0.0
1.410 3.98e-06 0.0
1.430 3.98e-06 0.0
1.450 3.98e-06 0.0
1.470 3.98e-06 0.0
1.490 3.98e-06 0.0
0.001 7.94e-06 4.9e-05
0.002 7.94e-06 0.000139
0.003 7.94e-06 0.000318
0.004 7.94e-06 0.000567
0.005 7.94e-06 0.00089
0.007 7.94e-06 0.001724
0.010 7.94e-06 0.003445
0.020 7.94e-06 0.012992
0.040 7.94e-06 0.040353
0.060 7.94e-06 0.060358
0.080 7.94e-06 0.063693
0.100 7.94e-06 0.054313
0.120 7.94e-06 0.041302
0.140 7.94e-06 0.030118
0.160 7.94e-06 0.021001
0.180 7.94e-06 0.01517
0.200 7.94e-06 0.010534
0.220 7.94e-06 0.003084
0.250 7.94e-06 0.000714
0.270 7.94e-06 0.000305
0.290 7.94e-06 7.4e-05
0.310 7.94e-06 4.5e-05
0.330 7.94e-06 1.5e-05
0.350 7.94e-06 5e-06
0.370 7.94e-06 1e-06
0.390 7.94e-06 0.0
0.410 7.94e-06 0.0
0.430 7.94e-06 0.0
0.450 7.94e-06 0.0
0.470 7.94e-06 0.0
0.490 7.94e-06 0.0
0.510 7.94e-06 0.0
0.530 7.94e-06 0.0
0.550 7.94e-06 0.0
0.570 7.94e-06 0.0
0.590 7.94e-06 0.0
0.610 7.94e-06 0.0
0.630 7.94e-06 0.0
0.650 7.94e-06 0.0
0.670 7.94e-06 0.0
0.690 7.94e-06 0.0
0.710 7.94e-06 0.0
0.730 7.94e-06 0.0
0.750 7.94e-06 0.0
0.770 7.94e-06 0.0
0.790 7.94e-06 0.0
0.810 7.94e-06 0.0
0.830 7.94e-06 0.0
0.850 7.94e-06 0.0
0.870 7.94e-06 0.0
0.890 7.94e-06 0.0
0.910 7.94e-06 0.0
0.930 7.94e-06 0.0
0.950 7.94e-06 0.0
0.970 7.94e-06 0.0
0.990 7.94e-06 0.0
1.010 7.94e-06 0.0
1.030 7.94e-06 0.0
1.050 7.94e-06 0.0
1.070 7.94e-06 0.0
1.090 7.94e-06 0.0
1.110 7.94e-06 0.0
1.130 7.94e-06 0.0
1.150 7.94e-06 0.0
1.170 7.94e-06 0.0
1.190 7.94e-06 0.0
1.210 7.94e-06 0.0
1.230 7.94e-06 0.0
1.250 7.94e-06 0.0
1.270 7.94e-06 0.0
1.290 7.94e-06 0.0
1.310 7.94e-06 0.0
1.330 7.94e-06 0.0
1.350 7.94e-06 0.0
1.370 7.94e-06 0.0
1.390 7.94e-06 0.0
1.410 7.94e-06 0.0
1.430 7.94e-06 0.0
1.450 7.94e-06 0.0
1.470 7.94e-06 0.0
1.490 7.94e-06 0.0
0.001 1.58e-05 0.000194
0.002 1.58e-05 0.000551
0.003 1.58e-05 0.00126
0.004 1.58e-05 0.002233
0.005 1.58e-05 0.003487
0.007 1.58e-05 0.006648
0.010 1.58e-05 0.012863
0.020 1.58e-05 0.040179
0.040 1.58e-05 0.063462
0.060 1.58e-05 0.041487
0.080 1.58e-05 0.020721
0.100 1.58e-05 0.009804
0.120 1.58e-05 0.004483
0.140 1.58e-05 0.002006
0.160 1.58e-05 0.00082
0.180 1.58e-05 0.000298
0.200 1.58e-05 9.9e-05
0.220 1.58e-05 2e-06
0.250 1.58e-05 0.0
0.270 1.58e-05 0.0
0.290 1.58e-05 0.0
0.310 1.58e-05 0.0
0.330 1.58e-05 0.0
0.350 1.58e-05 0.0
0.370 1.58e-05 0.0
0.390 1.58e-05 0.0
0.410 1.58e-05 0.0
0.430 1.58e-05 0.0
0.450 1.58e-05 0.0
0.470 1.58e-05 0.0
0.490 1.58e-05 0.0
0.510 1.58e-05 0.0
0.530 1.58e-05 0.0
0.550 1.58e-05 0.0
0.570 1.58e-05 0.0
0.590 1.58e-05 0.0
0.610 1.58e-05 0.0
0.630 1.58e-05 0.0
0.650 1.58e-05 0.0
0.670 1.58e-05 0.0
0.690 1.58e-05 0.0
0.710 1.58e-05 0.0
0.730 1.58e-05 0.0
0.750 1.58e-05 0.0
0.770 1.58e-05 0.0
0.790 1.58e-05 0.0
0.810 1.58e-05 0.0
0.830 1.58e-05 0.0
0.850 1.58e-05 0.0
0.870 1.58e-05 0.0
0.890 1.58e-05 0.0
0.910 1.58e-05 0.0
0.930 1.58e-05 0.0
0.950 1.58e-05 0.0
0.970 1.58e-05 0.0
0.990 1.58e-05 0.0
1.010 1.58e-05 0.0
1.030 1.58e-05 0.0
1.050 1.58e-05 0.0
1.070 1.58e-05 0.0
1.090 1.58e-05 0.0
1.110 1.58e-05 0.0
1.130 1.58e-05 0.0
1.150 1.58e-05 0.0
1.170 1.58e-05 0.0
1.190 1.58e-05 0.0
1.210 1.58e-05 0.0
1.230 1.58e-05 0.0
1.250 1.58e-05 0.0
1.270 1.58e-05 0.0
1.290 1.58e-05 0.0
1.310 1.58e-05 0.0
1.330 1.58e-05 0.0
1.350 1.58e-05 0.0
1.370 1.58e-05 0.0
1.390 1.58e-05 0.0
1.410 1.58e-05 0.0
1.430 1.58e-05 0.0
1.450 1.58e-05 0.0
1.470 1.58e-05 0.0
1.490 1.58e-05 0.0
0.001 3.16e-05 0.00077
0.002 3.16e-05 0.002172
0.003 3.16e-05 0.004902
0.004 3.16e-05 0.008531
0.005 3.16e-05 0.013009
0.007 3.16e-05 0.023341
0.010 3.16e-05 0.039872
0.020 3.16e-05 0.063699
0.040 3.16e-05 0.020756
0.060 3.16e-05 0.004464
0.080 3.16e-05 0.000752
0.100 3.16e-05 9.4e-05
0.120 3.16e-05 8e-06
0.140 3.16e-05 0.0
0.160 3.16e-05 0.0
0.180 3.16e-05 0.0
0.200 3.16e-05 0.0
0.220 3.16e-05 0.0
0.250 3.16e-05 0.0
0.270 3.16e-05 0.0
0.290 3.16e-05 0.0
0.310 3.16e-05 0.0
0.330 3.16e-05 0.0
0.350 3.16e-05 0.0
0.370 3.16e-05 0.0
0.390 3.16e-05 0.0
0.410 3.16e-05 0.0
0.430 3.16e-05 0.0
0.450 3.16e-05 0.0
0.470 3.16e-05 0.0
0.490 3.16e-05 0.0
0.510 3.16e-05 0.0
0.530 3.16e-05 0.0
0.550 3.16e-05 0.0
0.570 3.16e-05 0.0
0.590 3.16e-05 0.0
0.610 3.16e-05 0.0
0.630 3.16e-05 0.0
0.650 3.16e-05 0.0
0.670 3.16e-05 0.0
0.690 3.16e-05 0.0
0.710 3.16e-05 0.0
0.730 3.16e-05 0.0
0.750 3.16e-05 0.0
0.770 3.16e-05 0.0
0.790 3.16e-05 0.0
0.810 3.16e-05 0.0
0.830 3.16e-05 0.0
0.850 3.16e-05 0.0
0.870 3.16e-05 0.0
0.890 3.16e-05 0.0
0.910 3.16e-05 0.0
0.930 3.16e-05 0.0
0.950 3.16e-05 0.0
0.970 3.16e-05 0.0
0.990 3.16e-05 0.0
1.010 3.16e-05 0.0
1.030 3.16e-05 0.0
1.050 3.16e-05 0.0
1.070 3.16e-05 0.0
1.090 3.16e-05 0.0
1.110 3.16e-05 0.0
1.130 3.16e-05 0.0
1.150 3.16e-05 0.0
1.170 3.16e-05 0.0
1.190 3.16e-05 0.0
1.210 3.16e-05 0.0
1.230 3.16e-05 0.0
1.250 3.16e-05 0.0
1.270 3.16e-05 0.0
1.290 3.16e-05 0.0
1.310 3.16e-05 0.0
1.330 3.16e-05 0.0
1.350 3.16e-05 0.0
1.370 3.16e-05 0.0
1.390 3.16e-05 0.0
1.410 3.16e-05 0.0
1.430 3.16e-05 0.0
1.450 3.16e-05 0.0
1.470 3.16e-05 0.0
1.490 3.16e-05 0.0
0.001 6.31e-05 0.003023
0.002 6.31e-05 0.008305
0.003 6.31e-05 0.017808
0.004 6.31e-05 0.028876
0.005 6.31e-05 0.040217
0.007 6.31e-05 0.057492
0.010 6.31e-05 0.063774
0.020 6.31e-05 0.020788
0.040 6.31e-05 0.000794
0.060 6.31e-05 8e-06
0.080 6.31e-05 0.0
0.100 6.31e-05 0.0
0.120 6.31e-05 0.0
0.140 6.31e-05 0.0
0.160 6.31e-05 0.0
0.180 6.31e-05 0.0
0.200 6.31e-05 0.0
0.220 6.31e-05 0.0
0.250 6.31e-05 0.0
0.270 6.31e-05 0.0
0.290 6.31e-05 0.0
0.310 6.31e-05 0.0
0.330 6.31e-05 0.0
0.350 6.31e-05 0.0
0.370 6.31e-05 0.0
0.390 6.31e-05 0.0
0.410 6.31e-05 0.0
0.430 6.31e-05 0.0
0.450 6.31e-05 0.0
0.470 6.31e-05 0.0
0.490 6.31e-05 0.0
0.510 6.31e-05 0.0
0.530 6.31e-05 0.0
0.550 6.31e-05 0.0
0.570 6.31e-05 0.0
0.590 6.31e-05 0.0
0.610 6.31e-05 0.0
0.630 6.31e-05 0.0
0.650 6.31e-05 0.0
0.670 6.31e-05 0.0
0.690 6.31e-05 0.0
0.710 6.31e-05 0.0
0.730 6.31e-05 0.0
0.750 6.31e-05 0.0
0.770 6.31e-05 0.0
0.790 6.31e-05 0.0
0.810 6.31e-05 0.0
0.830 6.31e-05 0.0
0.850 6.31e-05 0.0
0.870 6.31e-05 0.0
0.890 6.31e-05 0.0
0.910 6.31e-05 0.0
0.930 6.31e-05 0.0
0.950 6.31e-05 0.0
0.970 6.31e-05 0.0
0.990 6.31e-05 0.0
1.010 6.31e-05 0.0
1.030 6.31e-05 0.0
1.050 6.31e-05 0.0
1.070 6.31e-05 0.0
1.090 6.31e-05 0.0
1.110 6.31e-05 0.0
1.130 6.31e-05 0.0
1.150 6.31e-05 0.0
1.170 6.31e-05 0.0
1.190 6.31e-05 0.0
1.210 6.31e-05 0.0
1.230 6.31e-05 0.0
1.250 6.31e-05 0.0
1.270 6.31e-05 0.0
1.290 6.31e-05 0.0
1.310 6.31e-05 0.0
1.330 6.31e-05 0.0
1.350 6.31e-05 0.0
1.370 6.31e-05 0.0
1.390 6.31e-05 0.0
1.410 6.31e-05 0.0
1.430 6.31e-05 0.0
1.450 6.31e-05 0.0
1.470 6.31e-05 0.0
1.490 6.31e-05 0.0
0.001 1.26e-04 0.011379
0.002 1.26e-04 0.028234
0.003 1.26e-04 0.049764
0.004 1.26e-04 0.062332
0.005 1.26e-04 0.063636
0.007 1.26e-04 0.046734
0.010 1.26e-04 0.021161
0.020 1.26e-04 0.000796
0.040 1.26e-04 0.0
0.060 1.26e-04 0.0
0.080 1.26e-04 0.0
0.100 1.26e-04 0.0
0.120 1.26e-04 0.0
0.140 1.26e-04 0.0
0.160 1.26e-04 0.0
0.180 1.26e-04 0.0
0.200 1.26e-04 0.0
0.220 1.26e-04 0.0
0.250 1.26e-04 0.0
0.270 1.26e-04 0.0
0.290 1.26e-04 0.0
0.310 1.26e-04 0.0
0.330 1.26e-04 0.0
0.350 1.26e-04 0.0
0.370 1.26e-04 0.0
0.390 1.26e-04 0.0
0.410 1.26e-04 0.0
0.430 1.26e-04 0.0
0.450 1.26e-04 0.0
0.470 1.26e-04 0.0
0.490 1.26e-04 0.0
0.510 1.26e-04 0.0
0.530 1.26e-04 0.0
0.550 1.26e-04 0.0
0.570 1.26e-04 0.0
0.590 1.26e-04 0.0
0.610 1.26e-04 0.0
0.630 1.26e-04 0.0
0.650 1.26e-04 0.0
0.670 1.26e-04 0.0
0.690 1.26e-04 0.0
0.710 1.26e-04 0.0
0.730 1.26e-04 0.0
0.750 1.26e-04 0.0
0.770 1.26e-04 0.0
0.790 1.26e-04 0.0
0.810 1.26e-04 0.0
0.830 1.26e-04 0.0
0.850 1.26e-04 0.0
0.870 1.26e-04 0.0
0.890 1.26e-04 0.0
0.910 1.26e-04 0.0
0.930 1.26e-04 0.0
0.950 1.26e-04 0.0
0.970 1.26e-04 0.0
0.990 1.26e-04 0.0
1.010 1.26e-04 0.0
1.030 1.26e-04 0.0
1.050 1.26e-04 0.0
1.070 1.26e-04 0.0
1.090 1.26e-04 0.0
1.110 1.26e-04 0.0
1.130 1.26e-04 0.0
1.150 1.26e-04 0.0
1.170 1.26e-04 0.0
1.190 1.26e-04 0.0
1.210 1.26e-04 0.0
1.230 1.26e-04 0.0
1.250 1.26e-04 0.0
1.270 1.26e-04 0.0
1.290 1.26e-04 0.0
1.310 1.26e-04 0.0
1.330 1.26e-04 0.0
1.350 1.26e-04 0.0
1.370 1.26e-04 0.0
1.390 1.26e-04 0.0
1.410 1.26e-04 0.0
1.430 1.26e-04 0.0
1.450 1.26e-04 0.0
1.470 1.26e-04 0.0
1.490 1.26e-04 0.0
0.001 2.51e-04 0.036394
0.002 2.51e-04 0.061903
0.003 2.51e-04 0.057362
0.004 2.51e-04 0.036736
0.005 2.51e-04 0.02075
0.007 2.51e-04 0.006461
0.010 2.51e-04 0.000816
0.020 2.51e-04 0.0
0.040 2.51e-04 0.0
0.060 2.51e-04 0.0
0.080 2.51e-04 0.0
0.100 2.51e-04 0.0
0.120 2.51e-04 0.0
0.140 2.51e-04 0.0
0.160 2.51e-04 0.0
0.180 2.51e-04 0.0
0.200 2.51e-04 0.0
0.220 2.51e-04 0.0
0.250 2.51e-04 0.0
0.270 2.51e-04 0.0
0.290 2.51e-04 0.0
0.310 2.51e-04 0.0
0.330 2.51e-04 0.0
0.350 2.51e-04 0.0
0.370 2.51e-04 0.0
0.390 2.51e-04 0.0
0.410 2.51e-04 0.0
0.430 2.51e-04 0.0
0.450 2.51e-04 0.0
0.470 2.51e-04 0.0
0.490 2.51e-04 0.0
0.510 2.51e-04 0.0
0.530 2.51e-04 0.0
0.550 2.51e-04 0.0
0.570 2.51e-04 0.0
0.590 2.51e-04 0.0
0.610 2.51e-04 0.0
0.630 2.51e-04 0.0
0.650 2.51e-04 0.0
0.670 2.51e-04 0.0
0.690 2.51e-04 0.0
0.710 2.51e-04 0.0
0.730 2.51e-04 0.0
0.750 2.51e-04 0.0
0.770 2.51e-04 0.0
0.790 2.51e-04 0.0
0.810 2.51e-04 0.0
0.830 2.51e-04 0.0
0.850 2.51e-04 0.0
0.870 2.51e-04 0.0
0.890 2.51e-04 0.0
0.910 2.51e-04 0.0
0.930 2.51e-04 0.0
0.950 2.51e-04 0.0
0.970 2.51e-04 0.0
0.990 2.51e-04 0.0
1.010 2.51e-04 0.0
1.030 2.51e-04 0.0
1.050 2.51e-04 0.0
1.070 2.51e-04 0.0
1.090 2.51e-04 0.0
1.110 2.51e-04 0.0
1.130 2.51e-04 0.0
1.150 2.51e-04 0.0
1.170 2.51e-04 0.0
1.190 2.51e-04 0.0
1.210 2.51e-04 0.0
1.230 2.51e-04 0.0
1.250 2.51e-04 0.0
1.270 2.51e-04 0.0
1.290 2.51e-04 0.0
1.310 2.51e-04 0.0
1.330 2.51e-04 0.0
1.350 2.51e-04 0.0
1.370 2.51e-04 0.0
1.390 2.51e-04 0.0
1.410 2.51e-04 0.0
1.430 2.51e-04 0.0
1.450 2.51e-04 0.0
1.470 2.51e-04 0.0
1.490 2.51e-04 0.0
0.001 5.01e-04 0.064494
0.002 5.01e-04 0.0378
0.003 5.01e-04 0.011631
0.004 5.01e-04 0.003312
0.005 5.01e-04 0.000834
0.007 5.01e-04 2.6e-05
0.010 5.01e-04 0.0
0.020 5.01e-04 0.0
0.040 5.01e-04 0.0
0.060 5.01e-04 0.0
0.080 5.01e-04 0.0
0.100 5.01e-04 0.0
0.120 5.01e-04 0.0
0.140 5.01e-04 0.0
0.160 5.01e-04 0.0
0.180 5.01e-04 0.0
0.200 5.01e-04 0.0
0.220 5.01e-04 0.0
0.250 5.01e-04 0.0
0.270 5.01e-04 0.0
0.290 5.01e-04 0.0
0.310 5.01e-04 0.0
0.330 5.01e-04 0.0
0.350 5.01e-04 0.0
0.370 5.01e-04 0.0
0.390 5.01e-04 0.0
0.410 5.01e-04 0.0
0.430 5.01e-04 0.0
0.450 5.01e-04 0.0
0.470 5.01e-04 0.0
0.490 5.01e-04 0.0
0.510 5.01e-04 0.0
0.530 5.01e-04 0.0
0.550 5.01e-04 0.0
0.570 5.01e-04 0.0
0.590 5.01e-04 0.0
0.610 5.01e-04 0.0
0.630 5.01e-04 0.0
0.650 5.01e-04 0.0
0.670 5.01e-04 0.0
0.690 5.01e-04 0.0
0.710 5.01e-04 0.0
0.730 5.01e-04 0.0
0.750 5.01e-04 0.0
0.770 5.01e-04 0.0
0.790 5.01e-04 0.0
0.810 5.01e-04 0.0
0.830 5.01e-04 0.0
0.850 5.01e-04 0.0
0.870 5.01e-04 0.0
0.890 5.01e-04 0.0
0.910 5.01e-04 0.0
0.930 5.01e-04 0.0
0.950 5.01e-04 0.0
0.970 5.01e-04 0.0
0.990 5.01e-04 0.0
1.010 5.01e-04 0.0
1.030 5.01e-04 0.0
1.050 5.01e-04 0.0
1.070 5.01e-04 0.0
1.090 5.01e-04 0.0
1.110 5.01e-04 0.0
1.130 5.01e-04 0.0
1.150 5.01e-04 0.0
1.170 5.01e-04 0.0
1.190 5.01e-04 0.0
1.210 5.01e-04 0.0
1.230 5.01e-04 0.0
1.250 5.01e-04 0.0
1.270 5.01e-04 0.0
1.290 5.01e-04 0.0
1.310 5.01e-04 0.0
1.330 5.01e-04 0.0
1.350 5.01e-04 0.0
1.370 5.01e-04 0.0
1.390 5.01e-04 0.0
1.410 5.01e-04 0.0
1.430 5.01e-04 0.0
1.450 5.01e-04 0.0
1.470 5.01e-04 0.0
1.490 5.01e-04 0.0
0.001 1.00e-03 0.025341
0.002 1.00e-03 0.00364
0.003 1.00e-03 0.000163
0.004 1.00e-03 3e-06
0.005 1.00e-03 0.0
0.007 1.00e-03 0.0
0.010 1.00e-03 0.0
0.020 1.00e-03 0.0
0.040 1.00e-03 0.0
0.060 1.00e-03 0.0
0.080 1.00e-03 0.0
0.100 1.00e-03 0.0
0.120 1.00e-03 0.0
0.140 1.00e-03 0.0
0.160 1.00e-03 0.0
0.180 1.00e-03 0.0
0.200 1.00e-03 0.0
0.220 1.00e-03 0.0
0.250 1.00e-03 0.0
0.270 1.00e-03 0.0
0.290 1.00e-03 0.0
0.310 1.00e-03 0.0
0.330 1.00e-03 0.0
0.350 1.00e-03 0.0
0.370 1.00e-03 0.0
0.390 1.00e-03 0.0
0.410 1.00e-03 0.0
0.430 1.00e-03 0.0
0.450 1.00e-03 0.0
0.470 1.00e-03 0.0
0.490 1.00e-03 0.0
0.510 1.00e-03 0.0
0.530 1.00e-03 0.0
0.550 1.00e-03 0.0
0.570 1.00e-03 0.0
0.590 1.00e-03 0.0
0.610 1.00e-03 0.0
0.630 1.00e-03 0.0
0.650 1.00e-03 0.0
0.670 1.00e-03 0.0
0.690 1.00e-03 0.0
0.710 1.00e-03 0.0
0.730 1.00e-03 0.0
0.750 1.00e-03 0.0
0.770 1.00e-03 0.0
0.790 1.00e-03 0.0
0.810 1.00e-03 0.0
0.830 1.00e-03 0.0
0.850 1.00e-03 0.0
0.870 1.00e-03 0.0
0.890 1.00e-03 0.0
0.910 1.00e-03 0.0
0.930 1.00e-03 0.0
0.950 1.00e-03 0.0
0.970 1.00e-03 0.0
0.990 1.00e-03 0.0
1.010 1.00e-03 0.0
1.030 1.00e-03 0.0
1.050 1.00e-03 0.0
1.070 1.00e-03 0.0
1.090 1.00e-03 0.0
1.110 1.00e-03 0.0
1.130 1.00e-03 0.0
1.150 1.00e-03 0.0
1.170 1.00e-03 0.0
1.190 1.00e-03 0.0
1.210 1.00e-03 0.0
1.230 1.00e-03 0.0
1.250 1.00e-03 0.0
1.270 1.00e-03 0.0
1.290 1.00e-03 0.0
1.310 1.00e-03 0.0
1.330 1.00e-03 0.0
1.350 1.00e-03 0.0
1.370 1.00e-03 0.0
1.390 1.00e-03 0.0
1.410 1.00e-03 0.0
1.430 1.00e-03 0.0
1.450 1.00e-03 0.0
1.470 1.00e-03 0.0
1.490 1.00e-03 0.0
