0.220 1.00e-09 [0.27329247]
0.250 1.00e-09 [0.41950682]
0.270 1.00e-09 [0.44836957]
0.290 1.00e-09 [0.46397266]
0.310 1.00e-09 [0.47412969]
0.330 1.00e-09 [0.48054561]
0.350 1.00e-09 [0.48509357]
0.370 1.00e-09 [0.46001478]
0.390 1.00e-09 [0.45562539]
0.410 1.00e-09 [0.44643227]
0.430 1.00e-09 [0.43815696]
0.450 1.00e-09 [0.42895578]
0.470 1.00e-09 [0.42100781]
0.490 1.00e-09 [0.406332]
0.510 1.00e-09 [0.39407356]
0.530 1.00e-09 [0.37644732]
0.220 2.00e-09 [0.27329247]
0.250 2.00e-09 [0.41950682]
0.270 2.00e-09 [0.44836957]
0.290 2.00e-09 [0.46397266]
0.310 2.00e-09 [0.47412969]
0.330 2.00e-09 [0.48054561]
0.350 2.00e-09 [0.48509357]
0.370 2.00e-09 [0.46001478]
0.390 2.00e-09 [0.45562539]
0.410 2.00e-09 [0.44643227]
0.430 2.00e-09 [0.43815696]
0.450 2.00e-09 [0.42895578]
0.470 2.00e-09 [0.42100781]
0.490 2.00e-09 [0.406332]
0.510 2.00e-09 [0.39407356]
0.530 2.00e-09 [0.37644732]
0.220 4.00e-09 [0.27329247]
0.250 4.00e-09 [0.41950682]
0.270 4.00e-09 [0.44836957]
0.290 4.00e-09 [0.46397266]
0.310 4.00e-09 [0.47412969]
0.330 4.00e-09 [0.48054561]
0.350 4.00e-09 [0.48509357]
0.370 4.00e-09 [0.46001478]
0.390 4.00e-09 [0.45562539]
0.410 4.00e-09 [0.44643227]
0.430 4.00e-09 [0.43815696]
0.450 4.00e-09 [0.42895578]
0.470 4.00e-09 [0.42100781]
0.490 4.00e-09 [0.406332]
0.510 4.00e-09 [0.39407356]
0.530 4.00e-09 [0.37644732]
0.220 8.00e-09 [0.27329247]
0.250 8.00e-09 [0.41950682]
0.270 8.00e-09 [0.44836957]
0.290 8.00e-09 [0.46397266]
0.310 8.00e-09 [0.47412969]
0.330 8.00e-09 [0.48054561]
0.350 8.00e-09 [0.48509357]
0.370 8.00e-09 [0.46001478]
0.390 8.00e-09 [0.45562539]
0.410 8.00e-09 [0.44643227]
0.430 8.00e-09 [0.43815696]
0.450 8.00e-09 [0.42895578]
0.470 8.00e-09 [0.42100781]
0.490 8.00e-09 [0.406332]
0.510 8.00e-09 [0.39407356]
0.530 8.00e-09 [0.37644732]
0.220 1.60e-08 [0.27329247]
0.250 1.60e-08 [0.41950682]
0.270 1.60e-08 [0.44836957]
0.290 1.60e-08 [0.46397266]
0.310 1.60e-08 [0.47412969]
0.330 1.60e-08 [0.48054561]
0.350 1.60e-08 [0.48509357]
0.370 1.60e-08 [0.46001478]
0.390 1.60e-08 [0.45562539]
0.410 1.60e-08 [0.44643227]
0.430 1.60e-08 [0.43815696]
0.450 1.60e-08 [0.42895578]
0.470 1.60e-08 [0.42100781]
0.490 1.60e-08 [0.406332]
0.510 1.60e-08 [0.39407356]
0.530 1.60e-08 [0.37644732]
0.220 3.20e-08 [0.27329247]
0.250 3.20e-08 [0.41950682]
0.270 3.20e-08 [0.44836957]
0.290 3.20e-08 [0.46397266]
0.310 3.20e-08 [0.47412969]
0.330 3.20e-08 [0.48054561]
0.350 3.20e-08 [0.48509357]
0.370 3.20e-08 [0.46001478]
0.390 3.20e-08 [0.45562539]
0.410 3.20e-08 [0.44643227]
0.430 3.20e-08 [0.43815696]
0.450 3.20e-08 [0.42895578]
0.470 3.20e-08 [0.42100781]
0.490 3.20e-08 [0.406332]
0.510 3.20e-08 [0.39407356]
0.530 3.20e-08 [0.37644732]
0.220 6.30e-08 [0.27329247]
0.250 6.30e-08 [0.41950682]
0.270 6.30e-08 [0.44836957]
0.290 6.30e-08 [0.46397266]
0.310 6.30e-08 [0.47412969]
0.330 6.30e-08 [0.48054561]
0.350 6.30e-08 [0.48509357]
0.370 6.30e-08 [0.46001478]
0.390 6.30e-08 [0.45562539]
0.410 6.30e-08 [0.44643227]
0.430 6.30e-08 [0.43815696]
0.450 6.30e-08 [0.42895578]
0.470 6.30e-08 [0.42100781]
0.490 6.30e-08 [0.406332]
0.510 6.30e-08 [0.39407356]
0.530 6.30e-08 [0.37644732]
0.220 1.26e-07 [0.27329247]
0.250 1.26e-07 [0.41950682]
0.270 1.26e-07 [0.44836957]
0.290 1.26e-07 [0.46397266]
0.310 1.26e-07 [0.47412969]
0.330 1.26e-07 [0.48054561]
0.350 1.26e-07 [0.48509357]
0.370 1.26e-07 [0.46001478]
0.390 1.26e-07 [0.45562539]
0.410 1.26e-07 [0.44643227]
0.430 1.26e-07 [0.43815696]
0.450 1.26e-07 [0.42895578]
0.470 1.26e-07 [0.42100781]
0.490 1.26e-07 [0.406332]
0.510 1.26e-07 [0.39407356]
0.530 1.26e-07 [0.37644732]
0.220 2.51e-07 [0.27329247]
0.250 2.51e-07 [0.41950682]
0.270 2.51e-07 [0.44836957]
0.290 2.51e-07 [0.46397266]
0.310 2.51e-07 [0.47412969]
0.330 2.51e-07 [0.48054561]
0.350 2.51e-07 [0.48509357]
0.370 2.51e-07 [0.46001478]
0.390 2.51e-07 [0.45562539]
0.410 2.51e-07 [0.44643227]
0.430 2.51e-07 [0.43815696]
0.450 2.51e-07 [0.42895578]
0.470 2.51e-07 [0.42100781]
0.490 2.51e-07 [0.406332]
0.510 2.51e-07 [0.39407356]
0.530 2.51e-07 [0.37644732]
0.220 5.01e-07 [0.27329247]
0.250 5.01e-07 [0.41950682]
0.270 5.01e-07 [0.44836957]
0.290 5.01e-07 [0.46397266]
0.310 5.01e-07 [0.47412969]
0.330 5.01e-07 [0.48054561]
0.350 5.01e-07 [0.48509357]
0.370 5.01e-07 [0.46001478]
0.390 5.01e-07 [0.45562539]
0.410 5.01e-07 [0.44643227]
0.430 5.01e-07 [0.43815696]
0.450 5.01e-07 [0.42895578]
0.470 5.01e-07 [0.42100781]
0.490 5.01e-07 [0.406332]
0.510 5.01e-07 [0.39407356]
0.530 5.01e-07 [0.37644732]
0.220 1.00e-06 [0.27329247]
0.250 1.00e-06 [0.41950682]
0.270 1.00e-06 [0.44836957]
0.290 1.00e-06 [0.46397266]
0.310 1.00e-06 [0.47412969]
0.330 1.00e-06 [0.48054561]
0.350 1.00e-06 [0.48509357]
0.370 1.00e-06 [0.46001478]
0.390 1.00e-06 [0.45562539]
0.410 1.00e-06 [0.44643227]
0.430 1.00e-06 [0.43815696]
0.450 1.00e-06 [0.42895578]
0.470 1.00e-06 [0.42100781]
0.490 1.00e-06 [0.406332]
0.510 1.00e-06 [0.39407356]
0.530 1.00e-06 [0.37644732]
0.220 1.99e-06 [0.27329247]
0.250 1.99e-06 [0.41950682]
0.270 1.99e-06 [0.44836957]
0.290 1.99e-06 [0.46397266]
0.310 1.99e-06 [0.47412969]
0.330 1.99e-06 [0.48054561]
0.350 1.99e-06 [0.48509357]
0.370 1.99e-06 [0.46001478]
0.390 1.99e-06 [0.45562539]
0.410 1.99e-06 [0.44643227]
0.430 1.99e-06 [0.43815696]
0.450 1.99e-06 [0.42895578]
0.470 1.99e-06 [0.42100781]
0.490 1.99e-06 [0.406332]
0.510 1.99e-06 [0.39407356]
0.530 1.99e-06 [0.37644732]
0.220 3.98e-06 [0.27329247]
0.250 3.98e-06 [0.41950682]
0.270 3.98e-06 [0.44836957]
0.290 3.98e-06 [0.46397266]
0.310 3.98e-06 [0.47412969]
0.330 3.98e-06 [0.48054561]
0.350 3.98e-06 [0.48509357]
0.370 3.98e-06 [0.46001478]
0.390 3.98e-06 [0.45562539]
0.410 3.98e-06 [0.44643227]
0.430 3.98e-06 [0.43815696]
0.450 3.98e-06 [0.42895578]
0.470 3.98e-06 [0.42100781]
0.490 3.98e-06 [0.406332]
0.510 3.98e-06 [0.39407356]
0.530 3.98e-06 [0.37644732]
0.220 7.94e-06 [0.27329247]
0.250 7.94e-06 [0.41950682]
0.270 7.94e-06 [0.44836957]
0.290 7.94e-06 [0.46397266]
0.310 7.94e-06 [0.47412969]
0.330 7.94e-06 [0.48054561]
0.350 7.94e-06 [0.48509357]
0.370 7.94e-06 [0.46001478]
0.390 7.94e-06 [0.45562539]
0.410 7.94e-06 [0.44643227]
0.430 7.94e-06 [0.43815696]
0.450 7.94e-06 [0.42895578]
0.470 7.94e-06 [0.42100781]
0.490 7.94e-06 [0.406332]
0.510 7.94e-06 [0.39407356]
0.530 7.94e-06 [0.37644732]
0.220 1.58e-05 [0.27329247]
0.250 1.58e-05 [0.41950682]
0.270 1.58e-05 [0.44836957]
0.290 1.58e-05 [0.46397266]
0.310 1.58e-05 [0.47412969]
0.330 1.58e-05 [0.48054561]
0.350 1.58e-05 [0.48509357]
0.370 1.58e-05 [0.46001478]
0.390 1.58e-05 [0.45562539]
0.410 1.58e-05 [0.44643227]
0.430 1.58e-05 [0.43815696]
0.450 1.58e-05 [0.42895578]
0.470 1.58e-05 [0.42100781]
0.490 1.58e-05 [0.406332]
0.510 1.58e-05 [0.39407356]
0.530 1.58e-05 [0.37644732]
0.220 3.16e-05 [0.27329247]
0.250 3.16e-05 [0.41950682]
0.270 3.16e-05 [0.44836957]
0.290 3.16e-05 [0.46397266]
0.310 3.16e-05 [0.47412969]
0.330 3.16e-05 [0.48054561]
0.350 3.16e-05 [0.48509357]
0.370 3.16e-05 [0.46001478]
0.390 3.16e-05 [0.45562539]
0.410 3.16e-05 [0.44643227]
0.430 3.16e-05 [0.43815696]
0.450 3.16e-05 [0.42895578]
0.470 3.16e-05 [0.42100781]
0.490 3.16e-05 [0.406332]
0.510 3.16e-05 [0.39407356]
0.530 3.16e-05 [0.37644732]
0.220 6.31e-05 [0.27329247]
0.250 6.31e-05 [0.41950682]
0.270 6.31e-05 [0.44836957]
0.290 6.31e-05 [0.46397266]
0.310 6.31e-05 [0.47412969]
0.330 6.31e-05 [0.48054561]
0.350 6.31e-05 [0.48509357]
0.370 6.31e-05 [0.46001478]
0.390 6.31e-05 [0.45562539]
0.410 6.31e-05 [0.44643227]
0.430 6.31e-05 [0.43815696]
0.450 6.31e-05 [0.42895578]
0.470 6.31e-05 [0.42100781]
0.490 6.31e-05 [0.406332]
0.510 6.31e-05 [0.39407356]
0.530 6.31e-05 [0.37644732]
0.220 1.26e-04 [0.27329247]
0.250 1.26e-04 [0.41950682]
0.270 1.26e-04 [0.44836957]
0.290 1.26e-04 [0.46397266]
0.310 1.26e-04 [0.47412969]
0.330 1.26e-04 [0.48054561]
0.350 1.26e-04 [0.48509357]
0.370 1.26e-04 [0.46001478]
0.390 1.26e-04 [0.45562539]
0.410 1.26e-04 [0.44643227]
0.430 1.26e-04 [0.43815696]
0.450 1.26e-04 [0.42895578]
0.470 1.26e-04 [0.42100781]
0.490 1.26e-04 [0.406332]
0.510 1.26e-04 [0.39407356]
0.530 1.26e-04 [0.37644732]
0.220 2.51e-04 [0.27329247]
0.250 2.51e-04 [0.41950682]
0.270 2.51e-04 [0.44836957]
0.290 2.51e-04 [0.46397266]
0.310 2.51e-04 [0.47412969]
0.330 2.51e-04 [0.48054561]
0.350 2.51e-04 [0.48509357]
0.370 2.51e-04 [0.46001478]
0.390 2.51e-04 [0.45562539]
0.410 2.51e-04 [0.44643227]
0.430 2.51e-04 [0.43815696]
0.450 2.51e-04 [0.42895578]
0.470 2.51e-04 [0.42100781]
0.490 2.51e-04 [0.406332]
0.510 2.51e-04 [0.39407356]
0.530 2.51e-04 [0.37644732]
0.220 5.01e-04 [0.27329247]
0.250 5.01e-04 [0.41950682]
0.270 5.01e-04 [0.44836957]
0.290 5.01e-04 [0.46397266]
0.310 5.01e-04 [0.47412969]
0.330 5.01e-04 [0.48054561]
0.350 5.01e-04 [0.48509357]
0.370 5.01e-04 [0.46001478]
0.390 5.01e-04 [0.45562539]
0.410 5.01e-04 [0.44643227]
0.430 5.01e-04 [0.43815696]
0.450 5.01e-04 [0.42895578]
0.470 5.01e-04 [0.42100781]
0.490 5.01e-04 [0.406332]
0.510 5.01e-04 [0.39407356]
0.530 5.01e-04 [0.37644732]
0.220 1.00e-03 [0.27329247]
0.250 1.00e-03 [0.41950682]
0.270 1.00e-03 [0.44836957]
0.290 1.00e-03 [0.46397266]
0.310 1.00e-03 [0.47412969]
0.330 1.00e-03 [0.48054561]
0.350 1.00e-03 [0.48509357]
0.370 1.00e-03 [0.46001478]
0.390 1.00e-03 [0.45562539]
0.410 1.00e-03 [0.44643227]
0.430 1.00e-03 [0.43815696]
0.450 1.00e-03 [0.42895578]
0.470 1.00e-03 [0.42100781]
0.490 1.00e-03 [0.406332]
0.510 1.00e-03 [0.39407356]
0.530 1.00e-03 [0.37644732]
0.220 1.00e-09 [0.27329247]
0.250 1.00e-09 [0.41950682]
0.270 1.00e-09 [0.44836957]
0.290 1.00e-09 [0.46397266]
0.310 1.00e-09 [0.47412969]
0.330 1.00e-09 [0.48054561]
0.350 1.00e-09 [0.48509357]
0.370 1.00e-09 [0.46001478]
0.390 1.00e-09 [0.45562539]
0.410 1.00e-09 [0.44643227]
0.430 1.00e-09 [0.43815696]
0.450 1.00e-09 [0.42895578]
0.470 1.00e-09 [0.42100781]
0.490 1.00e-09 [0.406332]
0.510 1.00e-09 [0.39407356]
0.530 1.00e-09 [0.37644732]
0.220 2.00e-09 [0.27329247]
0.250 2.00e-09 [0.41950682]
0.270 2.00e-09 [0.44836957]
0.290 2.00e-09 [0.46397266]
0.310 2.00e-09 [0.47412969]
0.330 2.00e-09 [0.48054561]
0.350 2.00e-09 [0.48509357]
0.370 2.00e-09 [0.46001478]
0.390 2.00e-09 [0.45562539]
0.410 2.00e-09 [0.44643227]
0.430 2.00e-09 [0.43815696]
0.450 2.00e-09 [0.42895578]
0.470 2.00e-09 [0.42100781]
0.490 2.00e-09 [0.406332]
0.510 2.00e-09 [0.39407356]
0.530 2.00e-09 [0.37644732]
0.220 4.00e-09 [0.27329247]
0.250 4.00e-09 [0.41950682]
0.270 4.00e-09 [0.44836957]
0.290 4.00e-09 [0.46397266]
0.310 4.00e-09 [0.47412969]
0.330 4.00e-09 [0.48054561]
0.350 4.00e-09 [0.48509357]
0.370 4.00e-09 [0.46001478]
0.390 4.00e-09 [0.45562539]
0.410 4.00e-09 [0.44643227]
0.430 4.00e-09 [0.43815696]
0.450 4.00e-09 [0.42895578]
0.470 4.00e-09 [0.42100781]
0.490 4.00e-09 [0.406332]
0.510 4.00e-09 [0.39407356]
0.530 4.00e-09 [0.37644732]
0.220 8.00e-09 [0.27329247]
0.250 8.00e-09 [0.41950682]
0.270 8.00e-09 [0.44836957]
0.290 8.00e-09 [0.46397266]
0.310 8.00e-09 [0.47412969]
0.330 8.00e-09 [0.48054561]
0.350 8.00e-09 [0.48509357]
0.370 8.00e-09 [0.46001478]
0.390 8.00e-09 [0.45562539]
0.410 8.00e-09 [0.44643227]
0.430 8.00e-09 [0.43815696]
0.450 8.00e-09 [0.42895578]
0.470 8.00e-09 [0.42100781]
0.490 8.00e-09 [0.406332]
0.510 8.00e-09 [0.39407356]
0.530 8.00e-09 [0.37644732]
0.220 1.60e-08 [0.27329247]
0.250 1.60e-08 [0.41950682]
0.270 1.60e-08 [0.44836957]
0.290 1.60e-08 [0.46397266]
0.310 1.60e-08 [0.47412969]
0.330 1.60e-08 [0.48054561]
0.350 1.60e-08 [0.48509357]
0.370 1.60e-08 [0.46001478]
0.390 1.60e-08 [0.45562539]
0.410 1.60e-08 [0.44643227]
0.430 1.60e-08 [0.43815696]
0.450 1.60e-08 [0.42895578]
0.470 1.60e-08 [0.42100781]
0.490 1.60e-08 [0.406332]
0.510 1.60e-08 [0.39407356]
0.530 1.60e-08 [0.37644732]
0.220 3.20e-08 [0.27329247]
0.250 3.20e-08 [0.41950682]
0.270 3.20e-08 [0.44836957]
0.290 3.20e-08 [0.46397266]
0.310 3.20e-08 [0.47412969]
0.330 3.20e-08 [0.48054561]
0.350 3.20e-08 [0.48509357]
0.370 3.20e-08 [0.46001478]
0.390 3.20e-08 [0.45562539]
0.410 3.20e-08 [0.44643227]
0.430 3.20e-08 [0.43815696]
0.450 3.20e-08 [0.42895578]
0.470 3.20e-08 [0.42100781]
0.490 3.20e-08 [0.406332]
0.510 3.20e-08 [0.39407356]
0.530 3.20e-08 [0.37644732]
0.220 6.30e-08 [0.27329247]
0.250 6.30e-08 [0.41950682]
0.270 6.30e-08 [0.44836957]
0.290 6.30e-08 [0.46397266]
0.310 6.30e-08 [0.47412969]
0.330 6.30e-08 [0.48054561]
0.350 6.30e-08 [0.48509357]
0.370 6.30e-08 [0.46001478]
0.390 6.30e-08 [0.45562539]
0.410 6.30e-08 [0.44643227]
0.430 6.30e-08 [0.43815696]
0.450 6.30e-08 [0.42895578]
0.470 6.30e-08 [0.42100781]
0.490 6.30e-08 [0.406332]
0.510 6.30e-08 [0.39407356]
0.530 6.30e-08 [0.37644732]
0.220 1.26e-07 [0.27329247]
0.250 1.26e-07 [0.41950682]
0.270 1.26e-07 [0.44836957]
0.290 1.26e-07 [0.46397266]
0.310 1.26e-07 [0.47412969]
0.330 1.26e-07 [0.48054561]
0.350 1.26e-07 [0.48509357]
0.370 1.26e-07 [0.46001478]
0.390 1.26e-07 [0.45562539]
0.410 1.26e-07 [0.44643227]
0.430 1.26e-07 [0.43815696]
0.450 1.26e-07 [0.42895578]
0.470 1.26e-07 [0.42100781]
0.490 1.26e-07 [0.406332]
0.510 1.26e-07 [0.39407356]
0.530 1.26e-07 [0.37644732]
0.220 2.51e-07 [0.27329247]
0.250 2.51e-07 [0.41950682]
0.270 2.51e-07 [0.44836957]
0.290 2.51e-07 [0.46397266]
0.310 2.51e-07 [0.47412969]
0.330 2.51e-07 [0.48054561]
0.350 2.51e-07 [0.48509357]
0.370 2.51e-07 [0.46001478]
0.390 2.51e-07 [0.45562539]
0.410 2.51e-07 [0.44643227]
0.430 2.51e-07 [0.43815696]
0.450 2.51e-07 [0.42895578]
0.470 2.51e-07 [0.42100781]
0.490 2.51e-07 [0.406332]
0.510 2.51e-07 [0.39407356]
0.530 2.51e-07 [0.37644732]
0.220 5.01e-07 [0.27329247]
0.250 5.01e-07 [0.41950682]
0.270 5.01e-07 [0.44836957]
0.290 5.01e-07 [0.46397266]
0.310 5.01e-07 [0.47412969]
0.330 5.01e-07 [0.48054561]
0.350 5.01e-07 [0.48509357]
0.370 5.01e-07 [0.46001478]
0.390 5.01e-07 [0.45562539]
0.410 5.01e-07 [0.44643227]
0.430 5.01e-07 [0.43815696]
0.450 5.01e-07 [0.42895578]
0.470 5.01e-07 [0.42100781]
0.490 5.01e-07 [0.406332]
0.510 5.01e-07 [0.39407356]
0.530 5.01e-07 [0.37644732]
0.220 1.00e-06 [0.27329247]
0.250 1.00e-06 [0.41950682]
0.270 1.00e-06 [0.44836957]
0.290 1.00e-06 [0.46397266]
0.310 1.00e-06 [0.47412969]
0.330 1.00e-06 [0.48054561]
0.350 1.00e-06 [0.48509357]
0.370 1.00e-06 [0.46001478]
0.390 1.00e-06 [0.45562539]
0.410 1.00e-06 [0.44643227]
0.430 1.00e-06 [0.43815696]
0.450 1.00e-06 [0.42895578]
0.470 1.00e-06 [0.42100781]
0.490 1.00e-06 [0.406332]
0.510 1.00e-06 [0.39407356]
0.530 1.00e-06 [0.37644732]
0.220 1.99e-06 [0.27329247]
0.250 1.99e-06 [0.41950682]
0.270 1.99e-06 [0.44836957]
0.290 1.99e-06 [0.46397266]
0.310 1.99e-06 [0.47412969]
0.330 1.99e-06 [0.48054561]
0.350 1.99e-06 [0.48509357]
0.370 1.99e-06 [0.46001478]
0.390 1.99e-06 [0.45562539]
0.410 1.99e-06 [0.44643227]
0.430 1.99e-06 [0.43815696]
0.450 1.99e-06 [0.42895578]
0.470 1.99e-06 [0.42100781]
0.490 1.99e-06 [0.406332]
0.510 1.99e-06 [0.39407356]
0.530 1.99e-06 [0.37644732]
0.220 3.98e-06 [0.27329247]
0.250 3.98e-06 [0.41950682]
0.270 3.98e-06 [0.44836957]
0.290 3.98e-06 [0.46397266]
0.310 3.98e-06 [0.47412969]
0.330 3.98e-06 [0.48054561]
0.350 3.98e-06 [0.48509357]
0.370 3.98e-06 [0.46001478]
0.390 3.98e-06 [0.45562539]
0.410 3.98e-06 [0.44643227]
0.430 3.98e-06 [0.43815696]
0.450 3.98e-06 [0.42895578]
0.470 3.98e-06 [0.42100781]
0.490 3.98e-06 [0.406332]
0.510 3.98e-06 [0.39407356]
0.530 3.98e-06 [0.37644732]
0.220 7.94e-06 [0.27329247]
0.250 7.94e-06 [0.41950682]
0.270 7.94e-06 [0.44836957]
0.290 7.94e-06 [0.46397266]
0.310 7.94e-06 [0.47412969]
0.330 7.94e-06 [0.48054561]
0.350 7.94e-06 [0.48509357]
0.370 7.94e-06 [0.46001478]
0.390 7.94e-06 [0.45562539]
0.410 7.94e-06 [0.44643227]
0.430 7.94e-06 [0.43815696]
0.450 7.94e-06 [0.42895578]
0.470 7.94e-06 [0.42100781]
0.490 7.94e-06 [0.406332]
0.510 7.94e-06 [0.39407356]
0.530 7.94e-06 [0.37644732]
0.220 1.58e-05 [0.27329247]
0.250 1.58e-05 [0.41950682]
0.270 1.58e-05 [0.44836957]
0.290 1.58e-05 [0.46397266]
0.310 1.58e-05 [0.47412969]
0.330 1.58e-05 [0.48054561]
0.350 1.58e-05 [0.48509357]
0.370 1.58e-05 [0.46001478]
0.390 1.58e-05 [0.45562539]
0.410 1.58e-05 [0.44643227]
0.430 1.58e-05 [0.43815696]
0.450 1.58e-05 [0.42895578]
0.470 1.58e-05 [0.42100781]
0.490 1.58e-05 [0.406332]
0.510 1.58e-05 [0.39407356]
0.530 1.58e-05 [0.37644732]
0.220 3.16e-05 [0.27329247]
0.250 3.16e-05 [0.41950682]
0.270 3.16e-05 [0.44836957]
0.290 3.16e-05 [0.46397266]
0.310 3.16e-05 [0.47412969]
0.330 3.16e-05 [0.48054561]
0.350 3.16e-05 [0.48509357]
0.370 3.16e-05 [0.46001478]
0.390 3.16e-05 [0.45562539]
0.410 3.16e-05 [0.44643227]
0.430 3.16e-05 [0.43815696]
0.450 3.16e-05 [0.42895578]
0.470 3.16e-05 [0.42100781]
0.490 3.16e-05 [0.406332]
0.510 3.16e-05 [0.39407356]
0.530 3.16e-05 [0.37644732]
0.220 6.31e-05 [0.27329247]
0.250 6.31e-05 [0.41950682]
0.270 6.31e-05 [0.44836957]
0.290 6.31e-05 [0.46397266]
0.310 6.31e-05 [0.47412969]
0.330 6.31e-05 [0.48054561]
0.350 6.31e-05 [0.48509357]
0.370 6.31e-05 [0.46001478]
0.390 6.31e-05 [0.45562539]
0.410 6.31e-05 [0.44643227]
0.430 6.31e-05 [0.43815696]
0.450 6.31e-05 [0.42895578]
0.470 6.31e-05 [0.42100781]
0.490 6.31e-05 [0.406332]
0.510 6.31e-05 [0.39407356]
0.530 6.31e-05 [0.37644732]
0.220 1.26e-04 [0.27329247]
0.250 1.26e-04 [0.41950682]
0.270 1.26e-04 [0.44836957]
0.290 1.26e-04 [0.46397266]
0.310 1.26e-04 [0.47412969]
0.330 1.26e-04 [0.48054561]
0.350 1.26e-04 [0.48509357]
0.370 1.26e-04 [0.46001478]
0.390 1.26e-04 [0.45562539]
0.410 1.26e-04 [0.44643227]
0.430 1.26e-04 [0.43815696]
0.450 1.26e-04 [0.42895578]
0.470 1.26e-04 [0.42100781]
0.490 1.26e-04 [0.406332]
0.510 1.26e-04 [0.39407356]
0.530 1.26e-04 [0.37644732]
0.220 2.51e-04 [0.27329247]
0.250 2.51e-04 [0.41950682]
0.270 2.51e-04 [0.44836957]
0.290 2.51e-04 [0.46397266]
0.310 2.51e-04 [0.47412969]
0.330 2.51e-04 [0.48054561]
0.350 2.51e-04 [0.48509357]
0.370 2.51e-04 [0.46001478]
0.390 2.51e-04 [0.45562539]
0.410 2.51e-04 [0.44643227]
0.430 2.51e-04 [0.43815696]
0.450 2.51e-04 [0.42895578]
0.470 2.51e-04 [0.42100781]
0.490 2.51e-04 [0.406332]
0.510 2.51e-04 [0.39407356]
0.530 2.51e-04 [0.37644732]
0.220 5.01e-04 [0.27329247]
0.250 5.01e-04 [0.41950682]
0.270 5.01e-04 [0.44836957]
0.290 5.01e-04 [0.46397266]
0.310 5.01e-04 [0.47412969]
0.330 5.01e-04 [0.48054561]
0.350 5.01e-04 [0.48509357]
0.370 5.01e-04 [0.46001478]
0.390 5.01e-04 [0.45562539]
0.410 5.01e-04 [0.44643227]
0.430 5.01e-04 [0.43815696]
0.450 5.01e-04 [0.42895578]
0.470 5.01e-04 [0.42100781]
0.490 5.01e-04 [0.406332]
0.510 5.01e-04 [0.39407356]
0.530 5.01e-04 [0.37644732]
0.220 1.00e-03 [0.27329247]
0.250 1.00e-03 [0.41950682]
0.270 1.00e-03 [0.44836957]
0.290 1.00e-03 [0.46397266]
0.310 1.00e-03 [0.47412969]
0.330 1.00e-03 [0.48054561]
0.350 1.00e-03 [0.48509357]
0.370 1.00e-03 [0.46001478]
0.390 1.00e-03 [0.45562539]
0.410 1.00e-03 [0.44643227]
0.430 1.00e-03 [0.43815696]
0.450 1.00e-03 [0.42895578]
0.470 1.00e-03 [0.42100781]
0.490 1.00e-03 [0.406332]
0.510 1.00e-03 [0.39407356]
0.530 1.00e-03 [0.37644732]
0.220 1.00e-09 [0.27329247]
0.250 1.00e-09 [0.41950682]
0.270 1.00e-09 [0.44836957]
0.290 1.00e-09 [0.46397266]
0.310 1.00e-09 [0.47412969]
0.330 1.00e-09 [0.48054561]
0.350 1.00e-09 [0.48509357]
0.370 1.00e-09 [0.46001478]
0.390 1.00e-09 [0.45562539]
0.410 1.00e-09 [0.44643227]
0.430 1.00e-09 [0.43815696]
0.450 1.00e-09 [0.42895578]
0.470 1.00e-09 [0.42100781]
0.490 1.00e-09 [0.406332]
0.510 1.00e-09 [0.39407356]
0.530 1.00e-09 [0.37644732]
0.220 2.00e-09 [0.27329247]
0.250 2.00e-09 [0.41950682]
0.270 2.00e-09 [0.44836957]
0.290 2.00e-09 [0.46397266]
0.310 2.00e-09 [0.47412969]
0.330 2.00e-09 [0.48054561]
0.350 2.00e-09 [0.48509357]
0.370 2.00e-09 [0.46001478]
0.390 2.00e-09 [0.45562539]
0.410 2.00e-09 [0.44643227]
0.430 2.00e-09 [0.43815696]
0.450 2.00e-09 [0.42895578]
0.470 2.00e-09 [0.42100781]
0.490 2.00e-09 [0.406332]
0.510 2.00e-09 [0.39407356]
0.530 2.00e-09 [0.37644732]
0.220 4.00e-09 [0.27329247]
0.250 4.00e-09 [0.41950682]
0.270 4.00e-09 [0.44836957]
0.290 4.00e-09 [0.46397266]
0.310 4.00e-09 [0.47412969]
0.330 4.00e-09 [0.48054561]
0.350 4.00e-09 [0.48509357]
0.370 4.00e-09 [0.46001478]
0.390 4.00e-09 [0.45562539]
0.410 4.00e-09 [0.44643227]
0.430 4.00e-09 [0.43815696]
0.450 4.00e-09 [0.42895578]
0.470 4.00e-09 [0.42100781]
0.490 4.00e-09 [0.406332]
0.510 4.00e-09 [0.39407356]
0.530 4.00e-09 [0.37644732]
0.220 8.00e-09 [0.27329247]
0.250 8.00e-09 [0.41950682]
0.270 8.00e-09 [0.44836957]
0.290 8.00e-09 [0.46397266]
0.310 8.00e-09 [0.47412969]
0.330 8.00e-09 [0.48054561]
0.350 8.00e-09 [0.48509357]
0.370 8.00e-09 [0.46001478]
0.390 8.00e-09 [0.45562539]
0.410 8.00e-09 [0.44643227]
0.430 8.00e-09 [0.43815696]
0.450 8.00e-09 [0.42895578]
0.470 8.00e-09 [0.42100781]
0.490 8.00e-09 [0.406332]
0.510 8.00e-09 [0.39407356]
0.530 8.00e-09 [0.37644732]
0.220 1.60e-08 [0.27329247]
0.250 1.60e-08 [0.41950682]
0.270 1.60e-08 [0.44836957]
0.290 1.60e-08 [0.46397266]
0.310 1.60e-08 [0.47412969]
0.330 1.60e-08 [0.48054561]
0.350 1.60e-08 [0.48509357]
0.370 1.60e-08 [0.46001478]
0.390 1.60e-08 [0.45562539]
0.410 1.60e-08 [0.44643227]
0.430 1.60e-08 [0.43815696]
0.450 1.60e-08 [0.42895578]
0.470 1.60e-08 [0.42100781]
0.490 1.60e-08 [0.406332]
0.510 1.60e-08 [0.39407356]
0.530 1.60e-08 [0.37644732]
0.220 3.20e-08 [0.27329247]
0.250 3.20e-08 [0.41950682]
0.270 3.20e-08 [0.44836957]
0.290 3.20e-08 [0.46397266]
0.310 3.20e-08 [0.47412969]
0.330 3.20e-08 [0.48054561]
0.350 3.20e-08 [0.48509357]
0.370 3.20e-08 [0.46001478]
0.390 3.20e-08 [0.45562539]
0.410 3.20e-08 [0.44643227]
0.430 3.20e-08 [0.43815696]
0.450 3.20e-08 [0.42895578]
0.470 3.20e-08 [0.42100781]
0.490 3.20e-08 [0.406332]
0.510 3.20e-08 [0.39407356]
0.530 3.20e-08 [0.37644732]
0.220 6.30e-08 [0.27329247]
0.250 6.30e-08 [0.41950682]
0.270 6.30e-08 [0.44836957]
0.290 6.30e-08 [0.46397266]
0.310 6.30e-08 [0.47412969]
0.330 6.30e-08 [0.48054561]
0.350 6.30e-08 [0.48509357]
0.370 6.30e-08 [0.46001478]
0.390 6.30e-08 [0.45562539]
0.410 6.30e-08 [0.44643227]
0.430 6.30e-08 [0.43815696]
0.450 6.30e-08 [0.42895578]
0.470 6.30e-08 [0.42100781]
0.490 6.30e-08 [0.406332]
0.510 6.30e-08 [0.39407356]
0.530 6.30e-08 [0.37644732]
0.220 1.26e-07 [0.27329247]
0.250 1.26e-07 [0.41950682]
0.270 1.26e-07 [0.44836957]
0.290 1.26e-07 [0.46397266]
0.310 1.26e-07 [0.47412969]
0.330 1.26e-07 [0.48054561]
0.350 1.26e-07 [0.48509357]
0.370 1.26e-07 [0.46001478]
0.390 1.26e-07 [0.45562539]
0.410 1.26e-07 [0.44643227]
0.430 1.26e-07 [0.43815696]
0.450 1.26e-07 [0.42895578]
0.470 1.26e-07 [0.42100781]
0.490 1.26e-07 [0.406332]
0.510 1.26e-07 [0.39407356]
0.530 1.26e-07 [0.37644732]
0.220 2.51e-07 [0.27329247]
0.250 2.51e-07 [0.41950682]
0.270 2.51e-07 [0.44836957]
0.290 2.51e-07 [0.46397266]
0.310 2.51e-07 [0.47412969]
0.330 2.51e-07 [0.48054561]
0.350 2.51e-07 [0.48509357]
0.370 2.51e-07 [0.46001478]
0.390 2.51e-07 [0.45562539]
0.410 2.51e-07 [0.44643227]
0.430 2.51e-07 [0.43815696]
0.450 2.51e-07 [0.42895578]
0.470 2.51e-07 [0.42100781]
0.490 2.51e-07 [0.406332]
0.510 2.51e-07 [0.39407356]
0.530 2.51e-07 [0.37644732]
0.220 5.01e-07 [0.27329247]
0.250 5.01e-07 [0.41950682]
0.270 5.01e-07 [0.44836957]
0.290 5.01e-07 [0.46397266]
0.310 5.01e-07 [0.47412969]
0.330 5.01e-07 [0.48054561]
0.350 5.01e-07 [0.48509357]
0.370 5.01e-07 [0.46001478]
0.390 5.01e-07 [0.45562539]
0.410 5.01e-07 [0.44643227]
0.430 5.01e-07 [0.43815696]
0.450 5.01e-07 [0.42895578]
0.470 5.01e-07 [0.42100781]
0.490 5.01e-07 [0.406332]
0.510 5.01e-07 [0.39407356]
0.530 5.01e-07 [0.37644732]
0.220 1.00e-06 [0.27329247]
0.250 1.00e-06 [0.41950682]
0.270 1.00e-06 [0.44836957]
0.290 1.00e-06 [0.46397266]
0.310 1.00e-06 [0.47412969]
0.330 1.00e-06 [0.48054561]
0.350 1.00e-06 [0.48509357]
0.370 1.00e-06 [0.46001478]
0.390 1.00e-06 [0.45562539]
0.410 1.00e-06 [0.44643227]
0.430 1.00e-06 [0.43815696]
0.450 1.00e-06 [0.42895578]
0.470 1.00e-06 [0.42100781]
0.490 1.00e-06 [0.406332]
0.510 1.00e-06 [0.39407356]
0.530 1.00e-06 [0.37644732]
0.220 1.99e-06 [0.27329247]
0.250 1.99e-06 [0.41950682]
0.270 1.99e-06 [0.44836957]
0.290 1.99e-06 [0.46397266]
0.310 1.99e-06 [0.47412969]
0.330 1.99e-06 [0.48054561]
0.350 1.99e-06 [0.48509357]
0.370 1.99e-06 [0.46001478]
0.390 1.99e-06 [0.45562539]
0.410 1.99e-06 [0.44643227]
0.430 1.99e-06 [0.43815696]
0.450 1.99e-06 [0.42895578]
0.470 1.99e-06 [0.42100781]
0.490 1.99e-06 [0.406332]
0.510 1.99e-06 [0.39407356]
0.530 1.99e-06 [0.37644732]
0.220 3.98e-06 [0.27329247]
0.250 3.98e-06 [0.41950682]
0.270 3.98e-06 [0.44836957]
0.290 3.98e-06 [0.46397266]
0.310 3.98e-06 [0.47412969]
0.330 3.98e-06 [0.48054561]
0.350 3.98e-06 [0.48509357]
0.370 3.98e-06 [0.46001478]
0.390 3.98e-06 [0.45562539]
0.410 3.98e-06 [0.44643227]
0.430 3.98e-06 [0.43815696]
0.450 3.98e-06 [0.42895578]
0.470 3.98e-06 [0.42100781]
0.490 3.98e-06 [0.406332]
0.510 3.98e-06 [0.39407356]
0.530 3.98e-06 [0.37644732]
0.220 7.94e-06 [0.27329247]
0.250 7.94e-06 [0.41950682]
0.270 7.94e-06 [0.44836957]
0.290 7.94e-06 [0.46397266]
0.310 7.94e-06 [0.47412969]
0.330 7.94e-06 [0.48054561]
0.350 7.94e-06 [0.48509357]
0.370 7.94e-06 [0.46001478]
0.390 7.94e-06 [0.45562539]
0.410 7.94e-06 [0.44643227]
0.430 7.94e-06 [0.43815696]
0.450 7.94e-06 [0.42895578]
0.470 7.94e-06 [0.42100781]
0.490 7.94e-06 [0.406332]
0.510 7.94e-06 [0.39407356]
0.530 7.94e-06 [0.37644732]
0.220 1.58e-05 [0.27329247]
0.250 1.58e-05 [0.41950682]
0.270 1.58e-05 [0.44836957]
0.290 1.58e-05 [0.46397266]
0.310 1.58e-05 [0.47412969]
0.330 1.58e-05 [0.48054561]
0.350 1.58e-05 [0.48509357]
0.370 1.58e-05 [0.46001478]
0.390 1.58e-05 [0.45562539]
0.410 1.58e-05 [0.44643227]
0.430 1.58e-05 [0.43815696]
0.450 1.58e-05 [0.42895578]
0.470 1.58e-05 [0.42100781]
0.490 1.58e-05 [0.406332]
0.510 1.58e-05 [0.39407356]
0.530 1.58e-05 [0.37644732]
0.220 3.16e-05 [0.27329247]
0.250 3.16e-05 [0.41950682]
0.270 3.16e-05 [0.44836957]
0.290 3.16e-05 [0.46397266]
0.310 3.16e-05 [0.47412969]
0.330 3.16e-05 [0.48054561]
0.350 3.16e-05 [0.48509357]
0.370 3.16e-05 [0.46001478]
0.390 3.16e-05 [0.45562539]
0.410 3.16e-05 [0.44643227]
0.430 3.16e-05 [0.43815696]
0.450 3.16e-05 [0.42895578]
0.470 3.16e-05 [0.42100781]
0.490 3.16e-05 [0.406332]
0.510 3.16e-05 [0.39407356]
0.530 3.16e-05 [0.37644732]
0.220 6.31e-05 [0.27329247]
0.250 6.31e-05 [0.41950682]
0.270 6.31e-05 [0.44836957]
0.290 6.31e-05 [0.46397266]
0.310 6.31e-05 [0.47412969]
0.330 6.31e-05 [0.48054561]
0.350 6.31e-05 [0.48509357]
0.370 6.31e-05 [0.46001478]
0.390 6.31e-05 [0.45562539]
0.410 6.31e-05 [0.44643227]
0.430 6.31e-05 [0.43815696]
0.450 6.31e-05 [0.42895578]
0.470 6.31e-05 [0.42100781]
0.490 6.31e-05 [0.406332]
0.510 6.31e-05 [0.39407356]
0.530 6.31e-05 [0.37644732]
0.220 1.26e-04 [0.27329247]
0.250 1.26e-04 [0.41950682]
0.270 1.26e-04 [0.44836957]
0.290 1.26e-04 [0.46397266]
0.310 1.26e-04 [0.47412969]
0.330 1.26e-04 [0.48054561]
0.350 1.26e-04 [0.48509357]
0.370 1.26e-04 [0.46001478]
0.390 1.26e-04 [0.45562539]
0.410 1.26e-04 [0.44643227]
0.430 1.26e-04 [0.43815696]
0.450 1.26e-04 [0.42895578]
0.470 1.26e-04 [0.42100781]
0.490 1.26e-04 [0.406332]
0.510 1.26e-04 [0.39407356]
0.530 1.26e-04 [0.37644732]
0.220 2.51e-04 [0.27329247]
0.250 2.51e-04 [0.41950682]
0.270 2.51e-04 [0.44836957]
0.290 2.51e-04 [0.46397266]
0.310 2.51e-04 [0.47412969]
0.330 2.51e-04 [0.48054561]
0.350 2.51e-04 [0.48509357]
0.370 2.51e-04 [0.46001478]
0.390 2.51e-04 [0.45562539]
0.410 2.51e-04 [0.44643227]
0.430 2.51e-04 [0.43815696]
0.450 2.51e-04 [0.42895578]
0.470 2.51e-04 [0.42100781]
0.490 2.51e-04 [0.406332]
0.510 2.51e-04 [0.39407356]
0.530 2.51e-04 [0.37644732]
0.220 5.01e-04 [0.27329247]
0.250 5.01e-04 [0.41950682]
0.270 5.01e-04 [0.44836957]
0.290 5.01e-04 [0.46397266]
0.310 5.01e-04 [0.47412969]
0.330 5.01e-04 [0.48054561]
0.350 5.01e-04 [0.48509357]
0.370 5.01e-04 [0.46001478]
0.390 5.01e-04 [0.45562539]
0.410 5.01e-04 [0.44643227]
0.430 5.01e-04 [0.43815696]
0.450 5.01e-04 [0.42895578]
0.470 5.01e-04 [0.42100781]
0.490 5.01e-04 [0.406332]
0.510 5.01e-04 [0.39407356]
0.530 5.01e-04 [0.37644732]
0.220 1.00e-03 [0.27329247]
0.250 1.00e-03 [0.41950682]
0.270 1.00e-03 [0.44836957]
0.290 1.00e-03 [0.46397266]
0.310 1.00e-03 [0.47412969]
0.330 1.00e-03 [0.48054561]
0.350 1.00e-03 [0.48509357]
0.370 1.00e-03 [0.46001478]
0.390 1.00e-03 [0.45562539]
0.410 1.00e-03 [0.44643227]
0.430 1.00e-03 [0.43815696]
0.450 1.00e-03 [0.42895578]
0.470 1.00e-03 [0.42100781]
0.490 1.00e-03 [0.406332]
0.510 1.00e-03 [0.39407356]
0.530 1.00e-03 [0.37644732]
0.220 1.00e-09 [0.27329247]
0.250 1.00e-09 [0.41950682]
0.270 1.00e-09 [0.44836957]
0.290 1.00e-09 [0.46397266]
0.310 1.00e-09 [0.47412969]
0.330 1.00e-09 [0.48054561]
0.350 1.00e-09 [0.48509357]
0.370 1.00e-09 [0.46001478]
0.390 1.00e-09 [0.45562539]
0.410 1.00e-09 [0.44643227]
0.430 1.00e-09 [0.43815696]
0.450 1.00e-09 [0.42895578]
0.470 1.00e-09 [0.42100781]
0.490 1.00e-09 [0.406332]
0.510 1.00e-09 [0.39407356]
0.530 1.00e-09 [0.37644732]
0.220 2.00e-09 [0.27329247]
0.250 2.00e-09 [0.41950682]
0.270 2.00e-09 [0.44836957]
0.290 2.00e-09 [0.46397266]
0.310 2.00e-09 [0.47412969]
0.330 2.00e-09 [0.48054561]
0.350 2.00e-09 [0.48509357]
0.370 2.00e-09 [0.46001478]
0.390 2.00e-09 [0.45562539]
0.410 2.00e-09 [0.44643227]
0.430 2.00e-09 [0.43815696]
0.450 2.00e-09 [0.42895578]
0.470 2.00e-09 [0.42100781]
0.490 2.00e-09 [0.406332]
0.510 2.00e-09 [0.39407356]
0.530 2.00e-09 [0.37644732]
0.220 4.00e-09 [0.27329247]
0.250 4.00e-09 [0.41950682]
0.270 4.00e-09 [0.44836957]
0.290 4.00e-09 [0.46397266]
0.310 4.00e-09 [0.47412969]
0.330 4.00e-09 [0.48054561]
0.350 4.00e-09 [0.48509357]
0.370 4.00e-09 [0.46001478]
0.390 4.00e-09 [0.45562539]
0.410 4.00e-09 [0.44643227]
0.430 4.00e-09 [0.43815696]
0.450 4.00e-09 [0.42895578]
0.470 4.00e-09 [0.42100781]
0.490 4.00e-09 [0.406332]
0.510 4.00e-09 [0.39407356]
0.530 4.00e-09 [0.37644732]
0.220 8.00e-09 [0.27329247]
0.250 8.00e-09 [0.41950682]
0.270 8.00e-09 [0.44836957]
0.290 8.00e-09 [0.46397266]
0.310 8.00e-09 [0.47412969]
0.330 8.00e-09 [0.48054561]
0.350 8.00e-09 [0.48509357]
0.370 8.00e-09 [0.46001478]
0.390 8.00e-09 [0.45562539]
0.410 8.00e-09 [0.44643227]
0.430 8.00e-09 [0.43815696]
0.450 8.00e-09 [0.42895578]
0.470 8.00e-09 [0.42100781]
0.490 8.00e-09 [0.406332]
0.510 8.00e-09 [0.39407356]
0.530 8.00e-09 [0.37644732]
0.220 1.60e-08 [0.27329247]
0.250 1.60e-08 [0.41950682]
0.270 1.60e-08 [0.44836957]
0.290 1.60e-08 [0.46397266]
0.310 1.60e-08 [0.47412969]
0.330 1.60e-08 [0.48054561]
0.350 1.60e-08 [0.48509357]
0.370 1.60e-08 [0.46001478]
0.390 1.60e-08 [0.45562539]
0.410 1.60e-08 [0.44643227]
0.430 1.60e-08 [0.43815696]
0.450 1.60e-08 [0.42895578]
0.470 1.60e-08 [0.42100781]
0.490 1.60e-08 [0.406332]
0.510 1.60e-08 [0.39407356]
0.530 1.60e-08 [0.37644732]
0.220 3.20e-08 [0.27329247]
0.250 3.20e-08 [0.41950682]
0.270 3.20e-08 [0.44836957]
0.290 3.20e-08 [0.46397266]
0.310 3.20e-08 [0.47412969]
0.330 3.20e-08 [0.48054561]
0.350 3.20e-08 [0.48509357]
0.370 3.20e-08 [0.46001478]
0.390 3.20e-08 [0.45562539]
0.410 3.20e-08 [0.44643227]
0.430 3.20e-08 [0.43815696]
0.450 3.20e-08 [0.42895578]
0.470 3.20e-08 [0.42100781]
0.490 3.20e-08 [0.406332]
0.510 3.20e-08 [0.39407356]
0.530 3.20e-08 [0.37644732]
0.220 6.30e-08 [0.27329247]
0.250 6.30e-08 [0.41950682]
0.270 6.30e-08 [0.44836957]
0.290 6.30e-08 [0.46397266]
0.310 6.30e-08 [0.47412969]
0.330 6.30e-08 [0.48054561]
0.350 6.30e-08 [0.48509357]
0.370 6.30e-08 [0.46001478]
0.390 6.30e-08 [0.45562539]
0.410 6.30e-08 [0.44643227]
0.430 6.30e-08 [0.43815696]
0.450 6.30e-08 [0.42895578]
0.470 6.30e-08 [0.42100781]
0.490 6.30e-08 [0.406332]
0.510 6.30e-08 [0.39407356]
0.530 6.30e-08 [0.37644732]
0.220 1.26e-07 [0.27329247]
0.250 1.26e-07 [0.41950682]
0.270 1.26e-07 [0.44836957]
0.290 1.26e-07 [0.46397266]
0.310 1.26e-07 [0.47412969]
0.330 1.26e-07 [0.48054561]
0.350 1.26e-07 [0.48509357]
0.370 1.26e-07 [0.46001478]
0.390 1.26e-07 [0.45562539]
0.410 1.26e-07 [0.44643227]
0.430 1.26e-07 [0.43815696]
0.450 1.26e-07 [0.42895578]
0.470 1.26e-07 [0.42100781]
0.490 1.26e-07 [0.406332]
0.510 1.26e-07 [0.39407356]
0.530 1.26e-07 [0.37644732]
0.220 2.51e-07 [0.27329247]
0.250 2.51e-07 [0.41950682]
0.270 2.51e-07 [0.44836957]
0.290 2.51e-07 [0.46397266]
0.310 2.51e-07 [0.47412969]
0.330 2.51e-07 [0.48054561]
0.350 2.51e-07 [0.48509357]
0.370 2.51e-07 [0.46001478]
0.390 2.51e-07 [0.45562539]
0.410 2.51e-07 [0.44643227]
0.430 2.51e-07 [0.43815696]
0.450 2.51e-07 [0.42895578]
0.470 2.51e-07 [0.42100781]
0.490 2.51e-07 [0.406332]
0.510 2.51e-07 [0.39407356]
0.530 2.51e-07 [0.37644732]
0.220 5.01e-07 [0.27329247]
0.250 5.01e-07 [0.41950682]
0.270 5.01e-07 [0.44836957]
0.290 5.01e-07 [0.46397266]
0.310 5.01e-07 [0.47412969]
0.330 5.01e-07 [0.48054561]
0.350 5.01e-07 [0.48509357]
0.370 5.01e-07 [0.46001478]
0.390 5.01e-07 [0.45562539]
0.410 5.01e-07 [0.44643227]
0.430 5.01e-07 [0.43815696]
0.450 5.01e-07 [0.42895578]
0.470 5.01e-07 [0.42100781]
0.490 5.01e-07 [0.406332]
0.510 5.01e-07 [0.39407356]
0.530 5.01e-07 [0.37644732]
0.220 1.00e-06 [0.27329247]
0.250 1.00e-06 [0.41950682]
0.270 1.00e-06 [0.44836957]
0.290 1.00e-06 [0.46397266]
0.310 1.00e-06 [0.47412969]
0.330 1.00e-06 [0.48054561]
0.350 1.00e-06 [0.48509357]
0.370 1.00e-06 [0.46001478]
0.390 1.00e-06 [0.45562539]
0.410 1.00e-06 [0.44643227]
0.430 1.00e-06 [0.43815696]
0.450 1.00e-06 [0.42895578]
0.470 1.00e-06 [0.42100781]
0.490 1.00e-06 [0.406332]
0.510 1.00e-06 [0.39407356]
0.530 1.00e-06 [0.37644732]
0.220 1.99e-06 [0.27329247]
0.250 1.99e-06 [0.41950682]
0.270 1.99e-06 [0.44836957]
0.290 1.99e-06 [0.46397266]
0.310 1.99e-06 [0.47412969]
0.330 1.99e-06 [0.48054561]
0.350 1.99e-06 [0.48509357]
0.370 1.99e-06 [0.46001478]
0.390 1.99e-06 [0.45562539]
0.410 1.99e-06 [0.44643227]
0.430 1.99e-06 [0.43815696]
0.450 1.99e-06 [0.42895578]
0.470 1.99e-06 [0.42100781]
0.490 1.99e-06 [0.406332]
0.510 1.99e-06 [0.39407356]
0.530 1.99e-06 [0.37644732]
0.220 3.98e-06 [0.27329247]
0.250 3.98e-06 [0.41950682]
0.270 3.98e-06 [0.44836957]
0.290 3.98e-06 [0.46397266]
0.310 3.98e-06 [0.47412969]
0.330 3.98e-06 [0.48054561]
0.350 3.98e-06 [0.48509357]
0.370 3.98e-06 [0.46001478]
0.390 3.98e-06 [0.45562539]
0.410 3.98e-06 [0.44643227]
0.430 3.98e-06 [0.43815696]
0.450 3.98e-06 [0.42895578]
0.470 3.98e-06 [0.42100781]
0.490 3.98e-06 [0.406332]
0.510 3.98e-06 [0.39407356]
0.530 3.98e-06 [0.37644732]
0.220 7.94e-06 [0.27329247]
0.250 7.94e-06 [0.41950682]
0.270 7.94e-06 [0.44836957]
0.290 7.94e-06 [0.46397266]
0.310 7.94e-06 [0.47412969]
0.330 7.94e-06 [0.48054561]
0.350 7.94e-06 [0.48509357]
0.370 7.94e-06 [0.46001478]
0.390 7.94e-06 [0.45562539]
0.410 7.94e-06 [0.44643227]
0.430 7.94e-06 [0.43815696]
0.450 7.94e-06 [0.42895578]
0.470 7.94e-06 [0.42100781]
0.490 7.94e-06 [0.406332]
0.510 7.94e-06 [0.39407356]
0.530 7.94e-06 [0.37644732]
0.220 1.58e-05 [0.27329247]
0.250 1.58e-05 [0.41950682]
0.270 1.58e-05 [0.44836957]
0.290 1.58e-05 [0.46397266]
0.310 1.58e-05 [0.47412969]
0.330 1.58e-05 [0.48054561]
0.350 1.58e-05 [0.48509357]
0.370 1.58e-05 [0.46001478]
0.390 1.58e-05 [0.45562539]
0.410 1.58e-05 [0.44643227]
0.430 1.58e-05 [0.43815696]
0.450 1.58e-05 [0.42895578]
0.470 1.58e-05 [0.42100781]
0.490 1.58e-05 [0.406332]
0.510 1.58e-05 [0.39407356]
0.530 1.58e-05 [0.37644732]
0.220 3.16e-05 [0.27329247]
0.250 3.16e-05 [0.41950682]
0.270 3.16e-05 [0.44836957]
0.290 3.16e-05 [0.46397266]
0.310 3.16e-05 [0.47412969]
0.330 3.16e-05 [0.48054561]
0.350 3.16e-05 [0.48509357]
0.370 3.16e-05 [0.46001478]
0.390 3.16e-05 [0.45562539]
0.410 3.16e-05 [0.44643227]
0.430 3.16e-05 [0.43815696]
0.450 3.16e-05 [0.42895578]
0.470 3.16e-05 [0.42100781]
0.490 3.16e-05 [0.406332]
0.510 3.16e-05 [0.39407356]
0.530 3.16e-05 [0.37644732]
0.220 6.31e-05 [0.27329247]
0.250 6.31e-05 [0.41950682]
0.270 6.31e-05 [0.44836957]
0.290 6.31e-05 [0.46397266]
0.310 6.31e-05 [0.47412969]
0.330 6.31e-05 [0.48054561]
0.350 6.31e-05 [0.48509357]
0.370 6.31e-05 [0.46001478]
0.390 6.31e-05 [0.45562539]
0.410 6.31e-05 [0.44643227]
0.430 6.31e-05 [0.43815696]
0.450 6.31e-05 [0.42895578]
0.470 6.31e-05 [0.42100781]
0.490 6.31e-05 [0.406332]
0.510 6.31e-05 [0.39407356]
0.530 6.31e-05 [0.37644732]
0.220 1.26e-04 [0.27329247]
0.250 1.26e-04 [0.41950682]
0.270 1.26e-04 [0.44836957]
0.290 1.26e-04 [0.46397266]
0.310 1.26e-04 [0.47412969]
0.330 1.26e-04 [0.48054561]
0.350 1.26e-04 [0.48509357]
0.370 1.26e-04 [0.46001478]
0.390 1.26e-04 [0.45562539]
0.410 1.26e-04 [0.44643227]
0.430 1.26e-04 [0.43815696]
0.450 1.26e-04 [0.42895578]
0.470 1.26e-04 [0.42100781]
0.490 1.26e-04 [0.406332]
0.510 1.26e-04 [0.39407356]
0.530 1.26e-04 [0.37644732]
0.220 2.51e-04 [0.27329247]
0.250 2.51e-04 [0.41950682]
0.270 2.51e-04 [0.44836957]
0.290 2.51e-04 [0.46397266]
0.310 2.51e-04 [0.47412969]
0.330 2.51e-04 [0.48054561]
0.350 2.51e-04 [0.48509357]
0.370 2.51e-04 [0.46001478]
0.390 2.51e-04 [0.45562539]
0.410 2.51e-04 [0.44643227]
0.430 2.51e-04 [0.43815696]
0.450 2.51e-04 [0.42895578]
0.470 2.51e-04 [0.42100781]
0.490 2.51e-04 [0.406332]
0.510 2.51e-04 [0.39407356]
0.530 2.51e-04 [0.37644732]
0.220 5.01e-04 [0.27329247]
0.250 5.01e-04 [0.41950682]
0.270 5.01e-04 [0.44836957]
0.290 5.01e-04 [0.46397266]
0.310 5.01e-04 [0.47412969]
0.330 5.01e-04 [0.48054561]
0.350 5.01e-04 [0.48509357]
0.370 5.01e-04 [0.46001478]
0.390 5.01e-04 [0.45562539]
0.410 5.01e-04 [0.44643227]
0.430 5.01e-04 [0.43815696]
0.450 5.01e-04 [0.42895578]
0.470 5.01e-04 [0.42100781]
0.490 5.01e-04 [0.406332]
0.510 5.01e-04 [0.39407356]
0.530 5.01e-04 [0.37644732]
0.220 1.00e-03 [0.27329247]
0.250 1.00e-03 [0.41950682]
0.270 1.00e-03 [0.44836957]
0.290 1.00e-03 [0.46397266]
0.310 1.00e-03 [0.47412969]
0.330 1.00e-03 [0.48054561]
0.350 1.00e-03 [0.48509357]
0.370 1.00e-03 [0.46001478]
0.390 1.00e-03 [0.45562539]
0.410 1.00e-03 [0.44643227]
0.430 1.00e-03 [0.43815696]
0.450 1.00e-03 [0.42895578]
0.470 1.00e-03 [0.42100781]
0.490 1.00e-03 [0.406332]
0.510 1.00e-03 [0.39407356]
0.530 1.00e-03 [0.37644732]
0.220 1.00e-09 [0.27329247]
0.250 1.00e-09 [0.41950682]
0.270 1.00e-09 [0.44836957]
0.290 1.00e-09 [0.46397266]
0.310 1.00e-09 [0.47412969]
0.330 1.00e-09 [0.48054561]
0.350 1.00e-09 [0.48509357]
0.370 1.00e-09 [0.46001478]
0.390 1.00e-09 [0.45562539]
0.410 1.00e-09 [0.44643227]
0.430 1.00e-09 [0.43815696]
0.450 1.00e-09 [0.42895578]
0.470 1.00e-09 [0.42100781]
0.490 1.00e-09 [0.406332]
0.510 1.00e-09 [0.39407356]
0.530 1.00e-09 [0.37644732]
0.220 2.00e-09 [0.27329247]
0.250 2.00e-09 [0.41950682]
0.270 2.00e-09 [0.44836957]
0.290 2.00e-09 [0.46397266]
0.310 2.00e-09 [0.47412969]
0.330 2.00e-09 [0.48054561]
0.350 2.00e-09 [0.48509357]
0.370 2.00e-09 [0.46001478]
0.390 2.00e-09 [0.45562539]
0.410 2.00e-09 [0.44643227]
0.430 2.00e-09 [0.43815696]
0.450 2.00e-09 [0.42895578]
0.470 2.00e-09 [0.42100781]
0.490 2.00e-09 [0.406332]
0.510 2.00e-09 [0.39407356]
0.530 2.00e-09 [0.37644732]
0.220 4.00e-09 [0.27329247]
0.250 4.00e-09 [0.41950682]
0.270 4.00e-09 [0.44836957]
0.290 4.00e-09 [0.46397266]
0.310 4.00e-09 [0.47412969]
0.330 4.00e-09 [0.48054561]
0.350 4.00e-09 [0.48509357]
0.370 4.00e-09 [0.46001478]
0.390 4.00e-09 [0.45562539]
0.410 4.00e-09 [0.44643227]
0.430 4.00e-09 [0.43815696]
0.450 4.00e-09 [0.42895578]
0.470 4.00e-09 [0.42100781]
0.490 4.00e-09 [0.406332]
0.510 4.00e-09 [0.39407356]
0.530 4.00e-09 [0.37644732]
0.220 8.00e-09 [0.27329247]
0.250 8.00e-09 [0.41950682]
0.270 8.00e-09 [0.44836957]
0.290 8.00e-09 [0.46397266]
0.310 8.00e-09 [0.47412969]
0.330 8.00e-09 [0.48054561]
0.350 8.00e-09 [0.48509357]
0.370 8.00e-09 [0.46001478]
0.390 8.00e-09 [0.45562539]
0.410 8.00e-09 [0.44643227]
0.430 8.00e-09 [0.43815696]
0.450 8.00e-09 [0.42895578]
0.470 8.00e-09 [0.42100781]
0.490 8.00e-09 [0.406332]
0.510 8.00e-09 [0.39407356]
0.530 8.00e-09 [0.37644732]
0.220 1.60e-08 [0.27329247]
0.250 1.60e-08 [0.41950682]
0.270 1.60e-08 [0.44836957]
0.290 1.60e-08 [0.46397266]
0.310 1.60e-08 [0.47412969]
0.330 1.60e-08 [0.48054561]
0.350 1.60e-08 [0.48509357]
0.370 1.60e-08 [0.46001478]
0.390 1.60e-08 [0.45562539]
0.410 1.60e-08 [0.44643227]
0.430 1.60e-08 [0.43815696]
0.450 1.60e-08 [0.42895578]
0.470 1.60e-08 [0.42100781]
0.490 1.60e-08 [0.406332]
0.510 1.60e-08 [0.39407356]
0.530 1.60e-08 [0.37644732]
0.220 3.20e-08 [0.27329247]
0.250 3.20e-08 [0.41950682]
0.270 3.20e-08 [0.44836957]
0.290 3.20e-08 [0.46397266]
0.310 3.20e-08 [0.47412969]
0.330 3.20e-08 [0.48054561]
0.350 3.20e-08 [0.48509357]
0.370 3.20e-08 [0.46001478]
0.390 3.20e-08 [0.45562539]
0.410 3.20e-08 [0.44643227]
0.430 3.20e-08 [0.43815696]
0.450 3.20e-08 [0.42895578]
0.470 3.20e-08 [0.42100781]
0.490 3.20e-08 [0.406332]
0.510 3.20e-08 [0.39407356]
0.530 3.20e-08 [0.37644732]
0.220 6.30e-08 [0.27329247]
0.250 6.30e-08 [0.41950682]
0.270 6.30e-08 [0.44836957]
0.290 6.30e-08 [0.46397266]
0.310 6.30e-08 [0.47412969]
0.330 6.30e-08 [0.48054561]
0.350 6.30e-08 [0.48509357]
0.370 6.30e-08 [0.46001478]
0.390 6.30e-08 [0.45562539]
0.410 6.30e-08 [0.44643227]
0.430 6.30e-08 [0.43815696]
0.450 6.30e-08 [0.42895578]
0.470 6.30e-08 [0.42100781]
0.490 6.30e-08 [0.406332]
0.510 6.30e-08 [0.39407356]
0.530 6.30e-08 [0.37644732]
0.220 1.26e-07 [0.27329247]
0.250 1.26e-07 [0.41950682]
0.270 1.26e-07 [0.44836957]
0.290 1.26e-07 [0.46397266]
0.310 1.26e-07 [0.47412969]
0.330 1.26e-07 [0.48054561]
0.350 1.26e-07 [0.48509357]
0.370 1.26e-07 [0.46001478]
0.390 1.26e-07 [0.45562539]
0.410 1.26e-07 [0.44643227]
0.430 1.26e-07 [0.43815696]
0.450 1.26e-07 [0.42895578]
0.470 1.26e-07 [0.42100781]
0.490 1.26e-07 [0.406332]
0.510 1.26e-07 [0.39407356]
0.530 1.26e-07 [0.37644732]
0.220 2.51e-07 [0.27329247]
0.250 2.51e-07 [0.41950682]
0.270 2.51e-07 [0.44836957]
0.290 2.51e-07 [0.46397266]
0.310 2.51e-07 [0.47412969]
0.330 2.51e-07 [0.48054561]
0.350 2.51e-07 [0.48509357]
0.370 2.51e-07 [0.46001478]
0.390 2.51e-07 [0.45562539]
0.410 2.51e-07 [0.44643227]
0.430 2.51e-07 [0.43815696]
0.450 2.51e-07 [0.42895578]
0.470 2.51e-07 [0.42100781]
0.490 2.51e-07 [0.406332]
0.510 2.51e-07 [0.39407356]
0.530 2.51e-07 [0.37644732]
0.220 5.01e-07 [0.27329247]
0.250 5.01e-07 [0.41950682]
0.270 5.01e-07 [0.44836957]
0.290 5.01e-07 [0.46397266]
0.310 5.01e-07 [0.47412969]
0.330 5.01e-07 [0.48054561]
0.350 5.01e-07 [0.48509357]
0.370 5.01e-07 [0.46001478]
0.390 5.01e-07 [0.45562539]
0.410 5.01e-07 [0.44643227]
0.430 5.01e-07 [0.43815696]
0.450 5.01e-07 [0.42895578]
0.470 5.01e-07 [0.42100781]
0.490 5.01e-07 [0.406332]
0.510 5.01e-07 [0.39407356]
0.530 5.01e-07 [0.37644732]
0.220 1.00e-06 [0.27329247]
0.250 1.00e-06 [0.41950682]
0.270 1.00e-06 [0.44836957]
0.290 1.00e-06 [0.46397266]
0.310 1.00e-06 [0.47412969]
0.330 1.00e-06 [0.48054561]
0.350 1.00e-06 [0.48509357]
0.370 1.00e-06 [0.46001478]
0.390 1.00e-06 [0.45562539]
0.410 1.00e-06 [0.44643227]
0.430 1.00e-06 [0.43815696]
0.450 1.00e-06 [0.42895578]
0.470 1.00e-06 [0.42100781]
0.490 1.00e-06 [0.406332]
0.510 1.00e-06 [0.39407356]
0.530 1.00e-06 [0.37644732]
0.220 1.99e-06 [0.27329247]
0.250 1.99e-06 [0.41950682]
0.270 1.99e-06 [0.44836957]
0.290 1.99e-06 [0.46397266]
0.310 1.99e-06 [0.47412969]
0.330 1.99e-06 [0.48054561]
0.350 1.99e-06 [0.48509357]
0.370 1.99e-06 [0.46001478]
0.390 1.99e-06 [0.45562539]
0.410 1.99e-06 [0.44643227]
0.430 1.99e-06 [0.43815696]
0.450 1.99e-06 [0.42895578]
0.470 1.99e-06 [0.42100781]
0.490 1.99e-06 [0.406332]
0.510 1.99e-06 [0.39407356]
0.530 1.99e-06 [0.37644732]
0.220 3.98e-06 [0.27329247]
0.250 3.98e-06 [0.41950682]
0.270 3.98e-06 [0.44836957]
0.290 3.98e-06 [0.46397266]
0.310 3.98e-06 [0.47412969]
0.330 3.98e-06 [0.48054561]
0.350 3.98e-06 [0.48509357]
0.370 3.98e-06 [0.46001478]
0.390 3.98e-06 [0.45562539]
0.410 3.98e-06 [0.44643227]
0.430 3.98e-06 [0.43815696]
0.450 3.98e-06 [0.42895578]
0.470 3.98e-06 [0.42100781]
0.490 3.98e-06 [0.406332]
0.510 3.98e-06 [0.39407356]
0.530 3.98e-06 [0.37644732]
0.220 7.94e-06 [0.27329247]
0.250 7.94e-06 [0.41950682]
0.270 7.94e-06 [0.44836957]
0.290 7.94e-06 [0.46397266]
0.310 7.94e-06 [0.47412969]
0.330 7.94e-06 [0.48054561]
0.350 7.94e-06 [0.48509357]
0.370 7.94e-06 [0.46001478]
0.390 7.94e-06 [0.45562539]
0.410 7.94e-06 [0.44643227]
0.430 7.94e-06 [0.43815696]
0.450 7.94e-06 [0.42895578]
0.470 7.94e-06 [0.42100781]
0.490 7.94e-06 [0.406332]
0.510 7.94e-06 [0.39407356]
0.530 7.94e-06 [0.37644732]
0.220 1.58e-05 [0.27329247]
0.250 1.58e-05 [0.41950682]
0.270 1.58e-05 [0.44836957]
0.290 1.58e-05 [0.46397266]
0.310 1.58e-05 [0.47412969]
0.330 1.58e-05 [0.48054561]
0.350 1.58e-05 [0.48509357]
0.370 1.58e-05 [0.46001478]
0.390 1.58e-05 [0.45562539]
0.410 1.58e-05 [0.44643227]
0.430 1.58e-05 [0.43815696]
0.450 1.58e-05 [0.42895578]
0.470 1.58e-05 [0.42100781]
0.490 1.58e-05 [0.406332]
0.510 1.58e-05 [0.39407356]
0.530 1.58e-05 [0.37644732]
0.220 3.16e-05 [0.27329247]
0.250 3.16e-05 [0.41950682]
0.270 3.16e-05 [0.44836957]
0.290 3.16e-05 [0.46397266]
0.310 3.16e-05 [0.47412969]
0.330 3.16e-05 [0.48054561]
0.350 3.16e-05 [0.48509357]
0.370 3.16e-05 [0.46001478]
0.390 3.16e-05 [0.45562539]
0.410 3.16e-05 [0.44643227]
0.430 3.16e-05 [0.43815696]
0.450 3.16e-05 [0.42895578]
0.470 3.16e-05 [0.42100781]
0.490 3.16e-05 [0.406332]
0.510 3.16e-05 [0.39407356]
0.530 3.16e-05 [0.37644732]
0.220 6.31e-05 [0.27329247]
0.250 6.31e-05 [0.41950682]
0.270 6.31e-05 [0.44836957]
0.290 6.31e-05 [0.46397266]
0.310 6.31e-05 [0.47412969]
0.330 6.31e-05 [0.48054561]
0.350 6.31e-05 [0.48509357]
0.370 6.31e-05 [0.46001478]
0.390 6.31e-05 [0.45562539]
0.410 6.31e-05 [0.44643227]
0.430 6.31e-05 [0.43815696]
0.450 6.31e-05 [0.42895578]
0.470 6.31e-05 [0.42100781]
0.490 6.31e-05 [0.406332]
0.510 6.31e-05 [0.39407356]
0.530 6.31e-05 [0.37644732]
0.220 1.26e-04 [0.27329247]
0.250 1.26e-04 [0.41950682]
0.270 1.26e-04 [0.44836957]
0.290 1.26e-04 [0.46397266]
0.310 1.26e-04 [0.47412969]
0.330 1.26e-04 [0.48054561]
0.350 1.26e-04 [0.48509357]
0.370 1.26e-04 [0.46001478]
0.390 1.26e-04 [0.45562539]
0.410 1.26e-04 [0.44643227]
0.430 1.26e-04 [0.43815696]
0.450 1.26e-04 [0.42895578]
0.470 1.26e-04 [0.42100781]
0.490 1.26e-04 [0.406332]
0.510 1.26e-04 [0.39407356]
0.530 1.26e-04 [0.37644732]
0.220 2.51e-04 [0.27329247]
0.250 2.51e-04 [0.41950682]
0.270 2.51e-04 [0.44836957]
0.290 2.51e-04 [0.46397266]
0.310 2.51e-04 [0.47412969]
0.330 2.51e-04 [0.48054561]
0.350 2.51e-04 [0.48509357]
0.370 2.51e-04 [0.46001478]
0.390 2.51e-04 [0.45562539]
0.410 2.51e-04 [0.44643227]
0.430 2.51e-04 [0.43815696]
0.450 2.51e-04 [0.42895578]
0.470 2.51e-04 [0.42100781]
0.490 2.51e-04 [0.406332]
0.510 2.51e-04 [0.39407356]
0.530 2.51e-04 [0.37644732]
0.220 5.01e-04 [0.27329247]
0.250 5.01e-04 [0.41950682]
0.270 5.01e-04 [0.44836957]
0.290 5.01e-04 [0.46397266]
0.310 5.01e-04 [0.47412969]
0.330 5.01e-04 [0.48054561]
0.350 5.01e-04 [0.48509357]
0.370 5.01e-04 [0.46001478]
0.390 5.01e-04 [0.45562539]
0.410 5.01e-04 [0.44643227]
0.430 5.01e-04 [0.43815696]
0.450 5.01e-04 [0.42895578]
0.470 5.01e-04 [0.42100781]
0.490 5.01e-04 [0.406332]
0.510 5.01e-04 [0.39407356]
0.530 5.01e-04 [0.37644732]
0.220 1.00e-03 [0.27329247]
0.250 1.00e-03 [0.41950682]
0.270 1.00e-03 [0.44836957]
0.290 1.00e-03 [0.46397266]
0.310 1.00e-03 [0.47412969]
0.330 1.00e-03 [0.48054561]
0.350 1.00e-03 [0.48509357]
0.370 1.00e-03 [0.46001478]
0.390 1.00e-03 [0.45562539]
0.410 1.00e-03 [0.44643227]
0.430 1.00e-03 [0.43815696]
0.450 1.00e-03 [0.42895578]
0.470 1.00e-03 [0.42100781]
0.490 1.00e-03 [0.406332]
0.510 1.00e-03 [0.39407356]
0.530 1.00e-03 [0.37644732]
