0.001 1.00e-09 [1.]
0.002 1.00e-09 [1.]
0.003 1.00e-09 [1.]
0.004 1.00e-09 [1.]
0.005 1.00e-09 [1.]
0.007 1.00e-09 [1.]
0.010 1.00e-09 [1.]
0.020 1.00e-09 [1.]
0.040 1.00e-09 [1.]
0.060 1.00e-09 [1.]
0.080 1.00e-09 [1.]
0.100 1.00e-09 [1.]
0.120 1.00e-09 [1.]
0.140 1.00e-09 [1.]
0.160 1.00e-09 [1.]
0.180 1.00e-09 [1.]
0.200 1.00e-09 [1.]
0.220 1.00e-09 [0.72670753]
0.250 1.00e-09 [0.58049318]
0.270 1.00e-09 [0.55163043]
0.290 1.00e-09 [0.53602734]
0.310 1.00e-09 [0.52587031]
0.330 1.00e-09 [0.51945439]
0.350 1.00e-09 [0.51490643]
0.370 1.00e-09 [0.48194158]
0.390 1.00e-09 [0.47271274]
0.410 1.00e-09 [0.45990944]
0.430 1.00e-09 [0.44893058]
0.450 1.00e-09 [0.43763505]
0.470 1.00e-09 [0.42808491]
0.490 1.00e-09 [0.41204836]
0.510 1.00e-09 [0.39877674]
0.530 1.00e-09 [0.38028828]
0.001 2.00e-09 [1.]
0.002 2.00e-09 [1.]
0.003 2.00e-09 [1.]
0.004 2.00e-09 [1.]
0.005 2.00e-09 [1.]
0.007 2.00e-09 [1.]
0.010 2.00e-09 [1.]
0.020 2.00e-09 [1.]
0.040 2.00e-09 [1.]
0.060 2.00e-09 [1.]
0.080 2.00e-09 [1.]
0.100 2.00e-09 [1.]
0.120 2.00e-09 [1.]
0.140 2.00e-09 [1.]
0.160 2.00e-09 [1.]
0.180 2.00e-09 [1.]
0.200 2.00e-09 [1.]
0.220 2.00e-09 [0.72670753]
0.250 2.00e-09 [0.58049318]
0.270 2.00e-09 [0.55163043]
0.290 2.00e-09 [0.53602734]
0.310 2.00e-09 [0.52587031]
0.330 2.00e-09 [0.51945439]
0.350 2.00e-09 [0.51490643]
0.370 2.00e-09 [0.48194158]
0.390 2.00e-09 [0.47271274]
0.410 2.00e-09 [0.45990944]
0.430 2.00e-09 [0.44893058]
0.450 2.00e-09 [0.43763505]
0.470 2.00e-09 [0.42808491]
0.490 2.00e-09 [0.41204836]
0.510 2.00e-09 [0.39877674]
0.530 2.00e-09 [0.38028828]
0.001 4.00e-09 [1.]
0.002 4.00e-09 [1.]
0.003 4.00e-09 [1.]
0.004 4.00e-09 [1.]
0.005 4.00e-09 [1.]
0.007 4.00e-09 [1.]
0.010 4.00e-09 [1.]
0.020 4.00e-09 [1.]
0.040 4.00e-09 [1.]
0.060 4.00e-09 [1.]
0.080 4.00e-09 [1.]
0.100 4.00e-09 [1.]
0.120 4.00e-09 [1.]
0.140 4.00e-09 [1.]
0.160 4.00e-09 [1.]
0.180 4.00e-09 [1.]
0.200 4.00e-09 [1.]
0.220 4.00e-09 [0.72670753]
0.250 4.00e-09 [0.58049318]
0.270 4.00e-09 [0.55163043]
0.290 4.00e-09 [0.53602734]
0.310 4.00e-09 [0.52587031]
0.330 4.00e-09 [0.51945439]
0.350 4.00e-09 [0.51490643]
0.370 4.00e-09 [0.48194158]
0.390 4.00e-09 [0.47271274]
0.410 4.00e-09 [0.45990944]
0.430 4.00e-09 [0.44893058]
0.450 4.00e-09 [0.43763505]
0.470 4.00e-09 [0.42808491]
0.490 4.00e-09 [0.41204836]
0.510 4.00e-09 [0.39877674]
0.530 4.00e-09 [0.38028828]
0.001 8.00e-09 [1.]
0.002 8.00e-09 [1.]
0.003 8.00e-09 [1.]
0.004 8.00e-09 [1.]
0.005 8.00e-09 [1.]
0.007 8.00e-09 [1.]
0.010 8.00e-09 [1.]
0.020 8.00e-09 [1.]
0.040 8.00e-09 [1.]
0.060 8.00e-09 [1.]
0.080 8.00e-09 [1.]
0.100 8.00e-09 [1.]
0.120 8.00e-09 [1.]
0.140 8.00e-09 [1.]
0.160 8.00e-09 [1.]
0.180 8.00e-09 [1.]
0.200 8.00e-09 [1.]
0.220 8.00e-09 [0.72670753]
0.250 8.00e-09 [0.58049318]
0.270 8.00e-09 [0.55163043]
0.290 8.00e-09 [0.53602734]
0.310 8.00e-09 [0.52587031]
0.330 8.00e-09 [0.51945439]
0.350 8.00e-09 [0.51490643]
0.370 8.00e-09 [0.48194158]
0.390 8.00e-09 [0.47271274]
0.410 8.00e-09 [0.45990944]
0.430 8.00e-09 [0.44893058]
0.450 8.00e-09 [0.43763505]
0.470 8.00e-09 [0.42808491]
0.490 8.00e-09 [0.41204836]
0.510 8.00e-09 [0.39877674]
0.530 8.00e-09 [0.38028828]
0.001 1.60e-08 [1.]
0.002 1.60e-08 [1.]
0.003 1.60e-08 [1.]
0.004 1.60e-08 [1.]
0.005 1.60e-08 [1.]
0.007 1.60e-08 [1.]
0.010 1.60e-08 [1.]
0.020 1.60e-08 [1.]
0.040 1.60e-08 [1.]
0.060 1.60e-08 [1.]
0.080 1.60e-08 [1.]
0.100 1.60e-08 [1.]
0.120 1.60e-08 [1.]
0.140 1.60e-08 [1.]
0.160 1.60e-08 [1.]
0.180 1.60e-08 [1.]
0.200 1.60e-08 [1.]
0.220 1.60e-08 [0.72670753]
0.250 1.60e-08 [0.58049318]
0.270 1.60e-08 [0.55163043]
0.290 1.60e-08 [0.53602734]
0.310 1.60e-08 [0.52587031]
0.330 1.60e-08 [0.51945439]
0.350 1.60e-08 [0.51490643]
0.370 1.60e-08 [0.48194158]
0.390 1.60e-08 [0.47271274]
0.410 1.60e-08 [0.45990944]
0.430 1.60e-08 [0.44893058]
0.450 1.60e-08 [0.43763505]
0.470 1.60e-08 [0.42808491]
0.490 1.60e-08 [0.41204836]
0.510 1.60e-08 [0.39877674]
0.530 1.60e-08 [0.38028828]
0.001 3.20e-08 [1.]
0.002 3.20e-08 [1.]
0.003 3.20e-08 [1.]
0.004 3.20e-08 [1.]
0.005 3.20e-08 [1.]
0.007 3.20e-08 [1.]
0.010 3.20e-08 [1.]
0.020 3.20e-08 [1.]
0.040 3.20e-08 [1.]
0.060 3.20e-08 [1.]
0.080 3.20e-08 [1.]
0.100 3.20e-08 [1.]
0.120 3.20e-08 [1.]
0.140 3.20e-08 [1.]
0.160 3.20e-08 [1.]
0.180 3.20e-08 [1.]
0.200 3.20e-08 [1.]
0.220 3.20e-08 [0.72670753]
0.250 3.20e-08 [0.58049318]
0.270 3.20e-08 [0.55163043]
0.290 3.20e-08 [0.53602734]
0.310 3.20e-08 [0.52587031]
0.330 3.20e-08 [0.51945439]
0.350 3.20e-08 [0.51490643]
0.370 3.20e-08 [0.48194158]
0.390 3.20e-08 [0.47271274]
0.410 3.20e-08 [0.45990944]
0.430 3.20e-08 [0.44893058]
0.450 3.20e-08 [0.43763505]
0.470 3.20e-08 [0.42808491]
0.490 3.20e-08 [0.41204836]
0.510 3.20e-08 [0.39877674]
0.530 3.20e-08 [0.38028828]
0.001 6.30e-08 [1.]
0.002 6.30e-08 [1.]
0.003 6.30e-08 [1.]
0.004 6.30e-08 [1.]
0.005 6.30e-08 [1.]
0.007 6.30e-08 [1.]
0.010 6.30e-08 [1.]
0.020 6.30e-08 [1.]
0.040 6.30e-08 [1.]
0.060 6.30e-08 [1.]
0.080 6.30e-08 [1.]
0.100 6.30e-08 [1.]
0.120 6.30e-08 [1.]
0.140 6.30e-08 [1.]
0.160 6.30e-08 [1.]
0.180 6.30e-08 [1.]
0.200 6.30e-08 [1.]
0.220 6.30e-08 [0.72670753]
0.250 6.30e-08 [0.58049318]
0.270 6.30e-08 [0.55163043]
0.290 6.30e-08 [0.53602734]
0.310 6.30e-08 [0.52587031]
0.330 6.30e-08 [0.51945439]
0.350 6.30e-08 [0.51490643]
0.370 6.30e-08 [0.48194158]
0.390 6.30e-08 [0.47271274]
0.410 6.30e-08 [0.45990944]
0.430 6.30e-08 [0.44893058]
0.450 6.30e-08 [0.43763505]
0.470 6.30e-08 [0.42808491]
0.490 6.30e-08 [0.41204836]
0.510 6.30e-08 [0.39877674]
0.530 6.30e-08 [0.38028828]
0.001 1.26e-07 [1.]
0.002 1.26e-07 [1.]
0.003 1.26e-07 [1.]
0.004 1.26e-07 [1.]
0.005 1.26e-07 [1.]
0.007 1.26e-07 [1.]
0.010 1.26e-07 [1.]
0.020 1.26e-07 [1.]
0.040 1.26e-07 [1.]
0.060 1.26e-07 [1.]
0.080 1.26e-07 [1.]
0.100 1.26e-07 [1.]
0.120 1.26e-07 [1.]
0.140 1.26e-07 [1.]
0.160 1.26e-07 [1.]
0.180 1.26e-07 [1.]
0.200 1.26e-07 [1.]
0.220 1.26e-07 [0.72670753]
0.250 1.26e-07 [0.58049318]
0.270 1.26e-07 [0.55163043]
0.290 1.26e-07 [0.53602734]
0.310 1.26e-07 [0.52587031]
0.330 1.26e-07 [0.51945439]
0.350 1.26e-07 [0.51490643]
0.370 1.26e-07 [0.48194158]
0.390 1.26e-07 [0.47271274]
0.410 1.26e-07 [0.45990944]
0.430 1.26e-07 [0.44893058]
0.450 1.26e-07 [0.43763505]
0.470 1.26e-07 [0.42808491]
0.490 1.26e-07 [0.41204836]
0.510 1.26e-07 [0.39877674]
0.530 1.26e-07 [0.38028828]
0.001 2.51e-07 [1.]
0.002 2.51e-07 [1.]
0.003 2.51e-07 [1.]
0.004 2.51e-07 [1.]
0.005 2.51e-07 [1.]
0.007 2.51e-07 [1.]
0.010 2.51e-07 [1.]
0.020 2.51e-07 [1.]
0.040 2.51e-07 [1.]
0.060 2.51e-07 [1.]
0.080 2.51e-07 [1.]
0.100 2.51e-07 [1.]
0.120 2.51e-07 [1.]
0.140 2.51e-07 [1.]
0.160 2.51e-07 [1.]
0.180 2.51e-07 [1.]
0.200 2.51e-07 [1.]
0.220 2.51e-07 [0.72670753]
0.250 2.51e-07 [0.58049318]
0.270 2.51e-07 [0.55163043]
0.290 2.51e-07 [0.53602734]
0.310 2.51e-07 [0.52587031]
0.330 2.51e-07 [0.51945439]
0.350 2.51e-07 [0.51490643]
0.370 2.51e-07 [0.48194158]
0.390 2.51e-07 [0.47271274]
0.410 2.51e-07 [0.45990944]
0.430 2.51e-07 [0.44893058]
0.450 2.51e-07 [0.43763505]
0.470 2.51e-07 [0.42808491]
0.490 2.51e-07 [0.41204836]
0.510 2.51e-07 [0.39877674]
0.530 2.51e-07 [0.38028828]
0.001 5.01e-07 [1.]
0.002 5.01e-07 [1.]
0.003 5.01e-07 [1.]
0.004 5.01e-07 [1.]
0.005 5.01e-07 [1.]
0.007 5.01e-07 [1.]
0.010 5.01e-07 [1.]
0.020 5.01e-07 [1.]
0.040 5.01e-07 [1.]
0.060 5.01e-07 [1.]
0.080 5.01e-07 [1.]
0.100 5.01e-07 [1.]
0.120 5.01e-07 [1.]
0.140 5.01e-07 [1.]
0.160 5.01e-07 [1.]
0.180 5.01e-07 [1.]
0.200 5.01e-07 [1.]
0.220 5.01e-07 [0.72670753]
0.250 5.01e-07 [0.58049318]
0.270 5.01e-07 [0.55163043]
0.290 5.01e-07 [0.53602734]
0.310 5.01e-07 [0.52587031]
0.330 5.01e-07 [0.51945439]
0.350 5.01e-07 [0.51490643]
0.370 5.01e-07 [0.48194158]
0.390 5.01e-07 [0.47271274]
0.410 5.01e-07 [0.45990944]
0.430 5.01e-07 [0.44893058]
0.450 5.01e-07 [0.43763505]
0.470 5.01e-07 [0.42808491]
0.490 5.01e-07 [0.41204836]
0.510 5.01e-07 [0.39877674]
0.530 5.01e-07 [0.38028828]
0.001 1.00e-06 [1.]
0.002 1.00e-06 [1.]
0.003 1.00e-06 [1.]
0.004 1.00e-06 [1.]
0.005 1.00e-06 [1.]
0.007 1.00e-06 [1.]
0.010 1.00e-06 [1.]
0.020 1.00e-06 [1.]
0.040 1.00e-06 [1.]
0.060 1.00e-06 [1.]
0.080 1.00e-06 [1.]
0.100 1.00e-06 [1.]
0.120 1.00e-06 [1.]
0.140 1.00e-06 [1.]
0.160 1.00e-06 [1.]
0.180 1.00e-06 [1.]
0.200 1.00e-06 [1.]
0.220 1.00e-06 [0.72670753]
0.250 1.00e-06 [0.58049318]
0.270 1.00e-06 [0.55163043]
0.290 1.00e-06 [0.53602734]
0.310 1.00e-06 [0.52587031]
0.330 1.00e-06 [0.51945439]
0.350 1.00e-06 [0.51490643]
0.370 1.00e-06 [0.48194158]
0.390 1.00e-06 [0.47271274]
0.410 1.00e-06 [0.45990944]
0.430 1.00e-06 [0.44893058]
0.450 1.00e-06 [0.43763505]
0.470 1.00e-06 [0.42808491]
0.490 1.00e-06 [0.41204836]
0.510 1.00e-06 [0.39877674]
0.530 1.00e-06 [0.38028828]
0.001 1.99e-06 [1.]
0.002 1.99e-06 [1.]
0.003 1.99e-06 [1.]
0.004 1.99e-06 [1.]
0.005 1.99e-06 [1.]
0.007 1.99e-06 [1.]
0.010 1.99e-06 [1.]
0.020 1.99e-06 [1.]
0.040 1.99e-06 [1.]
0.060 1.99e-06 [1.]
0.080 1.99e-06 [1.]
0.100 1.99e-06 [1.]
0.120 1.99e-06 [1.]
0.140 1.99e-06 [1.]
0.160 1.99e-06 [1.]
0.180 1.99e-06 [1.]
0.200 1.99e-06 [1.]
0.220 1.99e-06 [0.72670753]
0.250 1.99e-06 [0.58049318]
0.270 1.99e-06 [0.55163043]
0.290 1.99e-06 [0.53602734]
0.310 1.99e-06 [0.52587031]
0.330 1.99e-06 [0.51945439]
0.350 1.99e-06 [0.51490643]
0.370 1.99e-06 [0.48194158]
0.390 1.99e-06 [0.47271274]
0.410 1.99e-06 [0.45990944]
0.430 1.99e-06 [0.44893058]
0.450 1.99e-06 [0.43763505]
0.470 1.99e-06 [0.42808491]
0.490 1.99e-06 [0.41204836]
0.510 1.99e-06 [0.39877674]
0.530 1.99e-06 [0.38028828]
0.001 3.98e-06 [1.]
0.002 3.98e-06 [1.]
0.003 3.98e-06 [1.]
0.004 3.98e-06 [1.]
0.005 3.98e-06 [1.]
0.007 3.98e-06 [1.]
0.010 3.98e-06 [1.]
0.020 3.98e-06 [1.]
0.040 3.98e-06 [1.]
0.060 3.98e-06 [1.]
0.080 3.98e-06 [1.]
0.100 3.98e-06 [1.]
0.120 3.98e-06 [1.]
0.140 3.98e-06 [1.]
0.160 3.98e-06 [1.]
0.180 3.98e-06 [1.]
0.200 3.98e-06 [1.]
0.220 3.98e-06 [0.72670753]
0.250 3.98e-06 [0.58049318]
0.270 3.98e-06 [0.55163043]
0.290 3.98e-06 [0.53602734]
0.310 3.98e-06 [0.52587031]
0.330 3.98e-06 [0.51945439]
0.350 3.98e-06 [0.51490643]
0.370 3.98e-06 [0.48194158]
0.390 3.98e-06 [0.47271274]
0.410 3.98e-06 [0.45990944]
0.430 3.98e-06 [0.44893058]
0.450 3.98e-06 [0.43763505]
0.470 3.98e-06 [0.42808491]
0.490 3.98e-06 [0.41204836]
0.510 3.98e-06 [0.39877674]
0.530 3.98e-06 [0.38028828]
0.001 7.94e-06 [1.]
0.002 7.94e-06 [1.]
0.003 7.94e-06 [1.]
0.004 7.94e-06 [1.]
0.005 7.94e-06 [1.]
0.007 7.94e-06 [1.]
0.010 7.94e-06 [1.]
0.020 7.94e-06 [1.]
0.040 7.94e-06 [1.]
0.060 7.94e-06 [1.]
0.080 7.94e-06 [1.]
0.100 7.94e-06 [1.]
0.120 7.94e-06 [1.]
0.140 7.94e-06 [1.]
0.160 7.94e-06 [1.]
0.180 7.94e-06 [1.]
0.200 7.94e-06 [1.]
0.220 7.94e-06 [0.72670753]
0.250 7.94e-06 [0.58049318]
0.270 7.94e-06 [0.55163043]
0.290 7.94e-06 [0.53602734]
0.310 7.94e-06 [0.52587031]
0.330 7.94e-06 [0.51945439]
0.350 7.94e-06 [0.51490643]
0.370 7.94e-06 [0.48194158]
0.390 7.94e-06 [0.47271274]
0.410 7.94e-06 [0.45990944]
0.430 7.94e-06 [0.44893058]
0.450 7.94e-06 [0.43763505]
0.470 7.94e-06 [0.42808491]
0.490 7.94e-06 [0.41204836]
0.510 7.94e-06 [0.39877674]
0.530 7.94e-06 [0.38028828]
0.001 1.58e-05 [1.]
0.002 1.58e-05 [1.]
0.003 1.58e-05 [1.]
0.004 1.58e-05 [1.]
0.005 1.58e-05 [1.]
0.007 1.58e-05 [1.]
0.010 1.58e-05 [1.]
0.020 1.58e-05 [1.]
0.040 1.58e-05 [1.]
0.060 1.58e-05 [1.]
0.080 1.58e-05 [1.]
0.100 1.58e-05 [1.]
0.120 1.58e-05 [1.]
0.140 1.58e-05 [1.]
0.160 1.58e-05 [1.]
0.180 1.58e-05 [1.]
0.200 1.58e-05 [1.]
0.220 1.58e-05 [0.72670753]
0.250 1.58e-05 [0.58049318]
0.270 1.58e-05 [0.55163043]
0.290 1.58e-05 [0.53602734]
0.310 1.58e-05 [0.52587031]
0.330 1.58e-05 [0.51945439]
0.350 1.58e-05 [0.51490643]
0.370 1.58e-05 [0.48194158]
0.390 1.58e-05 [0.47271274]
0.410 1.58e-05 [0.45990944]
0.430 1.58e-05 [0.44893058]
0.450 1.58e-05 [0.43763505]
0.470 1.58e-05 [0.42808491]
0.490 1.58e-05 [0.41204836]
0.510 1.58e-05 [0.39877674]
0.530 1.58e-05 [0.38028828]
0.001 3.16e-05 [1.]
0.002 3.16e-05 [1.]
0.003 3.16e-05 [1.]
0.004 3.16e-05 [1.]
0.005 3.16e-05 [1.]
0.007 3.16e-05 [1.]
0.010 3.16e-05 [1.]
0.020 3.16e-05 [1.]
0.040 3.16e-05 [1.]
0.060 3.16e-05 [1.]
0.080 3.16e-05 [1.]
0.100 3.16e-05 [1.]
0.120 3.16e-05 [1.]
0.140 3.16e-05 [1.]
0.160 3.16e-05 [1.]
0.180 3.16e-05 [1.]
0.200 3.16e-05 [1.]
0.220 3.16e-05 [0.72670753]
0.250 3.16e-05 [0.58049318]
0.270 3.16e-05 [0.55163043]
0.290 3.16e-05 [0.53602734]
0.310 3.16e-05 [0.52587031]
0.330 3.16e-05 [0.51945439]
0.350 3.16e-05 [0.51490643]
0.370 3.16e-05 [0.48194158]
0.390 3.16e-05 [0.47271274]
0.410 3.16e-05 [0.45990944]
0.430 3.16e-05 [0.44893058]
0.450 3.16e-05 [0.43763505]
0.470 3.16e-05 [0.42808491]
0.490 3.16e-05 [0.41204836]
0.510 3.16e-05 [0.39877674]
0.530 3.16e-05 [0.38028828]
0.001 6.31e-05 [1.]
0.002 6.31e-05 [1.]
0.003 6.31e-05 [1.]
0.004 6.31e-05 [1.]
0.005 6.31e-05 [1.]
0.007 6.31e-05 [1.]
0.010 6.31e-05 [1.]
0.020 6.31e-05 [1.]
0.040 6.31e-05 [1.]
0.060 6.31e-05 [1.]
0.080 6.31e-05 [1.]
0.100 6.31e-05 [1.]
0.120 6.31e-05 [1.]
0.140 6.31e-05 [1.]
0.160 6.31e-05 [1.]
0.180 6.31e-05 [1.]
0.200 6.31e-05 [1.]
0.220 6.31e-05 [0.72670753]
0.250 6.31e-05 [0.58049318]
0.270 6.31e-05 [0.55163043]
0.290 6.31e-05 [0.53602734]
0.310 6.31e-05 [0.52587031]
0.330 6.31e-05 [0.51945439]
0.350 6.31e-05 [0.51490643]
0.370 6.31e-05 [0.48194158]
0.390 6.31e-05 [0.47271274]
0.410 6.31e-05 [0.45990944]
0.430 6.31e-05 [0.44893058]
0.450 6.31e-05 [0.43763505]
0.470 6.31e-05 [0.42808491]
0.490 6.31e-05 [0.41204836]
0.510 6.31e-05 [0.39877674]
0.530 6.31e-05 [0.38028828]
0.001 1.26e-04 [1.]
0.002 1.26e-04 [1.]
0.003 1.26e-04 [1.]
0.004 1.26e-04 [1.]
0.005 1.26e-04 [1.]
0.007 1.26e-04 [1.]
0.010 1.26e-04 [1.]
0.020 1.26e-04 [1.]
0.040 1.26e-04 [1.]
0.060 1.26e-04 [1.]
0.080 1.26e-04 [1.]
0.100 1.26e-04 [1.]
0.120 1.26e-04 [1.]
0.140 1.26e-04 [1.]
0.160 1.26e-04 [1.]
0.180 1.26e-04 [1.]
0.200 1.26e-04 [1.]
0.220 1.26e-04 [0.72670753]
0.250 1.26e-04 [0.58049318]
0.270 1.26e-04 [0.55163043]
0.290 1.26e-04 [0.53602734]
0.310 1.26e-04 [0.52587031]
0.330 1.26e-04 [0.51945439]
0.350 1.26e-04 [0.51490643]
0.370 1.26e-04 [0.48194158]
0.390 1.26e-04 [0.47271274]
0.410 1.26e-04 [0.45990944]
0.430 1.26e-04 [0.44893058]
0.450 1.26e-04 [0.43763505]
0.470 1.26e-04 [0.42808491]
0.490 1.26e-04 [0.41204836]
0.510 1.26e-04 [0.39877674]
0.530 1.26e-04 [0.38028828]
0.001 2.51e-04 [1.]
0.002 2.51e-04 [1.]
0.003 2.51e-04 [1.]
0.004 2.51e-04 [1.]
0.005 2.51e-04 [1.]
0.007 2.51e-04 [1.]
0.010 2.51e-04 [1.]
0.020 2.51e-04 [1.]
0.040 2.51e-04 [1.]
0.060 2.51e-04 [1.]
0.080 2.51e-04 [1.]
0.100 2.51e-04 [1.]
0.120 2.51e-04 [1.]
0.140 2.51e-04 [1.]
0.160 2.51e-04 [1.]
0.180 2.51e-04 [1.]
0.200 2.51e-04 [1.]
0.220 2.51e-04 [0.72670753]
0.250 2.51e-04 [0.58049318]
0.270 2.51e-04 [0.55163043]
0.290 2.51e-04 [0.53602734]
0.310 2.51e-04 [0.52587031]
0.330 2.51e-04 [0.51945439]
0.350 2.51e-04 [0.51490643]
0.370 2.51e-04 [0.48194158]
0.390 2.51e-04 [0.47271274]
0.410 2.51e-04 [0.45990944]
0.430 2.51e-04 [0.44893058]
0.450 2.51e-04 [0.43763505]
0.470 2.51e-04 [0.42808491]
0.490 2.51e-04 [0.41204836]
0.510 2.51e-04 [0.39877674]
0.530 2.51e-04 [0.38028828]
0.001 5.01e-04 [1.]
0.002 5.01e-04 [1.]
0.003 5.01e-04 [1.]
0.004 5.01e-04 [1.]
0.005 5.01e-04 [1.]
0.007 5.01e-04 [1.]
0.010 5.01e-04 [1.]
0.020 5.01e-04 [1.]
0.040 5.01e-04 [1.]
0.060 5.01e-04 [1.]
0.080 5.01e-04 [1.]
0.100 5.01e-04 [1.]
0.120 5.01e-04 [1.]
0.140 5.01e-04 [1.]
0.160 5.01e-04 [1.]
0.180 5.01e-04 [1.]
0.200 5.01e-04 [1.]
0.220 5.01e-04 [0.72670753]
0.250 5.01e-04 [0.58049318]
0.270 5.01e-04 [0.55163043]
0.290 5.01e-04 [0.53602734]
0.310 5.01e-04 [0.52587031]
0.330 5.01e-04 [0.51945439]
0.350 5.01e-04 [0.51490643]
0.370 5.01e-04 [0.48194158]
0.390 5.01e-04 [0.47271274]
0.410 5.01e-04 [0.45990944]
0.430 5.01e-04 [0.44893058]
0.450 5.01e-04 [0.43763505]
0.470 5.01e-04 [0.42808491]
0.490 5.01e-04 [0.41204836]
0.510 5.01e-04 [0.39877674]
0.530 5.01e-04 [0.38028828]
0.001 1.00e-03 [1.]
0.002 1.00e-03 [1.]
0.003 1.00e-03 [1.]
0.004 1.00e-03 [1.]
0.005 1.00e-03 [1.]
0.007 1.00e-03 [1.]
0.010 1.00e-03 [1.]
0.020 1.00e-03 [1.]
0.040 1.00e-03 [1.]
0.060 1.00e-03 [1.]
0.080 1.00e-03 [1.]
0.100 1.00e-03 [1.]
0.120 1.00e-03 [1.]
0.140 1.00e-03 [1.]
0.160 1.00e-03 [1.]
0.180 1.00e-03 [1.]
0.200 1.00e-03 [1.]
0.220 1.00e-03 [0.72670753]
0.250 1.00e-03 [0.58049318]
0.270 1.00e-03 [0.55163043]
0.290 1.00e-03 [0.53602734]
0.310 1.00e-03 [0.52587031]
0.330 1.00e-03 [0.51945439]
0.350 1.00e-03 [0.51490643]
0.370 1.00e-03 [0.48194158]
0.390 1.00e-03 [0.47271274]
0.410 1.00e-03 [0.45990944]
0.430 1.00e-03 [0.44893058]
0.450 1.00e-03 [0.43763505]
0.470 1.00e-03 [0.42808491]
0.490 1.00e-03 [0.41204836]
0.510 1.00e-03 [0.39877674]
0.530 1.00e-03 [0.38028828]
0.001 1.00e-09 [1.]
0.002 1.00e-09 [1.]
0.003 1.00e-09 [1.]
0.004 1.00e-09 [1.]
0.005 1.00e-09 [1.]
0.007 1.00e-09 [1.]
0.010 1.00e-09 [1.]
0.020 1.00e-09 [1.]
0.040 1.00e-09 [1.]
0.060 1.00e-09 [1.]
0.080 1.00e-09 [1.]
0.100 1.00e-09 [1.]
0.120 1.00e-09 [1.]
0.140 1.00e-09 [1.]
0.160 1.00e-09 [1.]
0.180 1.00e-09 [1.]
0.200 1.00e-09 [1.]
0.220 1.00e-09 [0.72670753]
0.250 1.00e-09 [0.58049318]
0.270 1.00e-09 [0.55163043]
0.290 1.00e-09 [0.53602734]
0.310 1.00e-09 [0.52587031]
0.330 1.00e-09 [0.51945439]
0.350 1.00e-09 [0.51490643]
0.370 1.00e-09 [0.48194158]
0.390 1.00e-09 [0.47271274]
0.410 1.00e-09 [0.45990944]
0.430 1.00e-09 [0.44893058]
0.450 1.00e-09 [0.43763505]
0.470 1.00e-09 [0.42808491]
0.490 1.00e-09 [0.41204836]
0.510 1.00e-09 [0.39877674]
0.530 1.00e-09 [0.38028828]
0.001 2.00e-09 [1.]
0.002 2.00e-09 [1.]
0.003 2.00e-09 [1.]
0.004 2.00e-09 [1.]
0.005 2.00e-09 [1.]
0.007 2.00e-09 [1.]
0.010 2.00e-09 [1.]
0.020 2.00e-09 [1.]
0.040 2.00e-09 [1.]
0.060 2.00e-09 [1.]
0.080 2.00e-09 [1.]
0.100 2.00e-09 [1.]
0.120 2.00e-09 [1.]
0.140 2.00e-09 [1.]
0.160 2.00e-09 [1.]
0.180 2.00e-09 [1.]
0.200 2.00e-09 [1.]
0.220 2.00e-09 [0.72670753]
0.250 2.00e-09 [0.58049318]
0.270 2.00e-09 [0.55163043]
0.290 2.00e-09 [0.53602734]
0.310 2.00e-09 [0.52587031]
0.330 2.00e-09 [0.51945439]
0.350 2.00e-09 [0.51490643]
0.370 2.00e-09 [0.48194158]
0.390 2.00e-09 [0.47271274]
0.410 2.00e-09 [0.45990944]
0.430 2.00e-09 [0.44893058]
0.450 2.00e-09 [0.43763505]
0.470 2.00e-09 [0.42808491]
0.490 2.00e-09 [0.41204836]
0.510 2.00e-09 [0.39877674]
0.530 2.00e-09 [0.38028828]
0.001 4.00e-09 [1.]
0.002 4.00e-09 [1.]
0.003 4.00e-09 [1.]
0.004 4.00e-09 [1.]
0.005 4.00e-09 [1.]
0.007 4.00e-09 [1.]
0.010 4.00e-09 [1.]
0.020 4.00e-09 [1.]
0.040 4.00e-09 [1.]
0.060 4.00e-09 [1.]
0.080 4.00e-09 [1.]
0.100 4.00e-09 [1.]
0.120 4.00e-09 [1.]
0.140 4.00e-09 [1.]
0.160 4.00e-09 [1.]
0.180 4.00e-09 [1.]
0.200 4.00e-09 [1.]
0.220 4.00e-09 [0.72670753]
0.250 4.00e-09 [0.58049318]
0.270 4.00e-09 [0.55163043]
0.290 4.00e-09 [0.53602734]
0.310 4.00e-09 [0.52587031]
0.330 4.00e-09 [0.51945439]
0.350 4.00e-09 [0.51490643]
0.370 4.00e-09 [0.48194158]
0.390 4.00e-09 [0.47271274]
0.410 4.00e-09 [0.45990944]
0.430 4.00e-09 [0.44893058]
0.450 4.00e-09 [0.43763505]
0.470 4.00e-09 [0.42808491]
0.490 4.00e-09 [0.41204836]
0.510 4.00e-09 [0.39877674]
0.530 4.00e-09 [0.38028828]
0.001 8.00e-09 [1.]
0.002 8.00e-09 [1.]
0.003 8.00e-09 [1.]
0.004 8.00e-09 [1.]
0.005 8.00e-09 [1.]
0.007 8.00e-09 [1.]
0.010 8.00e-09 [1.]
0.020 8.00e-09 [1.]
0.040 8.00e-09 [1.]
0.060 8.00e-09 [1.]
0.080 8.00e-09 [1.]
0.100 8.00e-09 [1.]
0.120 8.00e-09 [1.]
0.140 8.00e-09 [1.]
0.160 8.00e-09 [1.]
0.180 8.00e-09 [1.]
0.200 8.00e-09 [1.]
0.220 8.00e-09 [0.72670753]
0.250 8.00e-09 [0.58049318]
0.270 8.00e-09 [0.55163043]
0.290 8.00e-09 [0.53602734]
0.310 8.00e-09 [0.52587031]
0.330 8.00e-09 [0.51945439]
0.350 8.00e-09 [0.51490643]
0.370 8.00e-09 [0.48194158]
0.390 8.00e-09 [0.47271274]
0.410 8.00e-09 [0.45990944]
0.430 8.00e-09 [0.44893058]
0.450 8.00e-09 [0.43763505]
0.470 8.00e-09 [0.42808491]
0.490 8.00e-09 [0.41204836]
0.510 8.00e-09 [0.39877674]
0.530 8.00e-09 [0.38028828]
0.001 1.60e-08 [1.]
0.002 1.60e-08 [1.]
0.003 1.60e-08 [1.]
0.004 1.60e-08 [1.]
0.005 1.60e-08 [1.]
0.007 1.60e-08 [1.]
0.010 1.60e-08 [1.]
0.020 1.60e-08 [1.]
0.040 1.60e-08 [1.]
0.060 1.60e-08 [1.]
0.080 1.60e-08 [1.]
0.100 1.60e-08 [1.]
0.120 1.60e-08 [1.]
0.140 1.60e-08 [1.]
0.160 1.60e-08 [1.]
0.180 1.60e-08 [1.]
0.200 1.60e-08 [1.]
0.220 1.60e-08 [0.72670753]
0.250 1.60e-08 [0.58049318]
0.270 1.60e-08 [0.55163043]
0.290 1.60e-08 [0.53602734]
0.310 1.60e-08 [0.52587031]
0.330 1.60e-08 [0.51945439]
0.350 1.60e-08 [0.51490643]
0.370 1.60e-08 [0.48194158]
0.390 1.60e-08 [0.47271274]
0.410 1.60e-08 [0.45990944]
0.430 1.60e-08 [0.44893058]
0.450 1.60e-08 [0.43763505]
0.470 1.60e-08 [0.42808491]
0.490 1.60e-08 [0.41204836]
0.510 1.60e-08 [0.39877674]
0.530 1.60e-08 [0.38028828]
0.001 3.20e-08 [1.]
0.002 3.20e-08 [1.]
0.003 3.20e-08 [1.]
0.004 3.20e-08 [1.]
0.005 3.20e-08 [1.]
0.007 3.20e-08 [1.]
0.010 3.20e-08 [1.]
0.020 3.20e-08 [1.]
0.040 3.20e-08 [1.]
0.060 3.20e-08 [1.]
0.080 3.20e-08 [1.]
0.100 3.20e-08 [1.]
0.120 3.20e-08 [1.]
0.140 3.20e-08 [1.]
0.160 3.20e-08 [1.]
0.180 3.20e-08 [1.]
0.200 3.20e-08 [1.]
0.220 3.20e-08 [0.72670753]
0.250 3.20e-08 [0.58049318]
0.270 3.20e-08 [0.55163043]
0.290 3.20e-08 [0.53602734]
0.310 3.20e-08 [0.52587031]
0.330 3.20e-08 [0.51945439]
0.350 3.20e-08 [0.51490643]
0.370 3.20e-08 [0.48194158]
0.390 3.20e-08 [0.47271274]
0.410 3.20e-08 [0.45990944]
0.430 3.20e-08 [0.44893058]
0.450 3.20e-08 [0.43763505]
0.470 3.20e-08 [0.42808491]
0.490 3.20e-08 [0.41204836]
0.510 3.20e-08 [0.39877674]
0.530 3.20e-08 [0.38028828]
0.001 6.30e-08 [1.]
0.002 6.30e-08 [1.]
0.003 6.30e-08 [1.]
0.004 6.30e-08 [1.]
0.005 6.30e-08 [1.]
0.007 6.30e-08 [1.]
0.010 6.30e-08 [1.]
0.020 6.30e-08 [1.]
0.040 6.30e-08 [1.]
0.060 6.30e-08 [1.]
0.080 6.30e-08 [1.]
0.100 6.30e-08 [1.]
0.120 6.30e-08 [1.]
0.140 6.30e-08 [1.]
0.160 6.30e-08 [1.]
0.180 6.30e-08 [1.]
0.200 6.30e-08 [1.]
0.220 6.30e-08 [0.72670753]
0.250 6.30e-08 [0.58049318]
0.270 6.30e-08 [0.55163043]
0.290 6.30e-08 [0.53602734]
0.310 6.30e-08 [0.52587031]
0.330 6.30e-08 [0.51945439]
0.350 6.30e-08 [0.51490643]
0.370 6.30e-08 [0.48194158]
0.390 6.30e-08 [0.47271274]
0.410 6.30e-08 [0.45990944]
0.430 6.30e-08 [0.44893058]
0.450 6.30e-08 [0.43763505]
0.470 6.30e-08 [0.42808491]
0.490 6.30e-08 [0.41204836]
0.510 6.30e-08 [0.39877674]
0.530 6.30e-08 [0.38028828]
0.001 1.26e-07 [1.]
0.002 1.26e-07 [1.]
0.003 1.26e-07 [1.]
0.004 1.26e-07 [1.]
0.005 1.26e-07 [1.]
0.007 1.26e-07 [1.]
0.010 1.26e-07 [1.]
0.020 1.26e-07 [1.]
0.040 1.26e-07 [1.]
0.060 1.26e-07 [1.]
0.080 1.26e-07 [1.]
0.100 1.26e-07 [1.]
0.120 1.26e-07 [1.]
0.140 1.26e-07 [1.]
0.160 1.26e-07 [1.]
0.180 1.26e-07 [1.]
0.200 1.26e-07 [1.]
0.220 1.26e-07 [0.72670753]
0.250 1.26e-07 [0.58049318]
0.270 1.26e-07 [0.55163043]
0.290 1.26e-07 [0.53602734]
0.310 1.26e-07 [0.52587031]
0.330 1.26e-07 [0.51945439]
0.350 1.26e-07 [0.51490643]
0.370 1.26e-07 [0.48194158]
0.390 1.26e-07 [0.47271274]
0.410 1.26e-07 [0.45990944]
0.430 1.26e-07 [0.44893058]
0.450 1.26e-07 [0.43763505]
0.470 1.26e-07 [0.42808491]
0.490 1.26e-07 [0.41204836]
0.510 1.26e-07 [0.39877674]
0.530 1.26e-07 [0.38028828]
0.001 2.51e-07 [1.]
0.002 2.51e-07 [1.]
0.003 2.51e-07 [1.]
0.004 2.51e-07 [1.]
0.005 2.51e-07 [1.]
0.007 2.51e-07 [1.]
0.010 2.51e-07 [1.]
0.020 2.51e-07 [1.]
0.040 2.51e-07 [1.]
0.060 2.51e-07 [1.]
0.080 2.51e-07 [1.]
0.100 2.51e-07 [1.]
0.120 2.51e-07 [1.]
0.140 2.51e-07 [1.]
0.160 2.51e-07 [1.]
0.180 2.51e-07 [1.]
0.200 2.51e-07 [1.]
0.220 2.51e-07 [0.72670753]
0.250 2.51e-07 [0.58049318]
0.270 2.51e-07 [0.55163043]
0.290 2.51e-07 [0.53602734]
0.310 2.51e-07 [0.52587031]
0.330 2.51e-07 [0.51945439]
0.350 2.51e-07 [0.51490643]
0.370 2.51e-07 [0.48194158]
0.390 2.51e-07 [0.47271274]
0.410 2.51e-07 [0.45990944]
0.430 2.51e-07 [0.44893058]
0.450 2.51e-07 [0.43763505]
0.470 2.51e-07 [0.42808491]
0.490 2.51e-07 [0.41204836]
0.510 2.51e-07 [0.39877674]
0.530 2.51e-07 [0.38028828]
0.001 5.01e-07 [1.]
0.002 5.01e-07 [1.]
0.003 5.01e-07 [1.]
0.004 5.01e-07 [1.]
0.005 5.01e-07 [1.]
0.007 5.01e-07 [1.]
0.010 5.01e-07 [1.]
0.020 5.01e-07 [1.]
0.040 5.01e-07 [1.]
0.060 5.01e-07 [1.]
0.080 5.01e-07 [1.]
0.100 5.01e-07 [1.]
0.120 5.01e-07 [1.]
0.140 5.01e-07 [1.]
0.160 5.01e-07 [1.]
0.180 5.01e-07 [1.]
0.200 5.01e-07 [1.]
0.220 5.01e-07 [0.72670753]
0.250 5.01e-07 [0.58049318]
0.270 5.01e-07 [0.55163043]
0.290 5.01e-07 [0.53602734]
0.310 5.01e-07 [0.52587031]
0.330 5.01e-07 [0.51945439]
0.350 5.01e-07 [0.51490643]
0.370 5.01e-07 [0.48194158]
0.390 5.01e-07 [0.47271274]
0.410 5.01e-07 [0.45990944]
0.430 5.01e-07 [0.44893058]
0.450 5.01e-07 [0.43763505]
0.470 5.01e-07 [0.42808491]
0.490 5.01e-07 [0.41204836]
0.510 5.01e-07 [0.39877674]
0.530 5.01e-07 [0.38028828]
0.001 1.00e-06 [1.]
0.002 1.00e-06 [1.]
0.003 1.00e-06 [1.]
0.004 1.00e-06 [1.]
0.005 1.00e-06 [1.]
0.007 1.00e-06 [1.]
0.010 1.00e-06 [1.]
0.020 1.00e-06 [1.]
0.040 1.00e-06 [1.]
0.060 1.00e-06 [1.]
0.080 1.00e-06 [1.]
0.100 1.00e-06 [1.]
0.120 1.00e-06 [1.]
0.140 1.00e-06 [1.]
0.160 1.00e-06 [1.]
0.180 1.00e-06 [1.]
0.200 1.00e-06 [1.]
0.220 1.00e-06 [0.72670753]
0.250 1.00e-06 [0.58049318]
0.270 1.00e-06 [0.55163043]
0.290 1.00e-06 [0.53602734]
0.310 1.00e-06 [0.52587031]
0.330 1.00e-06 [0.51945439]
0.350 1.00e-06 [0.51490643]
0.370 1.00e-06 [0.48194158]
0.390 1.00e-06 [0.47271274]
0.410 1.00e-06 [0.45990944]
0.430 1.00e-06 [0.44893058]
0.450 1.00e-06 [0.43763505]
0.470 1.00e-06 [0.42808491]
0.490 1.00e-06 [0.41204836]
0.510 1.00e-06 [0.39877674]
0.530 1.00e-06 [0.38028828]
0.001 1.99e-06 [1.]
0.002 1.99e-06 [1.]
0.003 1.99e-06 [1.]
0.004 1.99e-06 [1.]
0.005 1.99e-06 [1.]
0.007 1.99e-06 [1.]
0.010 1.99e-06 [1.]
0.020 1.99e-06 [1.]
0.040 1.99e-06 [1.]
0.060 1.99e-06 [1.]
0.080 1.99e-06 [1.]
0.100 1.99e-06 [1.]
0.120 1.99e-06 [1.]
0.140 1.99e-06 [1.]
0.160 1.99e-06 [1.]
0.180 1.99e-06 [1.]
0.200 1.99e-06 [1.]
0.220 1.99e-06 [0.72670753]
0.250 1.99e-06 [0.58049318]
0.270 1.99e-06 [0.55163043]
0.290 1.99e-06 [0.53602734]
0.310 1.99e-06 [0.52587031]
0.330 1.99e-06 [0.51945439]
0.350 1.99e-06 [0.51490643]
0.370 1.99e-06 [0.48194158]
0.390 1.99e-06 [0.47271274]
0.410 1.99e-06 [0.45990944]
0.430 1.99e-06 [0.44893058]
0.450 1.99e-06 [0.43763505]
0.470 1.99e-06 [0.42808491]
0.490 1.99e-06 [0.41204836]
0.510 1.99e-06 [0.39877674]
0.530 1.99e-06 [0.38028828]
0.001 3.98e-06 [1.]
0.002 3.98e-06 [1.]
0.003 3.98e-06 [1.]
0.004 3.98e-06 [1.]
0.005 3.98e-06 [1.]
0.007 3.98e-06 [1.]
0.010 3.98e-06 [1.]
0.020 3.98e-06 [1.]
0.040 3.98e-06 [1.]
0.060 3.98e-06 [1.]
0.080 3.98e-06 [1.]
0.100 3.98e-06 [1.]
0.120 3.98e-06 [1.]
0.140 3.98e-06 [1.]
0.160 3.98e-06 [1.]
0.180 3.98e-06 [1.]
0.200 3.98e-06 [1.]
0.220 3.98e-06 [0.72670753]
0.250 3.98e-06 [0.58049318]
0.270 3.98e-06 [0.55163043]
0.290 3.98e-06 [0.53602734]
0.310 3.98e-06 [0.52587031]
0.330 3.98e-06 [0.51945439]
0.350 3.98e-06 [0.51490643]
0.370 3.98e-06 [0.48194158]
0.390 3.98e-06 [0.47271274]
0.410 3.98e-06 [0.45990944]
0.430 3.98e-06 [0.44893058]
0.450 3.98e-06 [0.43763505]
0.470 3.98e-06 [0.42808491]
0.490 3.98e-06 [0.41204836]
0.510 3.98e-06 [0.39877674]
0.530 3.98e-06 [0.38028828]
0.001 7.94e-06 [1.]
0.002 7.94e-06 [1.]
0.003 7.94e-06 [1.]
0.004 7.94e-06 [1.]
0.005 7.94e-06 [1.]
0.007 7.94e-06 [1.]
0.010 7.94e-06 [1.]
0.020 7.94e-06 [1.]
0.040 7.94e-06 [1.]
0.060 7.94e-06 [1.]
0.080 7.94e-06 [1.]
0.100 7.94e-06 [1.]
0.120 7.94e-06 [1.]
0.140 7.94e-06 [1.]
0.160 7.94e-06 [1.]
0.180 7.94e-06 [1.]
0.200 7.94e-06 [1.]
0.220 7.94e-06 [0.72670753]
0.250 7.94e-06 [0.58049318]
0.270 7.94e-06 [0.55163043]
0.290 7.94e-06 [0.53602734]
0.310 7.94e-06 [0.52587031]
0.330 7.94e-06 [0.51945439]
0.350 7.94e-06 [0.51490643]
0.370 7.94e-06 [0.48194158]
0.390 7.94e-06 [0.47271274]
0.410 7.94e-06 [0.45990944]
0.430 7.94e-06 [0.44893058]
0.450 7.94e-06 [0.43763505]
0.470 7.94e-06 [0.42808491]
0.490 7.94e-06 [0.41204836]
0.510 7.94e-06 [0.39877674]
0.530 7.94e-06 [0.38028828]
0.001 1.58e-05 [1.]
0.002 1.58e-05 [1.]
0.003 1.58e-05 [1.]
0.004 1.58e-05 [1.]
0.005 1.58e-05 [1.]
0.007 1.58e-05 [1.]
0.010 1.58e-05 [1.]
0.020 1.58e-05 [1.]
0.040 1.58e-05 [1.]
0.060 1.58e-05 [1.]
0.080 1.58e-05 [1.]
0.100 1.58e-05 [1.]
0.120 1.58e-05 [1.]
0.140 1.58e-05 [1.]
0.160 1.58e-05 [1.]
0.180 1.58e-05 [1.]
0.200 1.58e-05 [1.]
0.220 1.58e-05 [0.72670753]
0.250 1.58e-05 [0.58049318]
0.270 1.58e-05 [0.55163043]
0.290 1.58e-05 [0.53602734]
0.310 1.58e-05 [0.52587031]
0.330 1.58e-05 [0.51945439]
0.350 1.58e-05 [0.51490643]
0.370 1.58e-05 [0.48194158]
0.390 1.58e-05 [0.47271274]
0.410 1.58e-05 [0.45990944]
0.430 1.58e-05 [0.44893058]
0.450 1.58e-05 [0.43763505]
0.470 1.58e-05 [0.42808491]
0.490 1.58e-05 [0.41204836]
0.510 1.58e-05 [0.39877674]
0.530 1.58e-05 [0.38028828]
0.001 3.16e-05 [1.]
0.002 3.16e-05 [1.]
0.003 3.16e-05 [1.]
0.004 3.16e-05 [1.]
0.005 3.16e-05 [1.]
0.007 3.16e-05 [1.]
0.010 3.16e-05 [1.]
0.020 3.16e-05 [1.]
0.040 3.16e-05 [1.]
0.060 3.16e-05 [1.]
0.080 3.16e-05 [1.]
0.100 3.16e-05 [1.]
0.120 3.16e-05 [1.]
0.140 3.16e-05 [1.]
0.160 3.16e-05 [1.]
0.180 3.16e-05 [1.]
0.200 3.16e-05 [1.]
0.220 3.16e-05 [0.72670753]
0.250 3.16e-05 [0.58049318]
0.270 3.16e-05 [0.55163043]
0.290 3.16e-05 [0.53602734]
0.310 3.16e-05 [0.52587031]
0.330 3.16e-05 [0.51945439]
0.350 3.16e-05 [0.51490643]
0.370 3.16e-05 [0.48194158]
0.390 3.16e-05 [0.47271274]
0.410 3.16e-05 [0.45990944]
0.430 3.16e-05 [0.44893058]
0.450 3.16e-05 [0.43763505]
0.470 3.16e-05 [0.42808491]
0.490 3.16e-05 [0.41204836]
0.510 3.16e-05 [0.39877674]
0.530 3.16e-05 [0.38028828]
0.001 6.31e-05 [1.]
0.002 6.31e-05 [1.]
0.003 6.31e-05 [1.]
0.004 6.31e-05 [1.]
0.005 6.31e-05 [1.]
0.007 6.31e-05 [1.]
0.010 6.31e-05 [1.]
0.020 6.31e-05 [1.]
0.040 6.31e-05 [1.]
0.060 6.31e-05 [1.]
0.080 6.31e-05 [1.]
0.100 6.31e-05 [1.]
0.120 6.31e-05 [1.]
0.140 6.31e-05 [1.]
0.160 6.31e-05 [1.]
0.180 6.31e-05 [1.]
0.200 6.31e-05 [1.]
0.220 6.31e-05 [0.72670753]
0.250 6.31e-05 [0.58049318]
0.270 6.31e-05 [0.55163043]
0.290 6.31e-05 [0.53602734]
0.310 6.31e-05 [0.52587031]
0.330 6.31e-05 [0.51945439]
0.350 6.31e-05 [0.51490643]
0.370 6.31e-05 [0.48194158]
0.390 6.31e-05 [0.47271274]
0.410 6.31e-05 [0.45990944]
0.430 6.31e-05 [0.44893058]
0.450 6.31e-05 [0.43763505]
0.470 6.31e-05 [0.42808491]
0.490 6.31e-05 [0.41204836]
0.510 6.31e-05 [0.39877674]
0.530 6.31e-05 [0.38028828]
0.001 1.26e-04 [1.]
0.002 1.26e-04 [1.]
0.003 1.26e-04 [1.]
0.004 1.26e-04 [1.]
0.005 1.26e-04 [1.]
0.007 1.26e-04 [1.]
0.010 1.26e-04 [1.]
0.020 1.26e-04 [1.]
0.040 1.26e-04 [1.]
0.060 1.26e-04 [1.]
0.080 1.26e-04 [1.]
0.100 1.26e-04 [1.]
0.120 1.26e-04 [1.]
0.140 1.26e-04 [1.]
0.160 1.26e-04 [1.]
0.180 1.26e-04 [1.]
0.200 1.26e-04 [1.]
0.220 1.26e-04 [0.72670753]
0.250 1.26e-04 [0.58049318]
0.270 1.26e-04 [0.55163043]
0.290 1.26e-04 [0.53602734]
0.310 1.26e-04 [0.52587031]
0.330 1.26e-04 [0.51945439]
0.350 1.26e-04 [0.51490643]
0.370 1.26e-04 [0.48194158]
0.390 1.26e-04 [0.47271274]
0.410 1.26e-04 [0.45990944]
0.430 1.26e-04 [0.44893058]
0.450 1.26e-04 [0.43763505]
0.470 1.26e-04 [0.42808491]
0.490 1.26e-04 [0.41204836]
0.510 1.26e-04 [0.39877674]
0.530 1.26e-04 [0.38028828]
0.001 2.51e-04 [1.]
0.002 2.51e-04 [1.]
0.003 2.51e-04 [1.]
0.004 2.51e-04 [1.]
0.005 2.51e-04 [1.]
0.007 2.51e-04 [1.]
0.010 2.51e-04 [1.]
0.020 2.51e-04 [1.]
0.040 2.51e-04 [1.]
0.060 2.51e-04 [1.]
0.080 2.51e-04 [1.]
0.100 2.51e-04 [1.]
0.120 2.51e-04 [1.]
0.140 2.51e-04 [1.]
0.160 2.51e-04 [1.]
0.180 2.51e-04 [1.]
0.200 2.51e-04 [1.]
0.220 2.51e-04 [0.72670753]
0.250 2.51e-04 [0.58049318]
0.270 2.51e-04 [0.55163043]
0.290 2.51e-04 [0.53602734]
0.310 2.51e-04 [0.52587031]
0.330 2.51e-04 [0.51945439]
0.350 2.51e-04 [0.51490643]
0.370 2.51e-04 [0.48194158]
0.390 2.51e-04 [0.47271274]
0.410 2.51e-04 [0.45990944]
0.430 2.51e-04 [0.44893058]
0.450 2.51e-04 [0.43763505]
0.470 2.51e-04 [0.42808491]
0.490 2.51e-04 [0.41204836]
0.510 2.51e-04 [0.39877674]
0.530 2.51e-04 [0.38028828]
0.001 5.01e-04 [1.]
0.002 5.01e-04 [1.]
0.003 5.01e-04 [1.]
0.004 5.01e-04 [1.]
0.005 5.01e-04 [1.]
0.007 5.01e-04 [1.]
0.010 5.01e-04 [1.]
0.020 5.01e-04 [1.]
0.040 5.01e-04 [1.]
0.060 5.01e-04 [1.]
0.080 5.01e-04 [1.]
0.100 5.01e-04 [1.]
0.120 5.01e-04 [1.]
0.140 5.01e-04 [1.]
0.160 5.01e-04 [1.]
0.180 5.01e-04 [1.]
0.200 5.01e-04 [1.]
0.220 5.01e-04 [0.72670753]
0.250 5.01e-04 [0.58049318]
0.270 5.01e-04 [0.55163043]
0.290 5.01e-04 [0.53602734]
0.310 5.01e-04 [0.52587031]
0.330 5.01e-04 [0.51945439]
0.350 5.01e-04 [0.51490643]
0.370 5.01e-04 [0.48194158]
0.390 5.01e-04 [0.47271274]
0.410 5.01e-04 [0.45990944]
0.430 5.01e-04 [0.44893058]
0.450 5.01e-04 [0.43763505]
0.470 5.01e-04 [0.42808491]
0.490 5.01e-04 [0.41204836]
0.510 5.01e-04 [0.39877674]
0.530 5.01e-04 [0.38028828]
0.001 1.00e-03 [1.]
0.002 1.00e-03 [1.]
0.003 1.00e-03 [1.]
0.004 1.00e-03 [1.]
0.005 1.00e-03 [1.]
0.007 1.00e-03 [1.]
0.010 1.00e-03 [1.]
0.020 1.00e-03 [1.]
0.040 1.00e-03 [1.]
0.060 1.00e-03 [1.]
0.080 1.00e-03 [1.]
0.100 1.00e-03 [1.]
0.120 1.00e-03 [1.]
0.140 1.00e-03 [1.]
0.160 1.00e-03 [1.]
0.180 1.00e-03 [1.]
0.200 1.00e-03 [1.]
0.220 1.00e-03 [0.72670753]
0.250 1.00e-03 [0.58049318]
0.270 1.00e-03 [0.55163043]
0.290 1.00e-03 [0.53602734]
0.310 1.00e-03 [0.52587031]
0.330 1.00e-03 [0.51945439]
0.350 1.00e-03 [0.51490643]
0.370 1.00e-03 [0.48194158]
0.390 1.00e-03 [0.47271274]
0.410 1.00e-03 [0.45990944]
0.430 1.00e-03 [0.44893058]
0.450 1.00e-03 [0.43763505]
0.470 1.00e-03 [0.42808491]
0.490 1.00e-03 [0.41204836]
0.510 1.00e-03 [0.39877674]
0.530 1.00e-03 [0.38028828]
0.001 1.00e-09 [1.]
0.002 1.00e-09 [1.]
0.003 1.00e-09 [1.]
0.004 1.00e-09 [1.]
0.005 1.00e-09 [1.]
0.007 1.00e-09 [1.]
0.010 1.00e-09 [1.]
0.020 1.00e-09 [1.]
0.040 1.00e-09 [1.]
0.060 1.00e-09 [1.]
0.080 1.00e-09 [1.]
0.100 1.00e-09 [1.]
0.120 1.00e-09 [1.]
0.140 1.00e-09 [1.]
0.160 1.00e-09 [1.]
0.180 1.00e-09 [1.]
0.200 1.00e-09 [1.]
0.220 1.00e-09 [0.72670753]
0.250 1.00e-09 [0.58049318]
0.270 1.00e-09 [0.55163043]
0.290 1.00e-09 [0.53602734]
0.310 1.00e-09 [0.52587031]
0.330 1.00e-09 [0.51945439]
0.350 1.00e-09 [0.51490643]
0.370 1.00e-09 [0.48194158]
0.390 1.00e-09 [0.47271274]
0.410 1.00e-09 [0.45990944]
0.430 1.00e-09 [0.44893058]
0.450 1.00e-09 [0.43763505]
0.470 1.00e-09 [0.42808491]
0.490 1.00e-09 [0.41204836]
0.510 1.00e-09 [0.39877674]
0.530 1.00e-09 [0.38028828]
0.001 2.00e-09 [1.]
0.002 2.00e-09 [1.]
0.003 2.00e-09 [1.]
0.004 2.00e-09 [1.]
0.005 2.00e-09 [1.]
0.007 2.00e-09 [1.]
0.010 2.00e-09 [1.]
0.020 2.00e-09 [1.]
0.040 2.00e-09 [1.]
0.060 2.00e-09 [1.]
0.080 2.00e-09 [1.]
0.100 2.00e-09 [1.]
0.120 2.00e-09 [1.]
0.140 2.00e-09 [1.]
0.160 2.00e-09 [1.]
0.180 2.00e-09 [1.]
0.200 2.00e-09 [1.]
0.220 2.00e-09 [0.72670753]
0.250 2.00e-09 [0.58049318]
0.270 2.00e-09 [0.55163043]
0.290 2.00e-09 [0.53602734]
0.310 2.00e-09 [0.52587031]
0.330 2.00e-09 [0.51945439]
0.350 2.00e-09 [0.51490643]
0.370 2.00e-09 [0.48194158]
0.390 2.00e-09 [0.47271274]
0.410 2.00e-09 [0.45990944]
0.430 2.00e-09 [0.44893058]
0.450 2.00e-09 [0.43763505]
0.470 2.00e-09 [0.42808491]
0.490 2.00e-09 [0.41204836]
0.510 2.00e-09 [0.39877674]
0.530 2.00e-09 [0.38028828]
0.001 4.00e-09 [1.]
0.002 4.00e-09 [1.]
0.003 4.00e-09 [1.]
0.004 4.00e-09 [1.]
0.005 4.00e-09 [1.]
0.007 4.00e-09 [1.]
0.010 4.00e-09 [1.]
0.020 4.00e-09 [1.]
0.040 4.00e-09 [1.]
0.060 4.00e-09 [1.]
0.080 4.00e-09 [1.]
0.100 4.00e-09 [1.]
0.120 4.00e-09 [1.]
0.140 4.00e-09 [1.]
0.160 4.00e-09 [1.]
0.180 4.00e-09 [1.]
0.200 4.00e-09 [1.]
0.220 4.00e-09 [0.72670753]
0.250 4.00e-09 [0.58049318]
0.270 4.00e-09 [0.55163043]
0.290 4.00e-09 [0.53602734]
0.310 4.00e-09 [0.52587031]
0.330 4.00e-09 [0.51945439]
0.350 4.00e-09 [0.51490643]
0.370 4.00e-09 [0.48194158]
0.390 4.00e-09 [0.47271274]
0.410 4.00e-09 [0.45990944]
0.430 4.00e-09 [0.44893058]
0.450 4.00e-09 [0.43763505]
0.470 4.00e-09 [0.42808491]
0.490 4.00e-09 [0.41204836]
0.510 4.00e-09 [0.39877674]
0.530 4.00e-09 [0.38028828]
0.001 8.00e-09 [1.]
0.002 8.00e-09 [1.]
0.003 8.00e-09 [1.]
0.004 8.00e-09 [1.]
0.005 8.00e-09 [1.]
0.007 8.00e-09 [1.]
0.010 8.00e-09 [1.]
0.020 8.00e-09 [1.]
0.040 8.00e-09 [1.]
0.060 8.00e-09 [1.]
0.080 8.00e-09 [1.]
0.100 8.00e-09 [1.]
0.120 8.00e-09 [1.]
0.140 8.00e-09 [1.]
0.160 8.00e-09 [1.]
0.180 8.00e-09 [1.]
0.200 8.00e-09 [1.]
0.220 8.00e-09 [0.72670753]
0.250 8.00e-09 [0.58049318]
0.270 8.00e-09 [0.55163043]
0.290 8.00e-09 [0.53602734]
0.310 8.00e-09 [0.52587031]
0.330 8.00e-09 [0.51945439]
0.350 8.00e-09 [0.51490643]
0.370 8.00e-09 [0.48194158]
0.390 8.00e-09 [0.47271274]
0.410 8.00e-09 [0.45990944]
0.430 8.00e-09 [0.44893058]
0.450 8.00e-09 [0.43763505]
0.470 8.00e-09 [0.42808491]
0.490 8.00e-09 [0.41204836]
0.510 8.00e-09 [0.39877674]
0.530 8.00e-09 [0.38028828]
0.001 1.60e-08 [1.]
0.002 1.60e-08 [1.]
0.003 1.60e-08 [1.]
0.004 1.60e-08 [1.]
0.005 1.60e-08 [1.]
0.007 1.60e-08 [1.]
0.010 1.60e-08 [1.]
0.020 1.60e-08 [1.]
0.040 1.60e-08 [1.]
0.060 1.60e-08 [1.]
0.080 1.60e-08 [1.]
0.100 1.60e-08 [1.]
0.120 1.60e-08 [1.]
0.140 1.60e-08 [1.]
0.160 1.60e-08 [1.]
0.180 1.60e-08 [1.]
0.200 1.60e-08 [1.]
0.220 1.60e-08 [0.72670753]
0.250 1.60e-08 [0.58049318]
0.270 1.60e-08 [0.55163043]
0.290 1.60e-08 [0.53602734]
0.310 1.60e-08 [0.52587031]
0.330 1.60e-08 [0.51945439]
0.350 1.60e-08 [0.51490643]
0.370 1.60e-08 [0.48194158]
0.390 1.60e-08 [0.47271274]
0.410 1.60e-08 [0.45990944]
0.430 1.60e-08 [0.44893058]
0.450 1.60e-08 [0.43763505]
0.470 1.60e-08 [0.42808491]
0.490 1.60e-08 [0.41204836]
0.510 1.60e-08 [0.39877674]
0.530 1.60e-08 [0.38028828]
0.001 3.20e-08 [1.]
0.002 3.20e-08 [1.]
0.003 3.20e-08 [1.]
0.004 3.20e-08 [1.]
0.005 3.20e-08 [1.]
0.007 3.20e-08 [1.]
0.010 3.20e-08 [1.]
0.020 3.20e-08 [1.]
0.040 3.20e-08 [1.]
0.060 3.20e-08 [1.]
0.080 3.20e-08 [1.]
0.100 3.20e-08 [1.]
0.120 3.20e-08 [1.]
0.140 3.20e-08 [1.]
0.160 3.20e-08 [1.]
0.180 3.20e-08 [1.]
0.200 3.20e-08 [1.]
0.220 3.20e-08 [0.72670753]
0.250 3.20e-08 [0.58049318]
0.270 3.20e-08 [0.55163043]
0.290 3.20e-08 [0.53602734]
0.310 3.20e-08 [0.52587031]
0.330 3.20e-08 [0.51945439]
0.350 3.20e-08 [0.51490643]
0.370 3.20e-08 [0.48194158]
0.390 3.20e-08 [0.47271274]
0.410 3.20e-08 [0.45990944]
0.430 3.20e-08 [0.44893058]
0.450 3.20e-08 [0.43763505]
0.470 3.20e-08 [0.42808491]
0.490 3.20e-08 [0.41204836]
0.510 3.20e-08 [0.39877674]
0.530 3.20e-08 [0.38028828]
0.001 6.30e-08 [1.]
0.002 6.30e-08 [1.]
0.003 6.30e-08 [1.]
0.004 6.30e-08 [1.]
0.005 6.30e-08 [1.]
0.007 6.30e-08 [1.]
0.010 6.30e-08 [1.]
0.020 6.30e-08 [1.]
0.040 6.30e-08 [1.]
0.060 6.30e-08 [1.]
0.080 6.30e-08 [1.]
0.100 6.30e-08 [1.]
0.120 6.30e-08 [1.]
0.140 6.30e-08 [1.]
0.160 6.30e-08 [1.]
0.180 6.30e-08 [1.]
0.200 6.30e-08 [1.]
0.220 6.30e-08 [0.72670753]
0.250 6.30e-08 [0.58049318]
0.270 6.30e-08 [0.55163043]
0.290 6.30e-08 [0.53602734]
0.310 6.30e-08 [0.52587031]
0.330 6.30e-08 [0.51945439]
0.350 6.30e-08 [0.51490643]
0.370 6.30e-08 [0.48194158]
0.390 6.30e-08 [0.47271274]
0.410 6.30e-08 [0.45990944]
0.430 6.30e-08 [0.44893058]
0.450 6.30e-08 [0.43763505]
0.470 6.30e-08 [0.42808491]
0.490 6.30e-08 [0.41204836]
0.510 6.30e-08 [0.39877674]
0.530 6.30e-08 [0.38028828]
0.001 1.26e-07 [1.]
0.002 1.26e-07 [1.]
0.003 1.26e-07 [1.]
0.004 1.26e-07 [1.]
0.005 1.26e-07 [1.]
0.007 1.26e-07 [1.]
0.010 1.26e-07 [1.]
0.020 1.26e-07 [1.]
0.040 1.26e-07 [1.]
0.060 1.26e-07 [1.]
0.080 1.26e-07 [1.]
0.100 1.26e-07 [1.]
0.120 1.26e-07 [1.]
0.140 1.26e-07 [1.]
0.160 1.26e-07 [1.]
0.180 1.26e-07 [1.]
0.200 1.26e-07 [1.]
0.220 1.26e-07 [0.72670753]
0.250 1.26e-07 [0.58049318]
0.270 1.26e-07 [0.55163043]
0.290 1.26e-07 [0.53602734]
0.310 1.26e-07 [0.52587031]
0.330 1.26e-07 [0.51945439]
0.350 1.26e-07 [0.51490643]
0.370 1.26e-07 [0.48194158]
0.390 1.26e-07 [0.47271274]
0.410 1.26e-07 [0.45990944]
0.430 1.26e-07 [0.44893058]
0.450 1.26e-07 [0.43763505]
0.470 1.26e-07 [0.42808491]
0.490 1.26e-07 [0.41204836]
0.510 1.26e-07 [0.39877674]
0.530 1.26e-07 [0.38028828]
0.001 2.51e-07 [1.]
0.002 2.51e-07 [1.]
0.003 2.51e-07 [1.]
0.004 2.51e-07 [1.]
0.005 2.51e-07 [1.]
0.007 2.51e-07 [1.]
0.010 2.51e-07 [1.]
0.020 2.51e-07 [1.]
0.040 2.51e-07 [1.]
0.060 2.51e-07 [1.]
0.080 2.51e-07 [1.]
0.100 2.51e-07 [1.]
0.120 2.51e-07 [1.]
0.140 2.51e-07 [1.]
0.160 2.51e-07 [1.]
0.180 2.51e-07 [1.]
0.200 2.51e-07 [1.]
0.220 2.51e-07 [0.72670753]
0.250 2.51e-07 [0.58049318]
0.270 2.51e-07 [0.55163043]
0.290 2.51e-07 [0.53602734]
0.310 2.51e-07 [0.52587031]
0.330 2.51e-07 [0.51945439]
0.350 2.51e-07 [0.51490643]
0.370 2.51e-07 [0.48194158]
0.390 2.51e-07 [0.47271274]
0.410 2.51e-07 [0.45990944]
0.430 2.51e-07 [0.44893058]
0.450 2.51e-07 [0.43763505]
0.470 2.51e-07 [0.42808491]
0.490 2.51e-07 [0.41204836]
0.510 2.51e-07 [0.39877674]
0.530 2.51e-07 [0.38028828]
0.001 5.01e-07 [1.]
0.002 5.01e-07 [1.]
0.003 5.01e-07 [1.]
0.004 5.01e-07 [1.]
0.005 5.01e-07 [1.]
0.007 5.01e-07 [1.]
0.010 5.01e-07 [1.]
0.020 5.01e-07 [1.]
0.040 5.01e-07 [1.]
0.060 5.01e-07 [1.]
0.080 5.01e-07 [1.]
0.100 5.01e-07 [1.]
0.120 5.01e-07 [1.]
0.140 5.01e-07 [1.]
0.160 5.01e-07 [1.]
0.180 5.01e-07 [1.]
0.200 5.01e-07 [1.]
0.220 5.01e-07 [0.72670753]
0.250 5.01e-07 [0.58049318]
0.270 5.01e-07 [0.55163043]
0.290 5.01e-07 [0.53602734]
0.310 5.01e-07 [0.52587031]
0.330 5.01e-07 [0.51945439]
0.350 5.01e-07 [0.51490643]
0.370 5.01e-07 [0.48194158]
0.390 5.01e-07 [0.47271274]
0.410 5.01e-07 [0.45990944]
0.430 5.01e-07 [0.44893058]
0.450 5.01e-07 [0.43763505]
0.470 5.01e-07 [0.42808491]
0.490 5.01e-07 [0.41204836]
0.510 5.01e-07 [0.39877674]
0.530 5.01e-07 [0.38028828]
0.001 1.00e-06 [1.]
0.002 1.00e-06 [1.]
0.003 1.00e-06 [1.]
0.004 1.00e-06 [1.]
0.005 1.00e-06 [1.]
0.007 1.00e-06 [1.]
0.010 1.00e-06 [1.]
0.020 1.00e-06 [1.]
0.040 1.00e-06 [1.]
0.060 1.00e-06 [1.]
0.080 1.00e-06 [1.]
0.100 1.00e-06 [1.]
0.120 1.00e-06 [1.]
0.140 1.00e-06 [1.]
0.160 1.00e-06 [1.]
0.180 1.00e-06 [1.]
0.200 1.00e-06 [1.]
0.220 1.00e-06 [0.72670753]
0.250 1.00e-06 [0.58049318]
0.270 1.00e-06 [0.55163043]
0.290 1.00e-06 [0.53602734]
0.310 1.00e-06 [0.52587031]
0.330 1.00e-06 [0.51945439]
0.350 1.00e-06 [0.51490643]
0.370 1.00e-06 [0.48194158]
0.390 1.00e-06 [0.47271274]
0.410 1.00e-06 [0.45990944]
0.430 1.00e-06 [0.44893058]
0.450 1.00e-06 [0.43763505]
0.470 1.00e-06 [0.42808491]
0.490 1.00e-06 [0.41204836]
0.510 1.00e-06 [0.39877674]
0.530 1.00e-06 [0.38028828]
0.001 1.99e-06 [1.]
0.002 1.99e-06 [1.]
0.003 1.99e-06 [1.]
0.004 1.99e-06 [1.]
0.005 1.99e-06 [1.]
0.007 1.99e-06 [1.]
0.010 1.99e-06 [1.]
0.020 1.99e-06 [1.]
0.040 1.99e-06 [1.]
0.060 1.99e-06 [1.]
0.080 1.99e-06 [1.]
0.100 1.99e-06 [1.]
0.120 1.99e-06 [1.]
0.140 1.99e-06 [1.]
0.160 1.99e-06 [1.]
0.180 1.99e-06 [1.]
0.200 1.99e-06 [1.]
0.220 1.99e-06 [0.72670753]
0.250 1.99e-06 [0.58049318]
0.270 1.99e-06 [0.55163043]
0.290 1.99e-06 [0.53602734]
0.310 1.99e-06 [0.52587031]
0.330 1.99e-06 [0.51945439]
0.350 1.99e-06 [0.51490643]
0.370 1.99e-06 [0.48194158]
0.390 1.99e-06 [0.47271274]
0.410 1.99e-06 [0.45990944]
0.430 1.99e-06 [0.44893058]
0.450 1.99e-06 [0.43763505]
0.470 1.99e-06 [0.42808491]
0.490 1.99e-06 [0.41204836]
0.510 1.99e-06 [0.39877674]
0.530 1.99e-06 [0.38028828]
0.001 3.98e-06 [1.]
0.002 3.98e-06 [1.]
0.003 3.98e-06 [1.]
0.004 3.98e-06 [1.]
0.005 3.98e-06 [1.]
0.007 3.98e-06 [1.]
0.010 3.98e-06 [1.]
0.020 3.98e-06 [1.]
0.040 3.98e-06 [1.]
0.060 3.98e-06 [1.]
0.080 3.98e-06 [1.]
0.100 3.98e-06 [1.]
0.120 3.98e-06 [1.]
0.140 3.98e-06 [1.]
0.160 3.98e-06 [1.]
0.180 3.98e-06 [1.]
0.200 3.98e-06 [1.]
0.220 3.98e-06 [0.72670753]
0.250 3.98e-06 [0.58049318]
0.270 3.98e-06 [0.55163043]
0.290 3.98e-06 [0.53602734]
0.310 3.98e-06 [0.52587031]
0.330 3.98e-06 [0.51945439]
0.350 3.98e-06 [0.51490643]
0.370 3.98e-06 [0.48194158]
0.390 3.98e-06 [0.47271274]
0.410 3.98e-06 [0.45990944]
0.430 3.98e-06 [0.44893058]
0.450 3.98e-06 [0.43763505]
0.470 3.98e-06 [0.42808491]
0.490 3.98e-06 [0.41204836]
0.510 3.98e-06 [0.39877674]
0.530 3.98e-06 [0.38028828]
0.001 7.94e-06 [1.]
0.002 7.94e-06 [1.]
0.003 7.94e-06 [1.]
0.004 7.94e-06 [1.]
0.005 7.94e-06 [1.]
0.007 7.94e-06 [1.]
0.010 7.94e-06 [1.]
0.020 7.94e-06 [1.]
0.040 7.94e-06 [1.]
0.060 7.94e-06 [1.]
0.080 7.94e-06 [1.]
0.100 7.94e-06 [1.]
0.120 7.94e-06 [1.]
0.140 7.94e-06 [1.]
0.160 7.94e-06 [1.]
0.180 7.94e-06 [1.]
0.200 7.94e-06 [1.]
0.220 7.94e-06 [0.72670753]
0.250 7.94e-06 [0.58049318]
0.270 7.94e-06 [0.55163043]
0.290 7.94e-06 [0.53602734]
0.310 7.94e-06 [0.52587031]
0.330 7.94e-06 [0.51945439]
0.350 7.94e-06 [0.51490643]
0.370 7.94e-06 [0.48194158]
0.390 7.94e-06 [0.47271274]
0.410 7.94e-06 [0.45990944]
0.430 7.94e-06 [0.44893058]
0.450 7.94e-06 [0.43763505]
0.470 7.94e-06 [0.42808491]
0.490 7.94e-06 [0.41204836]
0.510 7.94e-06 [0.39877674]
0.530 7.94e-06 [0.38028828]
0.001 1.58e-05 [1.]
0.002 1.58e-05 [1.]
0.003 1.58e-05 [1.]
0.004 1.58e-05 [1.]
0.005 1.58e-05 [1.]
0.007 1.58e-05 [1.]
0.010 1.58e-05 [1.]
0.020 1.58e-05 [1.]
0.040 1.58e-05 [1.]
0.060 1.58e-05 [1.]
0.080 1.58e-05 [1.]
0.100 1.58e-05 [1.]
0.120 1.58e-05 [1.]
0.140 1.58e-05 [1.]
0.160 1.58e-05 [1.]
0.180 1.58e-05 [1.]
0.200 1.58e-05 [1.]
0.220 1.58e-05 [0.72670753]
0.250 1.58e-05 [0.58049318]
0.270 1.58e-05 [0.55163043]
0.290 1.58e-05 [0.53602734]
0.310 1.58e-05 [0.52587031]
0.330 1.58e-05 [0.51945439]
0.350 1.58e-05 [0.51490643]
0.370 1.58e-05 [0.48194158]
0.390 1.58e-05 [0.47271274]
0.410 1.58e-05 [0.45990944]
0.430 1.58e-05 [0.44893058]
0.450 1.58e-05 [0.43763505]
0.470 1.58e-05 [0.42808491]
0.490 1.58e-05 [0.41204836]
0.510 1.58e-05 [0.39877674]
0.530 1.58e-05 [0.38028828]
0.001 3.16e-05 [1.]
0.002 3.16e-05 [1.]
0.003 3.16e-05 [1.]
0.004 3.16e-05 [1.]
0.005 3.16e-05 [1.]
0.007 3.16e-05 [1.]
0.010 3.16e-05 [1.]
0.020 3.16e-05 [1.]
0.040 3.16e-05 [1.]
0.060 3.16e-05 [1.]
0.080 3.16e-05 [1.]
0.100 3.16e-05 [1.]
0.120 3.16e-05 [1.]
0.140 3.16e-05 [1.]
0.160 3.16e-05 [1.]
0.180 3.16e-05 [1.]
0.200 3.16e-05 [1.]
0.220 3.16e-05 [0.72670753]
0.250 3.16e-05 [0.58049318]
0.270 3.16e-05 [0.55163043]
0.290 3.16e-05 [0.53602734]
0.310 3.16e-05 [0.52587031]
0.330 3.16e-05 [0.51945439]
0.350 3.16e-05 [0.51490643]
0.370 3.16e-05 [0.48194158]
0.390 3.16e-05 [0.47271274]
0.410 3.16e-05 [0.45990944]
0.430 3.16e-05 [0.44893058]
0.450 3.16e-05 [0.43763505]
0.470 3.16e-05 [0.42808491]
0.490 3.16e-05 [0.41204836]
0.510 3.16e-05 [0.39877674]
0.530 3.16e-05 [0.38028828]
0.001 6.31e-05 [1.]
0.002 6.31e-05 [1.]
0.003 6.31e-05 [1.]
0.004 6.31e-05 [1.]
0.005 6.31e-05 [1.]
0.007 6.31e-05 [1.]
0.010 6.31e-05 [1.]
0.020 6.31e-05 [1.]
0.040 6.31e-05 [1.]
0.060 6.31e-05 [1.]
0.080 6.31e-05 [1.]
0.100 6.31e-05 [1.]
0.120 6.31e-05 [1.]
0.140 6.31e-05 [1.]
0.160 6.31e-05 [1.]
0.180 6.31e-05 [1.]
0.200 6.31e-05 [1.]
0.220 6.31e-05 [0.72670753]
0.250 6.31e-05 [0.58049318]
0.270 6.31e-05 [0.55163043]
0.290 6.31e-05 [0.53602734]
0.310 6.31e-05 [0.52587031]
0.330 6.31e-05 [0.51945439]
0.350 6.31e-05 [0.51490643]
0.370 6.31e-05 [0.48194158]
0.390 6.31e-05 [0.47271274]
0.410 6.31e-05 [0.45990944]
0.430 6.31e-05 [0.44893058]
0.450 6.31e-05 [0.43763505]
0.470 6.31e-05 [0.42808491]
0.490 6.31e-05 [0.41204836]
0.510 6.31e-05 [0.39877674]
0.530 6.31e-05 [0.38028828]
0.001 1.26e-04 [1.]
0.002 1.26e-04 [1.]
0.003 1.26e-04 [1.]
0.004 1.26e-04 [1.]
0.005 1.26e-04 [1.]
0.007 1.26e-04 [1.]
0.010 1.26e-04 [1.]
0.020 1.26e-04 [1.]
0.040 1.26e-04 [1.]
0.060 1.26e-04 [1.]
0.080 1.26e-04 [1.]
0.100 1.26e-04 [1.]
0.120 1.26e-04 [1.]
0.140 1.26e-04 [1.]
0.160 1.26e-04 [1.]
0.180 1.26e-04 [1.]
0.200 1.26e-04 [1.]
0.220 1.26e-04 [0.72670753]
0.250 1.26e-04 [0.58049318]
0.270 1.26e-04 [0.55163043]
0.290 1.26e-04 [0.53602734]
0.310 1.26e-04 [0.52587031]
0.330 1.26e-04 [0.51945439]
0.350 1.26e-04 [0.51490643]
0.370 1.26e-04 [0.48194158]
0.390 1.26e-04 [0.47271274]
0.410 1.26e-04 [0.45990944]
0.430 1.26e-04 [0.44893058]
0.450 1.26e-04 [0.43763505]
0.470 1.26e-04 [0.42808491]
0.490 1.26e-04 [0.41204836]
0.510 1.26e-04 [0.39877674]
0.530 1.26e-04 [0.38028828]
0.001 2.51e-04 [1.]
0.002 2.51e-04 [1.]
0.003 2.51e-04 [1.]
0.004 2.51e-04 [1.]
0.005 2.51e-04 [1.]
0.007 2.51e-04 [1.]
0.010 2.51e-04 [1.]
0.020 2.51e-04 [1.]
0.040 2.51e-04 [1.]
0.060 2.51e-04 [1.]
0.080 2.51e-04 [1.]
0.100 2.51e-04 [1.]
0.120 2.51e-04 [1.]
0.140 2.51e-04 [1.]
0.160 2.51e-04 [1.]
0.180 2.51e-04 [1.]
0.200 2.51e-04 [1.]
0.220 2.51e-04 [0.72670753]
0.250 2.51e-04 [0.58049318]
0.270 2.51e-04 [0.55163043]
0.290 2.51e-04 [0.53602734]
0.310 2.51e-04 [0.52587031]
0.330 2.51e-04 [0.51945439]
0.350 2.51e-04 [0.51490643]
0.370 2.51e-04 [0.48194158]
0.390 2.51e-04 [0.47271274]
0.410 2.51e-04 [0.45990944]
0.430 2.51e-04 [0.44893058]
0.450 2.51e-04 [0.43763505]
0.470 2.51e-04 [0.42808491]
0.490 2.51e-04 [0.41204836]
0.510 2.51e-04 [0.39877674]
0.530 2.51e-04 [0.38028828]
0.001 5.01e-04 [1.]
0.002 5.01e-04 [1.]
0.003 5.01e-04 [1.]
0.004 5.01e-04 [1.]
0.005 5.01e-04 [1.]
0.007 5.01e-04 [1.]
0.010 5.01e-04 [1.]
0.020 5.01e-04 [1.]
0.040 5.01e-04 [1.]
0.060 5.01e-04 [1.]
0.080 5.01e-04 [1.]
0.100 5.01e-04 [1.]
0.120 5.01e-04 [1.]
0.140 5.01e-04 [1.]
0.160 5.01e-04 [1.]
0.180 5.01e-04 [1.]
0.200 5.01e-04 [1.]
0.220 5.01e-04 [0.72670753]
0.250 5.01e-04 [0.58049318]
0.270 5.01e-04 [0.55163043]
0.290 5.01e-04 [0.53602734]
0.310 5.01e-04 [0.52587031]
0.330 5.01e-04 [0.51945439]
0.350 5.01e-04 [0.51490643]
0.370 5.01e-04 [0.48194158]
0.390 5.01e-04 [0.47271274]
0.410 5.01e-04 [0.45990944]
0.430 5.01e-04 [0.44893058]
0.450 5.01e-04 [0.43763505]
0.470 5.01e-04 [0.42808491]
0.490 5.01e-04 [0.41204836]
0.510 5.01e-04 [0.39877674]
0.530 5.01e-04 [0.38028828]
0.001 1.00e-03 [1.]
0.002 1.00e-03 [1.]
0.003 1.00e-03 [1.]
0.004 1.00e-03 [1.]
0.005 1.00e-03 [1.]
0.007 1.00e-03 [1.]
0.010 1.00e-03 [1.]
0.020 1.00e-03 [1.]
0.040 1.00e-03 [1.]
0.060 1.00e-03 [1.]
0.080 1.00e-03 [1.]
0.100 1.00e-03 [1.]
0.120 1.00e-03 [1.]
0.140 1.00e-03 [1.]
0.160 1.00e-03 [1.]
0.180 1.00e-03 [1.]
0.200 1.00e-03 [1.]
0.220 1.00e-03 [0.72670753]
0.250 1.00e-03 [0.58049318]
0.270 1.00e-03 [0.55163043]
0.290 1.00e-03 [0.53602734]
0.310 1.00e-03 [0.52587031]
0.330 1.00e-03 [0.51945439]
0.350 1.00e-03 [0.51490643]
0.370 1.00e-03 [0.48194158]
0.390 1.00e-03 [0.47271274]
0.410 1.00e-03 [0.45990944]
0.430 1.00e-03 [0.44893058]
0.450 1.00e-03 [0.43763505]
0.470 1.00e-03 [0.42808491]
0.490 1.00e-03 [0.41204836]
0.510 1.00e-03 [0.39877674]
0.530 1.00e-03 [0.38028828]
0.001 1.00e-09 [1.]
0.002 1.00e-09 [1.]
0.003 1.00e-09 [1.]
0.004 1.00e-09 [1.]
0.005 1.00e-09 [1.]
0.007 1.00e-09 [1.]
0.010 1.00e-09 [1.]
0.020 1.00e-09 [1.]
0.040 1.00e-09 [1.]
0.060 1.00e-09 [1.]
0.080 1.00e-09 [1.]
0.100 1.00e-09 [1.]
0.120 1.00e-09 [1.]
0.140 1.00e-09 [1.]
0.160 1.00e-09 [1.]
0.180 1.00e-09 [1.]
0.200 1.00e-09 [1.]
0.220 1.00e-09 [0.72670753]
0.250 1.00e-09 [0.58049318]
0.270 1.00e-09 [0.55163043]
0.290 1.00e-09 [0.53602734]
0.310 1.00e-09 [0.52587031]
0.330 1.00e-09 [0.51945439]
0.350 1.00e-09 [0.51490643]
0.370 1.00e-09 [0.48194158]
0.390 1.00e-09 [0.47271274]
0.410 1.00e-09 [0.45990944]
0.430 1.00e-09 [0.44893058]
0.450 1.00e-09 [0.43763505]
0.470 1.00e-09 [0.42808491]
0.490 1.00e-09 [0.41204836]
0.510 1.00e-09 [0.39877674]
0.530 1.00e-09 [0.38028828]
0.001 2.00e-09 [1.]
0.002 2.00e-09 [1.]
0.003 2.00e-09 [1.]
0.004 2.00e-09 [1.]
0.005 2.00e-09 [1.]
0.007 2.00e-09 [1.]
0.010 2.00e-09 [1.]
0.020 2.00e-09 [1.]
0.040 2.00e-09 [1.]
0.060 2.00e-09 [1.]
0.080 2.00e-09 [1.]
0.100 2.00e-09 [1.]
0.120 2.00e-09 [1.]
0.140 2.00e-09 [1.]
0.160 2.00e-09 [1.]
0.180 2.00e-09 [1.]
0.200 2.00e-09 [1.]
0.220 2.00e-09 [0.72670753]
0.250 2.00e-09 [0.58049318]
0.270 2.00e-09 [0.55163043]
0.290 2.00e-09 [0.53602734]
0.310 2.00e-09 [0.52587031]
0.330 2.00e-09 [0.51945439]
0.350 2.00e-09 [0.51490643]
0.370 2.00e-09 [0.48194158]
0.390 2.00e-09 [0.47271274]
0.410 2.00e-09 [0.45990944]
0.430 2.00e-09 [0.44893058]
0.450 2.00e-09 [0.43763505]
0.470 2.00e-09 [0.42808491]
0.490 2.00e-09 [0.41204836]
0.510 2.00e-09 [0.39877674]
0.530 2.00e-09 [0.38028828]
0.001 4.00e-09 [1.]
0.002 4.00e-09 [1.]
0.003 4.00e-09 [1.]
0.004 4.00e-09 [1.]
0.005 4.00e-09 [1.]
0.007 4.00e-09 [1.]
0.010 4.00e-09 [1.]
0.020 4.00e-09 [1.]
0.040 4.00e-09 [1.]
0.060 4.00e-09 [1.]
0.080 4.00e-09 [1.]
0.100 4.00e-09 [1.]
0.120 4.00e-09 [1.]
0.140 4.00e-09 [1.]
0.160 4.00e-09 [1.]
0.180 4.00e-09 [1.]
0.200 4.00e-09 [1.]
0.220 4.00e-09 [0.72670753]
0.250 4.00e-09 [0.58049318]
0.270 4.00e-09 [0.55163043]
0.290 4.00e-09 [0.53602734]
0.310 4.00e-09 [0.52587031]
0.330 4.00e-09 [0.51945439]
0.350 4.00e-09 [0.51490643]
0.370 4.00e-09 [0.48194158]
0.390 4.00e-09 [0.47271274]
0.410 4.00e-09 [0.45990944]
0.430 4.00e-09 [0.44893058]
0.450 4.00e-09 [0.43763505]
0.470 4.00e-09 [0.42808491]
0.490 4.00e-09 [0.41204836]
0.510 4.00e-09 [0.39877674]
0.530 4.00e-09 [0.38028828]
0.001 8.00e-09 [1.]
0.002 8.00e-09 [1.]
0.003 8.00e-09 [1.]
0.004 8.00e-09 [1.]
0.005 8.00e-09 [1.]
0.007 8.00e-09 [1.]
0.010 8.00e-09 [1.]
0.020 8.00e-09 [1.]
0.040 8.00e-09 [1.]
0.060 8.00e-09 [1.]
0.080 8.00e-09 [1.]
0.100 8.00e-09 [1.]
0.120 8.00e-09 [1.]
0.140 8.00e-09 [1.]
0.160 8.00e-09 [1.]
0.180 8.00e-09 [1.]
0.200 8.00e-09 [1.]
0.220 8.00e-09 [0.72670753]
0.250 8.00e-09 [0.58049318]
0.270 8.00e-09 [0.55163043]
0.290 8.00e-09 [0.53602734]
0.310 8.00e-09 [0.52587031]
0.330 8.00e-09 [0.51945439]
0.350 8.00e-09 [0.51490643]
0.370 8.00e-09 [0.48194158]
0.390 8.00e-09 [0.47271274]
0.410 8.00e-09 [0.45990944]
0.430 8.00e-09 [0.44893058]
0.450 8.00e-09 [0.43763505]
0.470 8.00e-09 [0.42808491]
0.490 8.00e-09 [0.41204836]
0.510 8.00e-09 [0.39877674]
0.530 8.00e-09 [0.38028828]
0.001 1.60e-08 [1.]
0.002 1.60e-08 [1.]
0.003 1.60e-08 [1.]
0.004 1.60e-08 [1.]
0.005 1.60e-08 [1.]
0.007 1.60e-08 [1.]
0.010 1.60e-08 [1.]
0.020 1.60e-08 [1.]
0.040 1.60e-08 [1.]
0.060 1.60e-08 [1.]
0.080 1.60e-08 [1.]
0.100 1.60e-08 [1.]
0.120 1.60e-08 [1.]
0.140 1.60e-08 [1.]
0.160 1.60e-08 [1.]
0.180 1.60e-08 [1.]
0.200 1.60e-08 [1.]
0.220 1.60e-08 [0.72670753]
0.250 1.60e-08 [0.58049318]
0.270 1.60e-08 [0.55163043]
0.290 1.60e-08 [0.53602734]
0.310 1.60e-08 [0.52587031]
0.330 1.60e-08 [0.51945439]
0.350 1.60e-08 [0.51490643]
0.370 1.60e-08 [0.48194158]
0.390 1.60e-08 [0.47271274]
0.410 1.60e-08 [0.45990944]
0.430 1.60e-08 [0.44893058]
0.450 1.60e-08 [0.43763505]
0.470 1.60e-08 [0.42808491]
0.490 1.60e-08 [0.41204836]
0.510 1.60e-08 [0.39877674]
0.530 1.60e-08 [0.38028828]
0.001 3.20e-08 [1.]
0.002 3.20e-08 [1.]
0.003 3.20e-08 [1.]
0.004 3.20e-08 [1.]
0.005 3.20e-08 [1.]
0.007 3.20e-08 [1.]
0.010 3.20e-08 [1.]
0.020 3.20e-08 [1.]
0.040 3.20e-08 [1.]
0.060 3.20e-08 [1.]
0.080 3.20e-08 [1.]
0.100 3.20e-08 [1.]
0.120 3.20e-08 [1.]
0.140 3.20e-08 [1.]
0.160 3.20e-08 [1.]
0.180 3.20e-08 [1.]
0.200 3.20e-08 [1.]
0.220 3.20e-08 [0.72670753]
0.250 3.20e-08 [0.58049318]
0.270 3.20e-08 [0.55163043]
0.290 3.20e-08 [0.53602734]
0.310 3.20e-08 [0.52587031]
0.330 3.20e-08 [0.51945439]
0.350 3.20e-08 [0.51490643]
0.370 3.20e-08 [0.48194158]
0.390 3.20e-08 [0.47271274]
0.410 3.20e-08 [0.45990944]
0.430 3.20e-08 [0.44893058]
0.450 3.20e-08 [0.43763505]
0.470 3.20e-08 [0.42808491]
0.490 3.20e-08 [0.41204836]
0.510 3.20e-08 [0.39877674]
0.530 3.20e-08 [0.38028828]
0.001 6.30e-08 [1.]
0.002 6.30e-08 [1.]
0.003 6.30e-08 [1.]
0.004 6.30e-08 [1.]
0.005 6.30e-08 [1.]
0.007 6.30e-08 [1.]
0.010 6.30e-08 [1.]
0.020 6.30e-08 [1.]
0.040 6.30e-08 [1.]
0.060 6.30e-08 [1.]
0.080 6.30e-08 [1.]
0.100 6.30e-08 [1.]
0.120 6.30e-08 [1.]
0.140 6.30e-08 [1.]
0.160 6.30e-08 [1.]
0.180 6.30e-08 [1.]
0.200 6.30e-08 [1.]
0.220 6.30e-08 [0.72670753]
0.250 6.30e-08 [0.58049318]
0.270 6.30e-08 [0.55163043]
0.290 6.30e-08 [0.53602734]
0.310 6.30e-08 [0.52587031]
0.330 6.30e-08 [0.51945439]
0.350 6.30e-08 [0.51490643]
0.370 6.30e-08 [0.48194158]
0.390 6.30e-08 [0.47271274]
0.410 6.30e-08 [0.45990944]
0.430 6.30e-08 [0.44893058]
0.450 6.30e-08 [0.43763505]
0.470 6.30e-08 [0.42808491]
0.490 6.30e-08 [0.41204836]
0.510 6.30e-08 [0.39877674]
0.530 6.30e-08 [0.38028828]
0.001 1.26e-07 [1.]
0.002 1.26e-07 [1.]
0.003 1.26e-07 [1.]
0.004 1.26e-07 [1.]
0.005 1.26e-07 [1.]
0.007 1.26e-07 [1.]
0.010 1.26e-07 [1.]
0.020 1.26e-07 [1.]
0.040 1.26e-07 [1.]
0.060 1.26e-07 [1.]
0.080 1.26e-07 [1.]
0.100 1.26e-07 [1.]
0.120 1.26e-07 [1.]
0.140 1.26e-07 [1.]
0.160 1.26e-07 [1.]
0.180 1.26e-07 [1.]
0.200 1.26e-07 [1.]
0.220 1.26e-07 [0.72670753]
0.250 1.26e-07 [0.58049318]
0.270 1.26e-07 [0.55163043]
0.290 1.26e-07 [0.53602734]
0.310 1.26e-07 [0.52587031]
0.330 1.26e-07 [0.51945439]
0.350 1.26e-07 [0.51490643]
0.370 1.26e-07 [0.48194158]
0.390 1.26e-07 [0.47271274]
0.410 1.26e-07 [0.45990944]
0.430 1.26e-07 [0.44893058]
0.450 1.26e-07 [0.43763505]
0.470 1.26e-07 [0.42808491]
0.490 1.26e-07 [0.41204836]
0.510 1.26e-07 [0.39877674]
0.530 1.26e-07 [0.38028828]
0.001 2.51e-07 [1.]
0.002 2.51e-07 [1.]
0.003 2.51e-07 [1.]
0.004 2.51e-07 [1.]
0.005 2.51e-07 [1.]
0.007 2.51e-07 [1.]
0.010 2.51e-07 [1.]
0.020 2.51e-07 [1.]
0.040 2.51e-07 [1.]
0.060 2.51e-07 [1.]
0.080 2.51e-07 [1.]
0.100 2.51e-07 [1.]
0.120 2.51e-07 [1.]
0.140 2.51e-07 [1.]
0.160 2.51e-07 [1.]
0.180 2.51e-07 [1.]
0.200 2.51e-07 [1.]
0.220 2.51e-07 [0.72670753]
0.250 2.51e-07 [0.58049318]
0.270 2.51e-07 [0.55163043]
0.290 2.51e-07 [0.53602734]
0.310 2.51e-07 [0.52587031]
0.330 2.51e-07 [0.51945439]
0.350 2.51e-07 [0.51490643]
0.370 2.51e-07 [0.48194158]
0.390 2.51e-07 [0.47271274]
0.410 2.51e-07 [0.45990944]
0.430 2.51e-07 [0.44893058]
0.450 2.51e-07 [0.43763505]
0.470 2.51e-07 [0.42808491]
0.490 2.51e-07 [0.41204836]
0.510 2.51e-07 [0.39877674]
0.530 2.51e-07 [0.38028828]
0.001 5.01e-07 [1.]
0.002 5.01e-07 [1.]
0.003 5.01e-07 [1.]
0.004 5.01e-07 [1.]
0.005 5.01e-07 [1.]
0.007 5.01e-07 [1.]
0.010 5.01e-07 [1.]
0.020 5.01e-07 [1.]
0.040 5.01e-07 [1.]
0.060 5.01e-07 [1.]
0.080 5.01e-07 [1.]
0.100 5.01e-07 [1.]
0.120 5.01e-07 [1.]
0.140 5.01e-07 [1.]
0.160 5.01e-07 [1.]
0.180 5.01e-07 [1.]
0.200 5.01e-07 [1.]
0.220 5.01e-07 [0.72670753]
0.250 5.01e-07 [0.58049318]
0.270 5.01e-07 [0.55163043]
0.290 5.01e-07 [0.53602734]
0.310 5.01e-07 [0.52587031]
0.330 5.01e-07 [0.51945439]
0.350 5.01e-07 [0.51490643]
0.370 5.01e-07 [0.48194158]
0.390 5.01e-07 [0.47271274]
0.410 5.01e-07 [0.45990944]
0.430 5.01e-07 [0.44893058]
0.450 5.01e-07 [0.43763505]
0.470 5.01e-07 [0.42808491]
0.490 5.01e-07 [0.41204836]
0.510 5.01e-07 [0.39877674]
0.530 5.01e-07 [0.38028828]
0.001 1.00e-06 [1.]
0.002 1.00e-06 [1.]
0.003 1.00e-06 [1.]
0.004 1.00e-06 [1.]
0.005 1.00e-06 [1.]
0.007 1.00e-06 [1.]
0.010 1.00e-06 [1.]
0.020 1.00e-06 [1.]
0.040 1.00e-06 [1.]
0.060 1.00e-06 [1.]
0.080 1.00e-06 [1.]
0.100 1.00e-06 [1.]
0.120 1.00e-06 [1.]
0.140 1.00e-06 [1.]
0.160 1.00e-06 [1.]
0.180 1.00e-06 [1.]
0.200 1.00e-06 [1.]
0.220 1.00e-06 [0.72670753]
0.250 1.00e-06 [0.58049318]
0.270 1.00e-06 [0.55163043]
0.290 1.00e-06 [0.53602734]
0.310 1.00e-06 [0.52587031]
0.330 1.00e-06 [0.51945439]
0.350 1.00e-06 [0.51490643]
0.370 1.00e-06 [0.48194158]
0.390 1.00e-06 [0.47271274]
0.410 1.00e-06 [0.45990944]
0.430 1.00e-06 [0.44893058]
0.450 1.00e-06 [0.43763505]
0.470 1.00e-06 [0.42808491]
0.490 1.00e-06 [0.41204836]
0.510 1.00e-06 [0.39877674]
0.530 1.00e-06 [0.38028828]
0.001 1.99e-06 [1.]
0.002 1.99e-06 [1.]
0.003 1.99e-06 [1.]
0.004 1.99e-06 [1.]
0.005 1.99e-06 [1.]
0.007 1.99e-06 [1.]
0.010 1.99e-06 [1.]
0.020 1.99e-06 [1.]
0.040 1.99e-06 [1.]
0.060 1.99e-06 [1.]
0.080 1.99e-06 [1.]
0.100 1.99e-06 [1.]
0.120 1.99e-06 [1.]
0.140 1.99e-06 [1.]
0.160 1.99e-06 [1.]
0.180 1.99e-06 [1.]
0.200 1.99e-06 [1.]
0.220 1.99e-06 [0.72670753]
0.250 1.99e-06 [0.58049318]
0.270 1.99e-06 [0.55163043]
0.290 1.99e-06 [0.53602734]
0.310 1.99e-06 [0.52587031]
0.330 1.99e-06 [0.51945439]
0.350 1.99e-06 [0.51490643]
0.370 1.99e-06 [0.48194158]
0.390 1.99e-06 [0.47271274]
0.410 1.99e-06 [0.45990944]
0.430 1.99e-06 [0.44893058]
0.450 1.99e-06 [0.43763505]
0.470 1.99e-06 [0.42808491]
0.490 1.99e-06 [0.41204836]
0.510 1.99e-06 [0.39877674]
0.530 1.99e-06 [0.38028828]
0.001 3.98e-06 [1.]
0.002 3.98e-06 [1.]
0.003 3.98e-06 [1.]
0.004 3.98e-06 [1.]
0.005 3.98e-06 [1.]
0.007 3.98e-06 [1.]
0.010 3.98e-06 [1.]
0.020 3.98e-06 [1.]
0.040 3.98e-06 [1.]
0.060 3.98e-06 [1.]
0.080 3.98e-06 [1.]
0.100 3.98e-06 [1.]
0.120 3.98e-06 [1.]
0.140 3.98e-06 [1.]
0.160 3.98e-06 [1.]
0.180 3.98e-06 [1.]
0.200 3.98e-06 [1.]
0.220 3.98e-06 [0.72670753]
0.250 3.98e-06 [0.58049318]
0.270 3.98e-06 [0.55163043]
0.290 3.98e-06 [0.53602734]
0.310 3.98e-06 [0.52587031]
0.330 3.98e-06 [0.51945439]
0.350 3.98e-06 [0.51490643]
0.370 3.98e-06 [0.48194158]
0.390 3.98e-06 [0.47271274]
0.410 3.98e-06 [0.45990944]
0.430 3.98e-06 [0.44893058]
0.450 3.98e-06 [0.43763505]
0.470 3.98e-06 [0.42808491]
0.490 3.98e-06 [0.41204836]
0.510 3.98e-06 [0.39877674]
0.530 3.98e-06 [0.38028828]
0.001 7.94e-06 [1.]
0.002 7.94e-06 [1.]
0.003 7.94e-06 [1.]
0.004 7.94e-06 [1.]
0.005 7.94e-06 [1.]
0.007 7.94e-06 [1.]
0.010 7.94e-06 [1.]
0.020 7.94e-06 [1.]
0.040 7.94e-06 [1.]
0.060 7.94e-06 [1.]
0.080 7.94e-06 [1.]
0.100 7.94e-06 [1.]
0.120 7.94e-06 [1.]
0.140 7.94e-06 [1.]
0.160 7.94e-06 [1.]
0.180 7.94e-06 [1.]
0.200 7.94e-06 [1.]
0.220 7.94e-06 [0.72670753]
0.250 7.94e-06 [0.58049318]
0.270 7.94e-06 [0.55163043]
0.290 7.94e-06 [0.53602734]
0.310 7.94e-06 [0.52587031]
0.330 7.94e-06 [0.51945439]
0.350 7.94e-06 [0.51490643]
0.370 7.94e-06 [0.48194158]
0.390 7.94e-06 [0.47271274]
0.410 7.94e-06 [0.45990944]
0.430 7.94e-06 [0.44893058]
0.450 7.94e-06 [0.43763505]
0.470 7.94e-06 [0.42808491]
0.490 7.94e-06 [0.41204836]
0.510 7.94e-06 [0.39877674]
0.530 7.94e-06 [0.38028828]
0.001 1.58e-05 [1.]
0.002 1.58e-05 [1.]
0.003 1.58e-05 [1.]
0.004 1.58e-05 [1.]
0.005 1.58e-05 [1.]
0.007 1.58e-05 [1.]
0.010 1.58e-05 [1.]
0.020 1.58e-05 [1.]
0.040 1.58e-05 [1.]
0.060 1.58e-05 [1.]
0.080 1.58e-05 [1.]
0.100 1.58e-05 [1.]
0.120 1.58e-05 [1.]
0.140 1.58e-05 [1.]
0.160 1.58e-05 [1.]
0.180 1.58e-05 [1.]
0.200 1.58e-05 [1.]
0.220 1.58e-05 [0.72670753]
0.250 1.58e-05 [0.58049318]
0.270 1.58e-05 [0.55163043]
0.290 1.58e-05 [0.53602734]
0.310 1.58e-05 [0.52587031]
0.330 1.58e-05 [0.51945439]
0.350 1.58e-05 [0.51490643]
0.370 1.58e-05 [0.48194158]
0.390 1.58e-05 [0.47271274]
0.410 1.58e-05 [0.45990944]
0.430 1.58e-05 [0.44893058]
0.450 1.58e-05 [0.43763505]
0.470 1.58e-05 [0.42808491]
0.490 1.58e-05 [0.41204836]
0.510 1.58e-05 [0.39877674]
0.530 1.58e-05 [0.38028828]
0.001 3.16e-05 [1.]
0.002 3.16e-05 [1.]
0.003 3.16e-05 [1.]
0.004 3.16e-05 [1.]
0.005 3.16e-05 [1.]
0.007 3.16e-05 [1.]
0.010 3.16e-05 [1.]
0.020 3.16e-05 [1.]
0.040 3.16e-05 [1.]
0.060 3.16e-05 [1.]
0.080 3.16e-05 [1.]
0.100 3.16e-05 [1.]
0.120 3.16e-05 [1.]
0.140 3.16e-05 [1.]
0.160 3.16e-05 [1.]
0.180 3.16e-05 [1.]
0.200 3.16e-05 [1.]
0.220 3.16e-05 [0.72670753]
0.250 3.16e-05 [0.58049318]
0.270 3.16e-05 [0.55163043]
0.290 3.16e-05 [0.53602734]
0.310 3.16e-05 [0.52587031]
0.330 3.16e-05 [0.51945439]
0.350 3.16e-05 [0.51490643]
0.370 3.16e-05 [0.48194158]
0.390 3.16e-05 [0.47271274]
0.410 3.16e-05 [0.45990944]
0.430 3.16e-05 [0.44893058]
0.450 3.16e-05 [0.43763505]
0.470 3.16e-05 [0.42808491]
0.490 3.16e-05 [0.41204836]
0.510 3.16e-05 [0.39877674]
0.530 3.16e-05 [0.38028828]
0.001 6.31e-05 [1.]
0.002 6.31e-05 [1.]
0.003 6.31e-05 [1.]
0.004 6.31e-05 [1.]
0.005 6.31e-05 [1.]
0.007 6.31e-05 [1.]
0.010 6.31e-05 [1.]
0.020 6.31e-05 [1.]
0.040 6.31e-05 [1.]
0.060 6.31e-05 [1.]
0.080 6.31e-05 [1.]
0.100 6.31e-05 [1.]
0.120 6.31e-05 [1.]
0.140 6.31e-05 [1.]
0.160 6.31e-05 [1.]
0.180 6.31e-05 [1.]
0.200 6.31e-05 [1.]
0.220 6.31e-05 [0.72670753]
0.250 6.31e-05 [0.58049318]
0.270 6.31e-05 [0.55163043]
0.290 6.31e-05 [0.53602734]
0.310 6.31e-05 [0.52587031]
0.330 6.31e-05 [0.51945439]
0.350 6.31e-05 [0.51490643]
0.370 6.31e-05 [0.48194158]
0.390 6.31e-05 [0.47271274]
0.410 6.31e-05 [0.45990944]
0.430 6.31e-05 [0.44893058]
0.450 6.31e-05 [0.43763505]
0.470 6.31e-05 [0.42808491]
0.490 6.31e-05 [0.41204836]
0.510 6.31e-05 [0.39877674]
0.530 6.31e-05 [0.38028828]
0.001 1.26e-04 [1.]
0.002 1.26e-04 [1.]
0.003 1.26e-04 [1.]
0.004 1.26e-04 [1.]
0.005 1.26e-04 [1.]
0.007 1.26e-04 [1.]
0.010 1.26e-04 [1.]
0.020 1.26e-04 [1.]
0.040 1.26e-04 [1.]
0.060 1.26e-04 [1.]
0.080 1.26e-04 [1.]
0.100 1.26e-04 [1.]
0.120 1.26e-04 [1.]
0.140 1.26e-04 [1.]
0.160 1.26e-04 [1.]
0.180 1.26e-04 [1.]
0.200 1.26e-04 [1.]
0.220 1.26e-04 [0.72670753]
0.250 1.26e-04 [0.58049318]
0.270 1.26e-04 [0.55163043]
0.290 1.26e-04 [0.53602734]
0.310 1.26e-04 [0.52587031]
0.330 1.26e-04 [0.51945439]
0.350 1.26e-04 [0.51490643]
0.370 1.26e-04 [0.48194158]
0.390 1.26e-04 [0.47271274]
0.410 1.26e-04 [0.45990944]
0.430 1.26e-04 [0.44893058]
0.450 1.26e-04 [0.43763505]
0.470 1.26e-04 [0.42808491]
0.490 1.26e-04 [0.41204836]
0.510 1.26e-04 [0.39877674]
0.530 1.26e-04 [0.38028828]
0.001 2.51e-04 [1.]
0.002 2.51e-04 [1.]
0.003 2.51e-04 [1.]
0.004 2.51e-04 [1.]
0.005 2.51e-04 [1.]
0.007 2.51e-04 [1.]
0.010 2.51e-04 [1.]
0.020 2.51e-04 [1.]
0.040 2.51e-04 [1.]
0.060 2.51e-04 [1.]
0.080 2.51e-04 [1.]
0.100 2.51e-04 [1.]
0.120 2.51e-04 [1.]
0.140 2.51e-04 [1.]
0.160 2.51e-04 [1.]
0.180 2.51e-04 [1.]
0.200 2.51e-04 [1.]
0.220 2.51e-04 [0.72670753]
0.250 2.51e-04 [0.58049318]
0.270 2.51e-04 [0.55163043]
0.290 2.51e-04 [0.53602734]
0.310 2.51e-04 [0.52587031]
0.330 2.51e-04 [0.51945439]
0.350 2.51e-04 [0.51490643]
0.370 2.51e-04 [0.48194158]
0.390 2.51e-04 [0.47271274]
0.410 2.51e-04 [0.45990944]
0.430 2.51e-04 [0.44893058]
0.450 2.51e-04 [0.43763505]
0.470 2.51e-04 [0.42808491]
0.490 2.51e-04 [0.41204836]
0.510 2.51e-04 [0.39877674]
0.530 2.51e-04 [0.38028828]
0.001 5.01e-04 [1.]
0.002 5.01e-04 [1.]
0.003 5.01e-04 [1.]
0.004 5.01e-04 [1.]
0.005 5.01e-04 [1.]
0.007 5.01e-04 [1.]
0.010 5.01e-04 [1.]
0.020 5.01e-04 [1.]
0.040 5.01e-04 [1.]
0.060 5.01e-04 [1.]
0.080 5.01e-04 [1.]
0.100 5.01e-04 [1.]
0.120 5.01e-04 [1.]
0.140 5.01e-04 [1.]
0.160 5.01e-04 [1.]
0.180 5.01e-04 [1.]
0.200 5.01e-04 [1.]
0.220 5.01e-04 [0.72670753]
0.250 5.01e-04 [0.58049318]
0.270 5.01e-04 [0.55163043]
0.290 5.01e-04 [0.53602734]
0.310 5.01e-04 [0.52587031]
0.330 5.01e-04 [0.51945439]
0.350 5.01e-04 [0.51490643]
0.370 5.01e-04 [0.48194158]
0.390 5.01e-04 [0.47271274]
0.410 5.01e-04 [0.45990944]
0.430 5.01e-04 [0.44893058]
0.450 5.01e-04 [0.43763505]
0.470 5.01e-04 [0.42808491]
0.490 5.01e-04 [0.41204836]
0.510 5.01e-04 [0.39877674]
0.530 5.01e-04 [0.38028828]
0.001 1.00e-03 [1.]
0.002 1.00e-03 [1.]
0.003 1.00e-03 [1.]
0.004 1.00e-03 [1.]
0.005 1.00e-03 [1.]
0.007 1.00e-03 [1.]
0.010 1.00e-03 [1.]
0.020 1.00e-03 [1.]
0.040 1.00e-03 [1.]
0.060 1.00e-03 [1.]
0.080 1.00e-03 [1.]
0.100 1.00e-03 [1.]
0.120 1.00e-03 [1.]
0.140 1.00e-03 [1.]
0.160 1.00e-03 [1.]
0.180 1.00e-03 [1.]
0.200 1.00e-03 [1.]
0.220 1.00e-03 [0.72670753]
0.250 1.00e-03 [0.58049318]
0.270 1.00e-03 [0.55163043]
0.290 1.00e-03 [0.53602734]
0.310 1.00e-03 [0.52587031]
0.330 1.00e-03 [0.51945439]
0.350 1.00e-03 [0.51490643]
0.370 1.00e-03 [0.48194158]
0.390 1.00e-03 [0.47271274]
0.410 1.00e-03 [0.45990944]
0.430 1.00e-03 [0.44893058]
0.450 1.00e-03 [0.43763505]
0.470 1.00e-03 [0.42808491]
0.490 1.00e-03 [0.41204836]
0.510 1.00e-03 [0.39877674]
0.530 1.00e-03 [0.38028828]
0.001 1.00e-09 [1.]
0.002 1.00e-09 [1.]
0.003 1.00e-09 [1.]
0.004 1.00e-09 [1.]
0.005 1.00e-09 [1.]
0.007 1.00e-09 [1.]
0.010 1.00e-09 [1.]
0.020 1.00e-09 [1.]
0.040 1.00e-09 [1.]
0.060 1.00e-09 [1.]
0.080 1.00e-09 [1.]
0.100 1.00e-09 [1.]
0.120 1.00e-09 [1.]
0.140 1.00e-09 [1.]
0.160 1.00e-09 [1.]
0.180 1.00e-09 [1.]
0.200 1.00e-09 [1.]
0.220 1.00e-09 [0.72670753]
0.250 1.00e-09 [0.58049318]
0.270 1.00e-09 [0.55163043]
0.290 1.00e-09 [0.53602734]
0.310 1.00e-09 [0.52587031]
0.330 1.00e-09 [0.51945439]
0.350 1.00e-09 [0.51490643]
0.370 1.00e-09 [0.48194158]
0.390 1.00e-09 [0.47271274]
0.410 1.00e-09 [0.45990944]
0.430 1.00e-09 [0.44893058]
0.450 1.00e-09 [0.43763505]
0.470 1.00e-09 [0.42808491]
0.490 1.00e-09 [0.41204836]
0.510 1.00e-09 [0.39877674]
0.530 1.00e-09 [0.38028828]
0.001 2.00e-09 [1.]
0.002 2.00e-09 [1.]
0.003 2.00e-09 [1.]
0.004 2.00e-09 [1.]
0.005 2.00e-09 [1.]
0.007 2.00e-09 [1.]
0.010 2.00e-09 [1.]
0.020 2.00e-09 [1.]
0.040 2.00e-09 [1.]
0.060 2.00e-09 [1.]
0.080 2.00e-09 [1.]
0.100 2.00e-09 [1.]
0.120 2.00e-09 [1.]
0.140 2.00e-09 [1.]
0.160 2.00e-09 [1.]
0.180 2.00e-09 [1.]
0.200 2.00e-09 [1.]
0.220 2.00e-09 [0.72670753]
0.250 2.00e-09 [0.58049318]
0.270 2.00e-09 [0.55163043]
0.290 2.00e-09 [0.53602734]
0.310 2.00e-09 [0.52587031]
0.330 2.00e-09 [0.51945439]
0.350 2.00e-09 [0.51490643]
0.370 2.00e-09 [0.48194158]
0.390 2.00e-09 [0.47271274]
0.410 2.00e-09 [0.45990944]
0.430 2.00e-09 [0.44893058]
0.450 2.00e-09 [0.43763505]
0.470 2.00e-09 [0.42808491]
0.490 2.00e-09 [0.41204836]
0.510 2.00e-09 [0.39877674]
0.530 2.00e-09 [0.38028828]
0.001 4.00e-09 [1.]
0.002 4.00e-09 [1.]
0.003 4.00e-09 [1.]
0.004 4.00e-09 [1.]
0.005 4.00e-09 [1.]
0.007 4.00e-09 [1.]
0.010 4.00e-09 [1.]
0.020 4.00e-09 [1.]
0.040 4.00e-09 [1.]
0.060 4.00e-09 [1.]
0.080 4.00e-09 [1.]
0.100 4.00e-09 [1.]
0.120 4.00e-09 [1.]
0.140 4.00e-09 [1.]
0.160 4.00e-09 [1.]
0.180 4.00e-09 [1.]
0.200 4.00e-09 [1.]
0.220 4.00e-09 [0.72670753]
0.250 4.00e-09 [0.58049318]
0.270 4.00e-09 [0.55163043]
0.290 4.00e-09 [0.53602734]
0.310 4.00e-09 [0.52587031]
0.330 4.00e-09 [0.51945439]
0.350 4.00e-09 [0.51490643]
0.370 4.00e-09 [0.48194158]
0.390 4.00e-09 [0.47271274]
0.410 4.00e-09 [0.45990944]
0.430 4.00e-09 [0.44893058]
0.450 4.00e-09 [0.43763505]
0.470 4.00e-09 [0.42808491]
0.490 4.00e-09 [0.41204836]
0.510 4.00e-09 [0.39877674]
0.530 4.00e-09 [0.38028828]
0.001 8.00e-09 [1.]
0.002 8.00e-09 [1.]
0.003 8.00e-09 [1.]
0.004 8.00e-09 [1.]
0.005 8.00e-09 [1.]
0.007 8.00e-09 [1.]
0.010 8.00e-09 [1.]
0.020 8.00e-09 [1.]
0.040 8.00e-09 [1.]
0.060 8.00e-09 [1.]
0.080 8.00e-09 [1.]
0.100 8.00e-09 [1.]
0.120 8.00e-09 [1.]
0.140 8.00e-09 [1.]
0.160 8.00e-09 [1.]
0.180 8.00e-09 [1.]
0.200 8.00e-09 [1.]
0.220 8.00e-09 [0.72670753]
0.250 8.00e-09 [0.58049318]
0.270 8.00e-09 [0.55163043]
0.290 8.00e-09 [0.53602734]
0.310 8.00e-09 [0.52587031]
0.330 8.00e-09 [0.51945439]
0.350 8.00e-09 [0.51490643]
0.370 8.00e-09 [0.48194158]
0.390 8.00e-09 [0.47271274]
0.410 8.00e-09 [0.45990944]
0.430 8.00e-09 [0.44893058]
0.450 8.00e-09 [0.43763505]
0.470 8.00e-09 [0.42808491]
0.490 8.00e-09 [0.41204836]
0.510 8.00e-09 [0.39877674]
0.530 8.00e-09 [0.38028828]
0.001 1.60e-08 [1.]
0.002 1.60e-08 [1.]
0.003 1.60e-08 [1.]
0.004 1.60e-08 [1.]
0.005 1.60e-08 [1.]
0.007 1.60e-08 [1.]
0.010 1.60e-08 [1.]
0.020 1.60e-08 [1.]
0.040 1.60e-08 [1.]
0.060 1.60e-08 [1.]
0.080 1.60e-08 [1.]
0.100 1.60e-08 [1.]
0.120 1.60e-08 [1.]
0.140 1.60e-08 [1.]
0.160 1.60e-08 [1.]
0.180 1.60e-08 [1.]
0.200 1.60e-08 [1.]
0.220 1.60e-08 [0.72670753]
0.250 1.60e-08 [0.58049318]
0.270 1.60e-08 [0.55163043]
0.290 1.60e-08 [0.53602734]
0.310 1.60e-08 [0.52587031]
0.330 1.60e-08 [0.51945439]
0.350 1.60e-08 [0.51490643]
0.370 1.60e-08 [0.48194158]
0.390 1.60e-08 [0.47271274]
0.410 1.60e-08 [0.45990944]
0.430 1.60e-08 [0.44893058]
0.450 1.60e-08 [0.43763505]
0.470 1.60e-08 [0.42808491]
0.490 1.60e-08 [0.41204836]
0.510 1.60e-08 [0.39877674]
0.530 1.60e-08 [0.38028828]
0.001 3.20e-08 [1.]
0.002 3.20e-08 [1.]
0.003 3.20e-08 [1.]
0.004 3.20e-08 [1.]
0.005 3.20e-08 [1.]
0.007 3.20e-08 [1.]
0.010 3.20e-08 [1.]
0.020 3.20e-08 [1.]
0.040 3.20e-08 [1.]
0.060 3.20e-08 [1.]
0.080 3.20e-08 [1.]
0.100 3.20e-08 [1.]
0.120 3.20e-08 [1.]
0.140 3.20e-08 [1.]
0.160 3.20e-08 [1.]
0.180 3.20e-08 [1.]
0.200 3.20e-08 [1.]
0.220 3.20e-08 [0.72670753]
0.250 3.20e-08 [0.58049318]
0.270 3.20e-08 [0.55163043]
0.290 3.20e-08 [0.53602734]
0.310 3.20e-08 [0.52587031]
0.330 3.20e-08 [0.51945439]
0.350 3.20e-08 [0.51490643]
0.370 3.20e-08 [0.48194158]
0.390 3.20e-08 [0.47271274]
0.410 3.20e-08 [0.45990944]
0.430 3.20e-08 [0.44893058]
0.450 3.20e-08 [0.43763505]
0.470 3.20e-08 [0.42808491]
0.490 3.20e-08 [0.41204836]
0.510 3.20e-08 [0.39877674]
0.530 3.20e-08 [0.38028828]
0.001 6.30e-08 [1.]
0.002 6.30e-08 [1.]
0.003 6.30e-08 [1.]
0.004 6.30e-08 [1.]
0.005 6.30e-08 [1.]
0.007 6.30e-08 [1.]
0.010 6.30e-08 [1.]
0.020 6.30e-08 [1.]
0.040 6.30e-08 [1.]
0.060 6.30e-08 [1.]
0.080 6.30e-08 [1.]
0.100 6.30e-08 [1.]
0.120 6.30e-08 [1.]
0.140 6.30e-08 [1.]
0.160 6.30e-08 [1.]
0.180 6.30e-08 [1.]
0.200 6.30e-08 [1.]
0.220 6.30e-08 [0.72670753]
0.250 6.30e-08 [0.58049318]
0.270 6.30e-08 [0.55163043]
0.290 6.30e-08 [0.53602734]
0.310 6.30e-08 [0.52587031]
0.330 6.30e-08 [0.51945439]
0.350 6.30e-08 [0.51490643]
0.370 6.30e-08 [0.48194158]
0.390 6.30e-08 [0.47271274]
0.410 6.30e-08 [0.45990944]
0.430 6.30e-08 [0.44893058]
0.450 6.30e-08 [0.43763505]
0.470 6.30e-08 [0.42808491]
0.490 6.30e-08 [0.41204836]
0.510 6.30e-08 [0.39877674]
0.530 6.30e-08 [0.38028828]
0.001 1.26e-07 [1.]
0.002 1.26e-07 [1.]
0.003 1.26e-07 [1.]
0.004 1.26e-07 [1.]
0.005 1.26e-07 [1.]
0.007 1.26e-07 [1.]
0.010 1.26e-07 [1.]
0.020 1.26e-07 [1.]
0.040 1.26e-07 [1.]
0.060 1.26e-07 [1.]
0.080 1.26e-07 [1.]
0.100 1.26e-07 [1.]
0.120 1.26e-07 [1.]
0.140 1.26e-07 [1.]
0.160 1.26e-07 [1.]
0.180 1.26e-07 [1.]
0.200 1.26e-07 [1.]
0.220 1.26e-07 [0.72670753]
0.250 1.26e-07 [0.58049318]
0.270 1.26e-07 [0.55163043]
0.290 1.26e-07 [0.53602734]
0.310 1.26e-07 [0.52587031]
0.330 1.26e-07 [0.51945439]
0.350 1.26e-07 [0.51490643]
0.370 1.26e-07 [0.48194158]
0.390 1.26e-07 [0.47271274]
0.410 1.26e-07 [0.45990944]
0.430 1.26e-07 [0.44893058]
0.450 1.26e-07 [0.43763505]
0.470 1.26e-07 [0.42808491]
0.490 1.26e-07 [0.41204836]
0.510 1.26e-07 [0.39877674]
0.530 1.26e-07 [0.38028828]
0.001 2.51e-07 [1.]
0.002 2.51e-07 [1.]
0.003 2.51e-07 [1.]
0.004 2.51e-07 [1.]
0.005 2.51e-07 [1.]
0.007 2.51e-07 [1.]
0.010 2.51e-07 [1.]
0.020 2.51e-07 [1.]
0.040 2.51e-07 [1.]
0.060 2.51e-07 [1.]
0.080 2.51e-07 [1.]
0.100 2.51e-07 [1.]
0.120 2.51e-07 [1.]
0.140 2.51e-07 [1.]
0.160 2.51e-07 [1.]
0.180 2.51e-07 [1.]
0.200 2.51e-07 [1.]
0.220 2.51e-07 [0.72670753]
0.250 2.51e-07 [0.58049318]
0.270 2.51e-07 [0.55163043]
0.290 2.51e-07 [0.53602734]
0.310 2.51e-07 [0.52587031]
0.330 2.51e-07 [0.51945439]
0.350 2.51e-07 [0.51490643]
0.370 2.51e-07 [0.48194158]
0.390 2.51e-07 [0.47271274]
0.410 2.51e-07 [0.45990944]
0.430 2.51e-07 [0.44893058]
0.450 2.51e-07 [0.43763505]
0.470 2.51e-07 [0.42808491]
0.490 2.51e-07 [0.41204836]
0.510 2.51e-07 [0.39877674]
0.530 2.51e-07 [0.38028828]
0.001 5.01e-07 [1.]
0.002 5.01e-07 [1.]
0.003 5.01e-07 [1.]
0.004 5.01e-07 [1.]
0.005 5.01e-07 [1.]
0.007 5.01e-07 [1.]
0.010 5.01e-07 [1.]
0.020 5.01e-07 [1.]
0.040 5.01e-07 [1.]
0.060 5.01e-07 [1.]
0.080 5.01e-07 [1.]
0.100 5.01e-07 [1.]
0.120 5.01e-07 [1.]
0.140 5.01e-07 [1.]
0.160 5.01e-07 [1.]
0.180 5.01e-07 [1.]
0.200 5.01e-07 [1.]
0.220 5.01e-07 [0.72670753]
0.250 5.01e-07 [0.58049318]
0.270 5.01e-07 [0.55163043]
0.290 5.01e-07 [0.53602734]
0.310 5.01e-07 [0.52587031]
0.330 5.01e-07 [0.51945439]
0.350 5.01e-07 [0.51490643]
0.370 5.01e-07 [0.48194158]
0.390 5.01e-07 [0.47271274]
0.410 5.01e-07 [0.45990944]
0.430 5.01e-07 [0.44893058]
0.450 5.01e-07 [0.43763505]
0.470 5.01e-07 [0.42808491]
0.490 5.01e-07 [0.41204836]
0.510 5.01e-07 [0.39877674]
0.530 5.01e-07 [0.38028828]
0.001 1.00e-06 [1.]
0.002 1.00e-06 [1.]
0.003 1.00e-06 [1.]
0.004 1.00e-06 [1.]
0.005 1.00e-06 [1.]
0.007 1.00e-06 [1.]
0.010 1.00e-06 [1.]
0.020 1.00e-06 [1.]
0.040 1.00e-06 [1.]
0.060 1.00e-06 [1.]
0.080 1.00e-06 [1.]
0.100 1.00e-06 [1.]
0.120 1.00e-06 [1.]
0.140 1.00e-06 [1.]
0.160 1.00e-06 [1.]
0.180 1.00e-06 [1.]
0.200 1.00e-06 [1.]
0.220 1.00e-06 [0.72670753]
0.250 1.00e-06 [0.58049318]
0.270 1.00e-06 [0.55163043]
0.290 1.00e-06 [0.53602734]
0.310 1.00e-06 [0.52587031]
0.330 1.00e-06 [0.51945439]
0.350 1.00e-06 [0.51490643]
0.370 1.00e-06 [0.48194158]
0.390 1.00e-06 [0.47271274]
0.410 1.00e-06 [0.45990944]
0.430 1.00e-06 [0.44893058]
0.450 1.00e-06 [0.43763505]
0.470 1.00e-06 [0.42808491]
0.490 1.00e-06 [0.41204836]
0.510 1.00e-06 [0.39877674]
0.530 1.00e-06 [0.38028828]
0.001 1.99e-06 [1.]
0.002 1.99e-06 [1.]
0.003 1.99e-06 [1.]
0.004 1.99e-06 [1.]
0.005 1.99e-06 [1.]
0.007 1.99e-06 [1.]
0.010 1.99e-06 [1.]
0.020 1.99e-06 [1.]
0.040 1.99e-06 [1.]
0.060 1.99e-06 [1.]
0.080 1.99e-06 [1.]
0.100 1.99e-06 [1.]
0.120 1.99e-06 [1.]
0.140 1.99e-06 [1.]
0.160 1.99e-06 [1.]
0.180 1.99e-06 [1.]
0.200 1.99e-06 [1.]
0.220 1.99e-06 [0.72670753]
0.250 1.99e-06 [0.58049318]
0.270 1.99e-06 [0.55163043]
0.290 1.99e-06 [0.53602734]
0.310 1.99e-06 [0.52587031]
0.330 1.99e-06 [0.51945439]
0.350 1.99e-06 [0.51490643]
0.370 1.99e-06 [0.48194158]
0.390 1.99e-06 [0.47271274]
0.410 1.99e-06 [0.45990944]
0.430 1.99e-06 [0.44893058]
0.450 1.99e-06 [0.43763505]
0.470 1.99e-06 [0.42808491]
0.490 1.99e-06 [0.41204836]
0.510 1.99e-06 [0.39877674]
0.530 1.99e-06 [0.38028828]
0.001 3.98e-06 [1.]
0.002 3.98e-06 [1.]
0.003 3.98e-06 [1.]
0.004 3.98e-06 [1.]
0.005 3.98e-06 [1.]
0.007 3.98e-06 [1.]
0.010 3.98e-06 [1.]
0.020 3.98e-06 [1.]
0.040 3.98e-06 [1.]
0.060 3.98e-06 [1.]
0.080 3.98e-06 [1.]
0.100 3.98e-06 [1.]
0.120 3.98e-06 [1.]
0.140 3.98e-06 [1.]
0.160 3.98e-06 [1.]
0.180 3.98e-06 [1.]
0.200 3.98e-06 [1.]
0.220 3.98e-06 [0.72670753]
0.250 3.98e-06 [0.58049318]
0.270 3.98e-06 [0.55163043]
0.290 3.98e-06 [0.53602734]
0.310 3.98e-06 [0.52587031]
0.330 3.98e-06 [0.51945439]
0.350 3.98e-06 [0.51490643]
0.370 3.98e-06 [0.48194158]
0.390 3.98e-06 [0.47271274]
0.410 3.98e-06 [0.45990944]
0.430 3.98e-06 [0.44893058]
0.450 3.98e-06 [0.43763505]
0.470 3.98e-06 [0.42808491]
0.490 3.98e-06 [0.41204836]
0.510 3.98e-06 [0.39877674]
0.530 3.98e-06 [0.38028828]
0.001 7.94e-06 [1.]
0.002 7.94e-06 [1.]
0.003 7.94e-06 [1.]
0.004 7.94e-06 [1.]
0.005 7.94e-06 [1.]
0.007 7.94e-06 [1.]
0.010 7.94e-06 [1.]
0.020 7.94e-06 [1.]
0.040 7.94e-06 [1.]
0.060 7.94e-06 [1.]
0.080 7.94e-06 [1.]
0.100 7.94e-06 [1.]
0.120 7.94e-06 [1.]
0.140 7.94e-06 [1.]
0.160 7.94e-06 [1.]
0.180 7.94e-06 [1.]
0.200 7.94e-06 [1.]
0.220 7.94e-06 [0.72670753]
0.250 7.94e-06 [0.58049318]
0.270 7.94e-06 [0.55163043]
0.290 7.94e-06 [0.53602734]
0.310 7.94e-06 [0.52587031]
0.330 7.94e-06 [0.51945439]
0.350 7.94e-06 [0.51490643]
0.370 7.94e-06 [0.48194158]
0.390 7.94e-06 [0.47271274]
0.410 7.94e-06 [0.45990944]
0.430 7.94e-06 [0.44893058]
0.450 7.94e-06 [0.43763505]
0.470 7.94e-06 [0.42808491]
0.490 7.94e-06 [0.41204836]
0.510 7.94e-06 [0.39877674]
0.530 7.94e-06 [0.38028828]
0.001 1.58e-05 [1.]
0.002 1.58e-05 [1.]
0.003 1.58e-05 [1.]
0.004 1.58e-05 [1.]
0.005 1.58e-05 [1.]
0.007 1.58e-05 [1.]
0.010 1.58e-05 [1.]
0.020 1.58e-05 [1.]
0.040 1.58e-05 [1.]
0.060 1.58e-05 [1.]
0.080 1.58e-05 [1.]
0.100 1.58e-05 [1.]
0.120 1.58e-05 [1.]
0.140 1.58e-05 [1.]
0.160 1.58e-05 [1.]
0.180 1.58e-05 [1.]
0.200 1.58e-05 [1.]
0.220 1.58e-05 [0.72670753]
0.250 1.58e-05 [0.58049318]
0.270 1.58e-05 [0.55163043]
0.290 1.58e-05 [0.53602734]
0.310 1.58e-05 [0.52587031]
0.330 1.58e-05 [0.51945439]
0.350 1.58e-05 [0.51490643]
0.370 1.58e-05 [0.48194158]
0.390 1.58e-05 [0.47271274]
0.410 1.58e-05 [0.45990944]
0.430 1.58e-05 [0.44893058]
0.450 1.58e-05 [0.43763505]
0.470 1.58e-05 [0.42808491]
0.490 1.58e-05 [0.41204836]
0.510 1.58e-05 [0.39877674]
0.530 1.58e-05 [0.38028828]
0.001 3.16e-05 [1.]
0.002 3.16e-05 [1.]
0.003 3.16e-05 [1.]
0.004 3.16e-05 [1.]
0.005 3.16e-05 [1.]
0.007 3.16e-05 [1.]
0.010 3.16e-05 [1.]
0.020 3.16e-05 [1.]
0.040 3.16e-05 [1.]
0.060 3.16e-05 [1.]
0.080 3.16e-05 [1.]
0.100 3.16e-05 [1.]
0.120 3.16e-05 [1.]
0.140 3.16e-05 [1.]
0.160 3.16e-05 [1.]
0.180 3.16e-05 [1.]
0.200 3.16e-05 [1.]
0.220 3.16e-05 [0.72670753]
0.250 3.16e-05 [0.58049318]
0.270 3.16e-05 [0.55163043]
0.290 3.16e-05 [0.53602734]
0.310 3.16e-05 [0.52587031]
0.330 3.16e-05 [0.51945439]
0.350 3.16e-05 [0.51490643]
0.370 3.16e-05 [0.48194158]
0.390 3.16e-05 [0.47271274]
0.410 3.16e-05 [0.45990944]
0.430 3.16e-05 [0.44893058]
0.450 3.16e-05 [0.43763505]
0.470 3.16e-05 [0.42808491]
0.490 3.16e-05 [0.41204836]
0.510 3.16e-05 [0.39877674]
0.530 3.16e-05 [0.38028828]
0.001 6.31e-05 [1.]
0.002 6.31e-05 [1.]
0.003 6.31e-05 [1.]
0.004 6.31e-05 [1.]
0.005 6.31e-05 [1.]
0.007 6.31e-05 [1.]
0.010 6.31e-05 [1.]
0.020 6.31e-05 [1.]
0.040 6.31e-05 [1.]
0.060 6.31e-05 [1.]
0.080 6.31e-05 [1.]
0.100 6.31e-05 [1.]
0.120 6.31e-05 [1.]
0.140 6.31e-05 [1.]
0.160 6.31e-05 [1.]
0.180 6.31e-05 [1.]
0.200 6.31e-05 [1.]
0.220 6.31e-05 [0.72670753]
0.250 6.31e-05 [0.58049318]
0.270 6.31e-05 [0.55163043]
0.290 6.31e-05 [0.53602734]
0.310 6.31e-05 [0.52587031]
0.330 6.31e-05 [0.51945439]
0.350 6.31e-05 [0.51490643]
0.370 6.31e-05 [0.48194158]
0.390 6.31e-05 [0.47271274]
0.410 6.31e-05 [0.45990944]
0.430 6.31e-05 [0.44893058]
0.450 6.31e-05 [0.43763505]
0.470 6.31e-05 [0.42808491]
0.490 6.31e-05 [0.41204836]
0.510 6.31e-05 [0.39877674]
0.530 6.31e-05 [0.38028828]
0.001 1.26e-04 [1.]
0.002 1.26e-04 [1.]
0.003 1.26e-04 [1.]
0.004 1.26e-04 [1.]
0.005 1.26e-04 [1.]
0.007 1.26e-04 [1.]
0.010 1.26e-04 [1.]
0.020 1.26e-04 [1.]
0.040 1.26e-04 [1.]
0.060 1.26e-04 [1.]
0.080 1.26e-04 [1.]
0.100 1.26e-04 [1.]
0.120 1.26e-04 [1.]
0.140 1.26e-04 [1.]
0.160 1.26e-04 [1.]
0.180 1.26e-04 [1.]
0.200 1.26e-04 [1.]
0.220 1.26e-04 [0.72670753]
0.250 1.26e-04 [0.58049318]
0.270 1.26e-04 [0.55163043]
0.290 1.26e-04 [0.53602734]
0.310 1.26e-04 [0.52587031]
0.330 1.26e-04 [0.51945439]
0.350 1.26e-04 [0.51490643]
0.370 1.26e-04 [0.48194158]
0.390 1.26e-04 [0.47271274]
0.410 1.26e-04 [0.45990944]
0.430 1.26e-04 [0.44893058]
0.450 1.26e-04 [0.43763505]
0.470 1.26e-04 [0.42808491]
0.490 1.26e-04 [0.41204836]
0.510 1.26e-04 [0.39877674]
0.530 1.26e-04 [0.38028828]
0.001 2.51e-04 [1.]
0.002 2.51e-04 [1.]
0.003 2.51e-04 [1.]
0.004 2.51e-04 [1.]
0.005 2.51e-04 [1.]
0.007 2.51e-04 [1.]
0.010 2.51e-04 [1.]
0.020 2.51e-04 [1.]
0.040 2.51e-04 [1.]
0.060 2.51e-04 [1.]
0.080 2.51e-04 [1.]
0.100 2.51e-04 [1.]
0.120 2.51e-04 [1.]
0.140 2.51e-04 [1.]
0.160 2.51e-04 [1.]
0.180 2.51e-04 [1.]
0.200 2.51e-04 [1.]
0.220 2.51e-04 [0.72670753]
0.250 2.51e-04 [0.58049318]
0.270 2.51e-04 [0.55163043]
0.290 2.51e-04 [0.53602734]
0.310 2.51e-04 [0.52587031]
0.330 2.51e-04 [0.51945439]
0.350 2.51e-04 [0.51490643]
0.370 2.51e-04 [0.48194158]
0.390 2.51e-04 [0.47271274]
0.410 2.51e-04 [0.45990944]
0.430 2.51e-04 [0.44893058]
0.450 2.51e-04 [0.43763505]
0.470 2.51e-04 [0.42808491]
0.490 2.51e-04 [0.41204836]
0.510 2.51e-04 [0.39877674]
0.530 2.51e-04 [0.38028828]
0.001 5.01e-04 [1.]
0.002 5.01e-04 [1.]
0.003 5.01e-04 [1.]
0.004 5.01e-04 [1.]
0.005 5.01e-04 [1.]
0.007 5.01e-04 [1.]
0.010 5.01e-04 [1.]
0.020 5.01e-04 [1.]
0.040 5.01e-04 [1.]
0.060 5.01e-04 [1.]
0.080 5.01e-04 [1.]
0.100 5.01e-04 [1.]
0.120 5.01e-04 [1.]
0.140 5.01e-04 [1.]
0.160 5.01e-04 [1.]
0.180 5.01e-04 [1.]
0.200 5.01e-04 [1.]
0.220 5.01e-04 [0.72670753]
0.250 5.01e-04 [0.58049318]
0.270 5.01e-04 [0.55163043]
0.290 5.01e-04 [0.53602734]
0.310 5.01e-04 [0.52587031]
0.330 5.01e-04 [0.51945439]
0.350 5.01e-04 [0.51490643]
0.370 5.01e-04 [0.48194158]
0.390 5.01e-04 [0.47271274]
0.410 5.01e-04 [0.45990944]
0.430 5.01e-04 [0.44893058]
0.450 5.01e-04 [0.43763505]
0.470 5.01e-04 [0.42808491]
0.490 5.01e-04 [0.41204836]
0.510 5.01e-04 [0.39877674]
0.530 5.01e-04 [0.38028828]
0.001 1.00e-03 [1.]
0.002 1.00e-03 [1.]
0.003 1.00e-03 [1.]
0.004 1.00e-03 [1.]
0.005 1.00e-03 [1.]
0.007 1.00e-03 [1.]
0.010 1.00e-03 [1.]
0.020 1.00e-03 [1.]
0.040 1.00e-03 [1.]
0.060 1.00e-03 [1.]
0.080 1.00e-03 [1.]
0.100 1.00e-03 [1.]
0.120 1.00e-03 [1.]
0.140 1.00e-03 [1.]
0.160 1.00e-03 [1.]
0.180 1.00e-03 [1.]
0.200 1.00e-03 [1.]
0.220 1.00e-03 [0.72670753]
0.250 1.00e-03 [0.58049318]
0.270 1.00e-03 [0.55163043]
0.290 1.00e-03 [0.53602734]
0.310 1.00e-03 [0.52587031]
0.330 1.00e-03 [0.51945439]
0.350 1.00e-03 [0.51490643]
0.370 1.00e-03 [0.48194158]
0.390 1.00e-03 [0.47271274]
0.410 1.00e-03 [0.45990944]
0.430 1.00e-03 [0.44893058]
0.450 1.00e-03 [0.43763505]
0.470 1.00e-03 [0.42808491]
0.490 1.00e-03 [0.41204836]
0.510 1.00e-03 [0.39877674]
0.530 1.00e-03 [0.38028828]
