1.49 -3.9 0.0125 0.9015 0.0125 0.9015 0.132 0.0125 0.0025
0.93 -5.1 0.142 0.934 0.141 0.929 0.0605 0.141 0.004
0.71 -5.7 0.3085 0.9145 0.305 0.914 0.0285 0.305 0.0105
0.002 -8.1 0.2275 0.963 0.2275 0.963 0.0035 0.2275 0.0
1.31 -6.6 0.338 0.872 0.3295 0.872 0.004 0.3295 0.0005
1.47 -5.1 0.0525 0.9045 0.0525 0.902 0.0665 0.0525 0.0015
0.0035 -4.2 0.212 0.947 0.211 0.947 0.004 0.211 0.0
1.33 -8.4 0.322 0.868 0.3145 0.868 0.0045 0.3145 0.0025
0.57 -7.5 0.302 0.9255 0.3 0.925 0.027 0.3 0.013
0.2 -3.3 0.015 0.943 0.015 0.9345 0.17 0.015 0.0035
1.49 -3.6 0.015 0.8915 0.015 0.89 0.1235 0.015 0.0015
0.91 -8.1 0.322 0.8845 0.312 0.8845 0.009 0.312 0.0015
0.22 -3.0 0.014 0.9445 0.014 0.9375 0.15 0.014 0.001
0.57 -4.8 0.0945 0.946 0.0945 0.943 0.084 0.0945 0.004
0.93 -6.3 0.3225 0.9015 0.3165 0.9015 0.0105 0.3165 0.003
1.31 -6.9 0.3425 0.87 0.337 0.87 0.0035 0.337 0.0005
1.31 -5.4 0.2075 0.908 0.206 0.9075 0.0255 0.206 0.0015
1.47 -6.3 0.315 0.851 0.3085 0.851 0.002 0.3085 0.0
1.45 -8.1 0.3185 0.853 0.31 0.853 0.005 0.31 0.001
0.73 -8.7 0.3185 0.903 0.312 0.903 0.015 0.312 0.007
0.71 -3.3 0.0115 0.929 0.0115 0.9195 0.161 0.0115 0.001
0.06 -7.5 0.266 0.939 0.265 0.9385 0.019 0.265 0.005
1.05 -7.2 0.3075 0.8725 0.301 0.872 0.005 0.301 0.0025
1.49 -6.0 0.3215 0.852 0.3145 0.8515 0.0025 0.3145 0.0005
0.06 -4.8 0.245 0.943 0.2445 0.9425 0.0185 0.2445 0.0025
1.07 -3.0 0.016 0.9125 0.016 0.9115 0.0935 0.016 0.0005
0.22 -8.7 0.244 0.9325 0.242 0.9315 0.045 0.242 0.016
1.19 -4.8 0.031 0.9165 0.031 0.913 0.08 0.031 0.001
1.49 -9.0 0.3405 0.853 0.3305 0.853 0.002 0.3305 0.0
1.19 -7.5 0.321 0.871 0.3145 0.871 0.0055 0.3145 0.0025
0.2 -5.7 0.263 0.939 0.2605 0.937 0.041 0.2605 0.008
0.16 -6.9 0.2315 0.941 0.2295 0.94 0.024 0.2295 0.006
0.16 -5.4 0.229 0.934 0.2285 0.9335 0.0325 0.2285 0.0085
0.67 -3.0 0.0125 0.9305 0.0125 0.926 0.104 0.0125 0.0015
0.49 -5.7 0.3105 0.932 0.308 0.9315 0.0335 0.308 0.013
1.09 -6.6 0.314 0.8745 0.3065 0.8745 0.0075 0.3065 0.0035
1.07 -3.3 0.017 0.9105 0.017 0.9045 0.1325 0.017 0.003
0.73 -7.2 0.3025 0.9005 0.297 0.9005 0.0185 0.297 0.0105
0.29 -6.0 0.2615 0.933 0.26 0.9325 0.0265 0.26 0.0065
0.16 -6.6 0.217 0.941 0.217 0.94 0.0405 0.217 0.008
0.14 -8.4 0.261 0.9395 0.2585 0.939 0.035 0.2585 0.011
1.09 -5.4 0.2435 0.909 0.24 0.909 0.019 0.24 0.001
1.09 -6.9 0.316 0.886 0.309 0.886 0.0095 0.309 0.004
0.29 -9.0 0.2535 0.932 0.253 0.9315 0.0325 0.253 0.01
0.007 -4.2 0.2165 0.9395 0.214 0.939 0.003 0.214 0.0005
0.18 -3.3 0.01 0.957 0.01 0.9505 0.166 0.01 0.0015
1.07 -5.7 0.302 0.8975 0.296 0.8955 0.011 0.2955 0.002
0.47 -6.6 0.289 0.9245 0.288 0.924 0.0305 0.288 0.0125
0.31 -5.1 0.2705 0.943 0.27 0.942 0.0515 0.27 0.0195
0.45 -8.4 0.2905 0.9215 0.287 0.921 0.0365 0.287 0.011
0.83 -3.0 0.0155 0.919 0.0155 0.9135 0.121 0.0155 0.002
0.49 -3.3 0.018 0.945 0.018 0.9395 0.168 0.018 0.0025
0.83 -4.2 0.016 0.927 0.016 0.9195 0.137 0.016 0.0005
0.47 -6.9 0.303 0.919 0.302 0.918 0.02 0.302 0.0095
0.47 -5.4 0.2885 0.931 0.2875 0.93 0.035 0.2875 0.013
0.31 -6.3 0.3015 0.9365 0.3005 0.936 0.0435 0.3005 0.016
0.33 -8.1 0.299 0.9415 0.2975 0.941 0.032 0.2975 0.012
0.18 -5.7 0.254 0.9405 0.2535 0.9405 0.03 0.2535 0.007
1.05 -8.7 0.3115 0.8725 0.3015 0.8725 0.006 0.3015 0.0025
1.21 -7.5 0.3225 0.8675 0.317 0.8675 0.005 0.317 0.0015
0.22 -7.2 0.27 0.9345 0.2675 0.934 0.0425 0.2675 0.013
1.21 -4.8 0.023 0.9025 0.0225 0.899 0.0895 0.0225 0.001
0.02 -9.0 0.228 0.944 0.227 0.9435 0.005 0.227 0.0
0.02 -6.6 0.249 0.945 0.247 0.9445 0.006 0.247 0.001
0.0013 -5.7 0.2985 0.9785 0.2975 0.978 0.003 0.2975 0.0
0.02 -6.0 0.2285 0.9445 0.226 0.944 0.0065 0.226 0.001
1.13 -3.3 0.0145 0.92 0.0145 0.915 0.1375 0.0145 0.0005
0.67 -7.2 0.3195 0.9115 0.316 0.9115 0.023 0.316 0.009
0.02 -5.4 0.2495 0.9435 0.2485 0.943 0.0095 0.2485 0.001
0.02 -6.9 0.235 0.9455 0.2345 0.9455 0.007 0.2345 0.0005
1.35 -4.8 0.0185 0.9115 0.0185 0.9075 0.1135 0.0185 0.003
1.35 -7.5 0.336 0.8725 0.3285 0.8725 0.0025 0.3285 0.001
0.0013 -3.3 0.288 0.9765 0.2865 0.9765 0.002 0.2865 0.0
1.43 -4.2 0.016 0.897 0.016 0.895 0.09 0.016 0.0015
1.11 -8.7 0.319 0.8755 0.312 0.8755 0.009 0.312 0.003
0.27 -8.1 0.2785 0.943 0.277 0.9425 0.036 0.277 0.0135
0.25 -6.3 0.281 0.929 0.277 0.928 0.039 0.2765 0.011
0.53 -5.4 0.291 0.924 0.2865 0.923 0.0315 0.2865 0.0135
0.53 -6.9 0.3155 0.927 0.313 0.927 0.029 0.313 0.0175
0.97 -4.2 0.0125 0.919 0.0125 0.917 0.139 0.0125 0.0005
1.27 -6.0 0.335 0.8615 0.326 0.8615 0.0045 0.326 0.0025
1.29 -7.2 0.3075 0.8565 0.2985 0.8565 0.004 0.2985 0.001
0.51 -8.4 0.299 0.914 0.296 0.9125 0.035 0.2955 0.013
1.27 -9.0 0.333 0.8665 0.3265 0.8665 0.0025 0.3265 0.001
0.25 -5.1 0.269 0.9375 0.267 0.9365 0.041 0.267 0.0095
1.13 -5.7 0.322 0.893 0.317 0.8925 0.0085 0.317 0.0025
0.53 -6.6 0.2975 0.9165 0.2945 0.916 0.027 0.2945 0.013
0.67 -8.7 0.3215 0.913 0.3145 0.913 0.0195 0.3145 0.009
0.47 -6.0 0.2955 0.9235 0.2925 0.9225 0.0305 0.2925 0.0115
0.003 -5.4 0.205 0.9425 0.205 0.9425 0.0035 0.205 0.0
1.25 -5.4 0.2305 0.903 0.226 0.9015 0.024 0.226 0.0005
0.35 -9.0 0.298 0.926 0.2965 0.925 0.02 0.2965 0.005
1.25 -6.9 0.3305 0.872 0.3195 0.872 0.0025 0.3195 0.0005
0.003 -6.9 0.218 0.9415 0.217 0.9415 0.0025 0.217 0.0
0.89 -3.6 0.016 0.9315 0.016 0.9245 0.1375 0.016 0.0005
0.87 -6.3 0.3205 0.8915 0.3145 0.891 0.011 0.3145 0.0045
0.43 -4.8 0.157 0.941 0.1565 0.937 0.076 0.1565 0.0075
0.005 -7.5 0.226 0.9375 0.2245 0.9375 0.0035 0.2245 0.0005
0.85 -8.1 0.3185 0.907 0.3125 0.9065 0.006 0.3125 0.002
0.005 -4.8 0.2 0.9425 0.2 0.9425 0.001 0.2 0.0
0.43 -7.5 0.292 0.928 0.29 0.9265 0.0395 0.289 0.0145
0.35 -4.2 0.03 0.9435 0.03 0.939 0.1265 0.03 0.0025
0.47 -9.0 0.3 0.924 0.297 0.924 0.022 0.297 0.0085
1.27 -8.4 0.325 0.868 0.3165 0.868 0.005 0.3165 0.0025
0.89 -3.9 0.017 0.9295 0.017 0.924 0.0955 0.017 0.001
0.65 -5.7 0.3045 0.919 0.3015 0.918 0.0265 0.3015 0.0155
0.003 -6.6 0.2255 0.9415 0.225 0.9415 0.004 0.225 0.0
1.25 -6.6 0.3175 0.8665 0.3085 0.8665 0.0035 0.3085 0.0015
0.35 -6.0 0.299 0.923 0.296 0.923 0.0305 0.296 0.01
0.29 -4.5 0.0945 0.9535 0.094 0.9455 0.0855 0.094 0.002
0.87 -5.1 0.114 0.931 0.114 0.9305 0.0585 0.114 0.0015
0.29 -7.8 0.2515 0.9325 0.2505 0.932 0.034 0.2505 0.0065
1.29 -8.7 0.3185 0.864 0.3095 0.864 0.0035 0.3095 0.0015
0.69 -8.4 0.295 0.901 0.29 0.901 0.0185 0.29 0.0055
0.12 -4.8 0.2355 0.9455 0.2345 0.945 0.0245 0.2345 0.003
0.65 -3.3 0.0165 0.942 0.0165 0.934 0.149 0.0165 0.002
1.11 -7.2 0.3275 0.8795 0.3205 0.8795 0.007 0.3205 0.0025
0.12 -7.5 0.2495 0.942 0.249 0.942 0.0355 0.249 0.009
0.79 -8.4 0.3405 0.898 0.3325 0.898 0.013 0.3325 0.0055
0.02 -4.8 0.249 0.944 0.2475 0.944 0.0045 0.2475 0.0
0.1 -9.0 0.2485 0.9415 0.247 0.941 0.0245 0.247 0.007
0.02 -7.5 0.233 0.9485 0.2305 0.9475 0.0105 0.2305 0.002
1.01 -7.2 0.336 0.8895 0.3265 0.8895 0.0085 0.3265 0.003
0.75 -3.3 0.016 0.9265 0.016 0.9205 0.133 0.016 0.0035
1.39 -8.7 0.33 0.857 0.32 0.857 0.0045 0.32 0.0025
0.1 -6.0 0.256 0.9445 0.2545 0.9435 0.021 0.2545 0.004
1.47 -9.0 0.314 0.852 0.307 0.852 0.0015 0.307 0.001
1.37 -8.4 0.327 0.8485 0.316 0.8485 0.0025 0.316 0.0005
0.99 -3.9 0.0125 0.916 0.0125 0.9135 0.1355 0.0125 0.002
1.43 -5.1 0.054 0.9055 0.054 0.9035 0.072 0.054 0.001
1.35 -6.6 0.3335 0.88 0.326 0.88 0.002 0.326 0.0005
0.75 -5.7 0.2895 0.9225 0.287 0.9225 0.024 0.287 0.0055
1.35 -6.0 0.334 0.8795 0.3265 0.8795 0.0035 0.3265 0.0025
0.39 -4.5 0.062 0.9425 0.062 0.936 0.11 0.062 0.006
0.003 -3.0 0.204 0.9435 0.203 0.9435 0.0055 0.203 0.0005
0.97 -5.1 0.15 0.921 0.149 0.9185 0.058 0.149 0.0035
0.39 -7.8 0.2865 0.923 0.2845 0.9215 0.0355 0.2845 0.012
0.77 -8.7 0.3365 0.901 0.33 0.901 0.0175 0.33 0.009
1.41 -8.1 0.338 0.8685 0.33 0.8685 0.003 0.33 0.0015
1.47 -6.0 0.3355 0.859 0.326 0.859 0.0025 0.326 0.0
1.43 -6.3 0.3315 0.8655 0.3255 0.8655 0.004 0.3255 0.0015
1.35 -5.4 0.211 0.913 0.2085 0.9125 0.026 0.2085 0.001
1.35 -9.0 0.332 0.873 0.323 0.873 0.0015 0.323 0.001
1.35 -6.9 0.3265 0.8765 0.3185 0.8765 0.003 0.3185 0.0015
0.99 -3.6 0.0125 0.9205 0.0125 0.915 0.129 0.0125 0.0015
0.97 -6.3 0.328 0.8885 0.3215 0.8875 0.0075 0.321 0.004
0.53 -4.8 0.118 0.9445 0.118 0.9425 0.08 0.118 0.006
0.95 -8.1 0.3415 0.895 0.333 0.8945 0.012 0.333 0.0035
1.09 -3.0 0.0165 0.9085 0.0165 0.905 0.1285 0.0165 0.004
0.53 -7.5 0.297 0.918 0.296 0.918 0.0185 0.296 0.0085
0.25 -4.2 0.0445 0.947 0.0445 0.944 0.0855 0.0445 0.003
1.39 -7.2 0.3235 0.865 0.313 0.865 0.004 0.313 0.0015
0.0025 -8.4 0.229 0.957 0.228 0.957 0.0015 0.228 0.0
0.005 -6.6 0.208 0.942 0.208 0.942 0.004 0.208 0.0
0.55 -6.0 0.3095 0.9175 0.305 0.9165 0.031 0.305 0.0115
0.41 -8.4 0.291 0.9395 0.289 0.939 0.0265 0.289 0.011
0.27 -9.0 0.2795 0.9415 0.277 0.9415 0.0265 0.277 0.007
0.35 -5.1 0.27 0.9385 0.268 0.9375 0.038 0.268 0.0125
0.43 -6.6 0.273 0.9305 0.271 0.9295 0.0405 0.2705 0.0145
1.03 -5.7 0.2925 0.912 0.289 0.9105 0.0165 0.289 0.0015
0.003 -4.8 0.2215 0.9415 0.221 0.9415 0.002 0.221 0.0005
1.25 -4.8 0.027 0.9125 0.027 0.908 0.106 0.027 0.0025
0.69 -3.0 0.015 0.926 0.015 0.921 0.148 0.015 0.0015
1.25 -7.5 0.334 0.8695 0.326 0.8695 0.004 0.326 0.0
0.003 -7.5 0.2005 0.9445 0.2 0.944 0.003 0.2 0.0005
0.55 -9.0 0.309 0.9185 0.3035 0.918 0.0235 0.303 0.012
1.01 -8.7 0.3345 0.897 0.326 0.897 0.009 0.326 0.0045
0.005 -6.9 0.2105 0.9385 0.2105 0.9385 0.003 0.2105 0.0
0.37 -8.1 0.2965 0.934 0.2945 0.934 0.033 0.2945 0.0155
0.35 -6.3 0.2975 0.931 0.294 0.93 0.037 0.2935 0.016
0.43 -5.4 0.271 0.9255 0.2695 0.924 0.0415 0.2695 0.0135
0.43 -6.9 0.272 0.927 0.2695 0.9265 0.024 0.2695 0.006
0.87 -4.2 0.0155 0.922 0.0155 0.917 0.1355 0.0155 0.0025
0.27 -6.0 0.288 0.944 0.287 0.944 0.0365 0.287 0.0125
0.005 -5.4 0.2175 0.94 0.216 0.94 0.004 0.216 0.0
0.01 -7.8 0.2225 0.945 0.222 0.945 0.003 0.222 0.001
0.01 -4.5 0.242 0.9445 0.242 0.944 0.006 0.242 0.0015
0.77 -7.2 0.33 0.899 0.325 0.899 0.0135 0.325 0.0075
1.03 -3.3 0.0125 0.9295 0.0125 0.926 0.139 0.0125 0.0005
0.12 -5.4 0.243 0.94 0.2425 0.94 0.0265 0.2425 0.007
0.12 -6.9 0.242 0.9445 0.241 0.943 0.0325 0.241 0.0065
0.1 -8.4 0.251 0.947 0.2495 0.946 0.033 0.2495 0.0065
0.12 -6.6 0.254 0.945 0.253 0.9445 0.0335 0.253 0.009
0.93 -4.2 0.0185 0.931 0.0185 0.9285 0.1325 0.0185 0.0015
0.57 -6.9 0.32 0.9195 0.318 0.9195 0.013 0.318 0.0075
0.57 -5.4 0.2955 0.9255 0.2935 0.925 0.0315 0.2935 0.0135
0.08 -5.7 0.2645 0.938 0.2635 0.9375 0.022 0.2635 0.01
1.15 -8.7 0.3515 0.8755 0.3415 0.8755 0.0045 0.3415 0.002
0.007 -3.0 0.1455 0.9485 0.145 0.9465 0.025 0.145 0.0005
1.47 -4.2 0.0105 0.891 0.0105 0.89 0.1135 0.0105 0.001
1.31 -7.5 0.329 0.871 0.3235 0.871 0.003 0.3235 0.0005
0.0011 -7.8 0.3365 0.9845 0.3345 0.9845 0.0055 0.3345 0.002
0.0035 -5.1 0.208 0.9455 0.208 0.9455 0.004 0.208 0.0005
0.0011 -4.5 0.326 0.985 0.325 0.985 0.003 0.325 0.001
1.31 -4.8 0.029 0.9075 0.029 0.905 0.1025 0.029 0.003
0.57 -6.6 0.304 0.921 0.3005 0.921 0.0265 0.3005 0.013
1.17 -5.7 0.3085 0.8995 0.301 0.8995 0.013 0.301 0.0025
0.55 -8.4 0.2965 0.9095 0.294 0.9085 0.0255 0.2935 0.013
0.004 -8.1 0.217 0.9375 0.2165 0.9375 0.0025 0.2165 0.0
0.0035 -6.3 0.204 0.9475 0.204 0.947 0.002 0.204 0.0
0.59 -3.3 0.012 0.9385 0.012 0.933 0.162 0.012 0.002
0.06 -6.6 0.251 0.939 0.2505 0.9385 0.017 0.2505 0.004
0.04 -8.4 0.258 0.9435 0.2575 0.943 0.01 0.2575 0.002
1.15 -3.0 0.015 0.906 0.015 0.9045 0.136 0.015 0.001
1.19 -5.4 0.2205 0.902 0.2175 0.9005 0.0295 0.2175 0.002
1.19 -6.9 0.302 0.884 0.2955 0.884 0.008 0.2955 0.0035
1.29 -9.0 0.3015 0.8595 0.2915 0.859 0.0035 0.2915 0.001
0.08 -3.3 0.0165 0.9575 0.0165 0.9535 0.1455 0.0165 0.002
0.06 -6.9 0.245 0.947 0.244 0.947 0.014 0.244 0.0035
0.06 -5.4 0.255 0.938 0.2545 0.938 0.0195 0.2545 0.005
1.19 -6.6 0.319 0.875 0.311 0.8745 0.008 0.311 0.0035
0.59 -5.7 0.312 0.9165 0.3065 0.916 0.0215 0.306 0.0075
0.63 -7.2 0.312 0.9175 0.307 0.916 0.0205 0.3065 0.0085
1.17 -3.3 0.0205 0.9115 0.0205 0.907 0.1335 0.0205 0.002
1.29 -6.0 0.314 0.8665 0.307 0.8665 0.0025 0.307 0.0005
1.09 -4.8 0.034 0.9115 0.034 0.909 0.093 0.034 0.0035
0.49 -9.0 0.3025 0.9305 0.301 0.93 0.0275 0.301 0.0105
1.09 -7.5 0.33 0.881 0.3215 0.881 0.009 0.3215 0.004
0.007 -6.3 0.214 0.9395 0.212 0.9395 0.003 0.212 0.0005
0.75 -3.0 0.0165 0.93 0.0165 0.9225 0.1435 0.0165 0.0015
1.15 -7.2 0.3485 0.8845 0.3395 0.8845 0.0045 0.3395 0.0015
0.16 -7.5 0.2165 0.943 0.2155 0.9425 0.0285 0.2155 0.007
0.61 -3.3 0.013 0.9425 0.013 0.939 0.1475 0.013 0.0035
0.16 -4.8 0.2215 0.943 0.2195 0.9425 0.0405 0.2195 0.009
0.49 -6.0 0.316 0.9235 0.3135 0.923 0.035 0.3135 0.0145
0.005 -3.0 0.1665 0.9485 0.1665 0.947 0.0195 0.1665 0.0005
0.007 -5.1 0.226 0.9395 0.223 0.939 0.003 0.223 0.001
0.31 -4.2 0.0295 0.946 0.0295 0.9375 0.143 0.0295 0.0035
0.47 -7.5 0.2885 0.927 0.2855 0.927 0.0175 0.2855 0.0055
0.91 -3.0 0.019 0.921 0.019 0.9165 0.1075 0.019 0.003
0.81 -8.1 0.3255 0.91 0.317 0.91 0.0145 0.317 0.007
0.47 -4.8 0.15 0.947 0.15 0.9415 0.0785 0.15 0.007
0.83 -6.3 0.33 0.89 0.319 0.889 0.014 0.3185 0.007
1.21 -6.9 0.3245 0.8655 0.3185 0.8655 0.0045 0.3185 0.0005
1.21 -5.4 0.235 0.897 0.2325 0.8945 0.0245 0.2325 0.0025
0.63 -8.7 0.301 0.9085 0.297 0.9085 0.023 0.297 0.008
0.0016 -3.6 0.2565 0.9705 0.2565 0.9705 0.0035 0.2565 0.0
0.83 -5.1 0.087 0.931 0.0865 0.93 0.05 0.0865 0.0015
1.21 -6.6 0.318 0.8535 0.3075 0.8535 0.0055 0.3075 0.002
0.61 -5.7 0.3025 0.9295 0.2975 0.929 0.032 0.2975 0.0145
1.23 -8.4 0.3165 0.8665 0.3085 0.8665 0.005 0.3085 0.0015
0.0016 -3.9 0.2535 0.973 0.253 0.973 0.003 0.253 0.001
0.67 -7.5 0.329 0.919 0.325 0.9185 0.0185 0.325 0.01
0.1 -3.3 0.016 0.9545 0.016 0.9465 0.144 0.016 0.002
0.67 -4.8 0.053 0.9325 0.0525 0.93 0.1015 0.0525 0.004
0.005 -8.7 0.2155 0.936 0.2155 0.9355 0.002 0.2155 0.0
1.01 -6.9 0.3455 0.8885 0.335 0.8885 0.007 0.335 0.0035
1.01 -5.4 0.236 0.9235 0.2335 0.923 0.0325 0.2335 0.0025
0.43 -8.7 0.2875 0.9305 0.2865 0.929 0.041 0.2865 0.015
0.08 -3.0 0.014 0.9535 0.014 0.947 0.155 0.014 0.0025
0.0025 -5.7 0.235 0.9495 0.235 0.9485 0.0035 0.235 0.0
0.41 -5.7 0.2965 0.9385 0.2935 0.938 0.0295 0.293 0.009
1.01 -6.6 0.3395 0.897 0.33 0.8965 0.008 0.33 0.0035
1.03 -8.4 0.327 0.896 0.3215 0.896 0.0085 0.3215 0.005
1.29 -4.8 0.0165 0.911 0.0165 0.9075 0.1015 0.0165 0.0
0.37 -3.6 0.017 0.948 0.017 0.94 0.157 0.017 0.001
1.11 -9.0 0.311 0.8775 0.301 0.8765 0.0075 0.301 0.003
1.29 -7.5 0.3175 0.8625 0.3095 0.8625 0.004 0.3095 0.001
0.1 -5.7 0.2355 0.942 0.2335 0.942 0.034 0.2335 0.0055
0.39 -6.3 0.2795 0.929 0.276 0.9285 0.039 0.276 0.013
0.41 -3.3 0.0145 0.9465 0.0145 0.936 0.1625 0.0145 0.003
1.35 -7.2 0.3385 0.8795 0.329 0.8795 0.003 0.329 0.001
1.43 -4.5 0.014 0.9015 0.014 0.9 0.0985 0.014 0.0
1.11 -6.0 0.31 0.8845 0.3015 0.8845 0.0065 0.3015 0.0035
1.43 -7.8 0.332 0.869 0.321 0.869 0.0025 0.321 0.0005
0.37 -3.9 0.0145 0.9465 0.0145 0.9395 0.1685 0.0145 0.0035
0.97 -4.5 0.0215 0.9225 0.0215 0.9155 0.127 0.0215 0.0035
0.97 -7.8 0.3215 0.886 0.3155 0.8855 0.009 0.3155 0.0035
0.0025 -3.3 0.2345 0.9575 0.234 0.957 0.0045 0.234 0.0
0.12 -8.7 0.2425 0.943 0.241 0.943 0.0335 0.241 0.009
0.39 -5.1 0.2725 0.9415 0.2715 0.941 0.0485 0.2715 0.012
1.39 -5.4 0.193 0.905 0.1905 0.9045 0.028 0.1905 0.0015
1.39 -6.9 0.3175 0.869 0.308 0.869 0.004 0.308 0.0025
0.95 -3.6 0.0175 0.9235 0.0175 0.921 0.108 0.0175 0.0015
0.71 -9.0 0.322 0.917 0.3175 0.916 0.014 0.317 0.006
0.99 -8.1 0.3265 0.8855 0.318 0.8845 0.011 0.3175 0.003
1.41 -3.6 0.018 0.9145 0.018 0.9105 0.1205 0.018 0.0015
0.29 -4.2 0.029 0.943 0.029 0.934 0.1395 0.029 0.0015
0.95 -3.9 0.022 0.922 0.022 0.919 0.142 0.022 0.003
0.79 -5.7 0.285 0.922 0.2785 0.9215 0.0265 0.2785 0.0065
1.39 -6.6 0.3245 0.8535 0.315 0.853 0.0025 0.315 0.0015
1.37 -3.3 0.016 0.8965 0.0155 0.8925 0.1265 0.0155 0.001
0.43 -7.2 0.276 0.929 0.275 0.928 0.04 0.275 0.018
0.35 -4.5 0.0835 0.953 0.0835 0.949 0.0995 0.0835 0.0025
0.71 -6.0 0.3205 0.9145 0.316 0.914 0.018 0.316 0.0065
0.005 -7.2 0.219 0.937 0.219 0.937 0.002 0.219 0.0005
0.35 -7.8 0.3005 0.932 0.2985 0.9315 0.0325 0.2985 0.013
1.41 -3.9 0.015 0.918 0.015 0.9155 0.125 0.015 0.0015
0.95 -9.0 0.337 0.8965 0.329 0.8965 0.0065 0.329 0.0035
0.77 -6.9 0.329 0.909 0.3225 0.909 0.0145 0.3225 0.0075
0.77 -5.4 0.175 0.93 0.174 0.927 0.052 0.174 0.0035
0.01 -6.3 0.2155 0.948 0.2155 0.948 0.003 0.2155 0.0
0.0011 -3.0 0.324 0.9845 0.3215 0.984 0.0045 0.3215 0.001
1.35 -8.7 0.3275 0.877 0.32 0.877 0.0025 0.32 0.0015
0.12 -7.2 0.2415 0.942 0.241 0.942 0.0385 0.241 0.0085
1.11 -7.5 0.3165 0.8735 0.306 0.8735 0.0085 0.306 0.0035
1.11 -4.8 0.031 0.9165 0.031 0.914 0.0985 0.031 0.0035
1.37 -5.7 0.2965 0.8725 0.288 0.8725 0.0085 0.288 0.0005
0.77 -6.6 0.3165 0.893 0.309 0.893 0.015 0.309 0.0055
0.01 -5.1 0.211 0.943 0.2105 0.943 0.006 0.2105 0.0
0.75 -8.4 0.3225 0.904 0.315 0.9035 0.0155 0.315 0.0045
0.95 -6.0 0.3395 0.8985 0.3355 0.8985 0.007 0.3355 0.0025
0.79 -3.3 0.014 0.9335 0.014 0.9295 0.16 0.014 0.002
1.23 -3.3 0.016 0.909 0.016 0.908 0.1245 0.016 0.003
0.57 -7.2 0.299 0.9285 0.298 0.9285 0.011 0.298 0.0055
0.81 -3.9 0.0125 0.931 0.0125 0.9275 0.15 0.0125 0.0025
0.0011 -6.3 0.333 0.9845 0.3315 0.9845 0.0045 0.3315 0.0005
0.14 -3.0 0.015 0.9485 0.015 0.9415 0.159 0.015 0.002
0.0016 -8.1 0.252 0.9745 0.252 0.974 0.004 0.252 0.0005
0.81 -3.6 0.0175 0.9315 0.0175 0.9255 0.1345 0.0175 0.0025
0.0011 -5.1 0.3145 0.985 0.3115 0.985 0.005 0.3115 0.0005
0.0035 -7.8 0.222 0.9465 0.2215 0.9455 0.0025 0.2215 0.0
0.0035 -4.5 0.2015 0.9485 0.201 0.948 0.006 0.201 0.001
1.19 -7.2 0.325 0.868 0.319 0.868 0.006 0.319 0.003
1.43 -3.0 0.0185 0.909 0.0185 0.906 0.1165 0.0185 0.003
0.61 -8.4 0.304 0.91 0.3005 0.91 0.032 0.3005 0.012
1.23 -5.7 0.3075 0.8775 0.3005 0.8765 0.009 0.3005 0.0025
0.63 -6.6 0.31 0.914 0.3065 0.9135 0.0215 0.306 0.0085
1.31 -3.0 0.0125 0.91 0.0125 0.9085 0.1275 0.0125 0.001
1.05 -4.8 0.036 0.9195 0.036 0.9155 0.103 0.036 0.0015
1.05 -7.5 0.311 0.8745 0.3025 0.874 0.0085 0.3025 0.004
0.06 -7.2 0.252 0.9485 0.2515 0.9475 0.015 0.2515 0.003
1.21 -8.7 0.3265 0.8725 0.3195 0.8725 0.0045 0.3195 0.001
0.63 -5.4 0.2605 0.924 0.2575 0.9225 0.0305 0.2575 0.008
0.63 -6.9 0.3055 0.906 0.3025 0.906 0.018 0.3025 0.0065
1.17 -8.4 0.3295 0.8745 0.321 0.8745 0.002 0.321 0.001
0.55 -5.7 0.3 0.922 0.2975 0.921 0.0335 0.297 0.014
1.15 -6.6 0.344 0.885 0.333 0.885 0.007 0.333 0.0025
0.007 -7.8 0.221 0.9375 0.22 0.937 0.003 0.22 0.0005
0.007 -4.5 0.224 0.94 0.2235 0.94 0.001 0.2235 0.0005
0.57 -8.7 0.314 0.9145 0.311 0.914 0.0295 0.311 0.015
0.08 -8.4 0.252 0.9425 0.2505 0.9425 0.024 0.2505 0.005
1.15 -5.4 0.2515 0.9065 0.2475 0.9055 0.0285 0.2475 0.0025
1.15 -6.9 0.331 0.8775 0.324 0.8775 0.006 0.324 0.001
0.73 -4.8 0.0225 0.934 0.0225 0.926 0.121 0.0225 0.002
0.51 -3.0 0.0165 0.933 0.0165 0.925 0.1345 0.0165 0.0005
0.73 -7.5 0.319 0.9035 0.312 0.9035 0.0185 0.312 0.0095
0.04 -3.3 0.04 0.9515 0.04 0.944 0.1145 0.04 0.0015
0.06 -8.7 0.255 0.9395 0.2535 0.938 0.0215 0.2535 0.003
0.59 -8.4 0.322 0.9235 0.316 0.923 0.021 0.3155 0.0115
0.83 -7.8 0.3265 0.8935 0.318 0.8935 0.0135 0.318 0.0065
0.83 -4.5 0.0145 0.926 0.0145 0.921 0.1325 0.0145 0.001
0.22 -4.8 0.24 0.9375 0.239 0.9375 0.045 0.239 0.009
0.004 -3.6 0.2145 0.9435 0.2145 0.9435 0.004 0.2145 0.0005
0.89 -6.0 0.334 0.897 0.324 0.897 0.012 0.324 0.0055
0.55 -3.3 0.0185 0.936 0.0185 0.9295 0.1525 0.0185 0.004
0.22 -7.5 0.276 0.931 0.2735 0.931 0.0405 0.2735 0.0125
1.21 -7.2 0.321 0.8645 0.3135 0.8645 0.005 0.3135 0.0015
0.04 -5.7 0.238 0.945 0.2365 0.945 0.01 0.2365 0.0015
1.19 -8.7 0.3195 0.879 0.315 0.8785 0.0085 0.3145 0.003
0.0025 -3.0 0.2255 0.957 0.2245 0.957 0.0055 0.2245 0.0
0.004 -3.9 0.2075 0.944 0.206 0.9435 0.003 0.206 0.0005
0.89 -9.0 0.3215 0.9025 0.314 0.9015 0.012 0.313 0.0085
0.06 -3.0 0.0175 0.948 0.0175 0.9425 0.1015 0.0175 0.0015
0.14 -5.7 0.2715 0.947 0.2695 0.9455 0.0335 0.2695 0.009
1.09 -8.7 0.321 0.876 0.311 0.876 0.006 0.311 0.0015
0.33 -3.6 0.0155 0.9565 0.0155 0.949 0.1605 0.0155 0.001
0.16 -8.7 0.2105 0.932 0.21 0.931 0.039 0.21 0.01
0.49 -8.4 0.3115 0.9295 0.31 0.9275 0.033 0.31 0.013
0.93 -7.8 0.3245 0.899 0.3195 0.899 0.014 0.3195 0.007
0.93 -4.5 0.0205 0.9215 0.0205 0.9155 0.118 0.0205 0.006
0.0011 -4.2 0.3265 0.9855 0.3255 0.9855 0.005 0.3255 0.0005
0.33 -3.9 0.0215 0.9505 0.0215 0.9405 0.1695 0.0215 0.0025
1.47 -7.8 0.313 0.8515 0.3055 0.8515 0.001 0.3055 0.0005
1.47 -4.5 0.0135 0.907 0.0135 0.903 0.114 0.0135 0.0005
1.31 -7.2 0.322 0.87 0.317 0.87 0.002 0.317 0.0
0.45 -3.3 0.0155 0.9365 0.0155 0.9285 0.157 0.0155 0.0025
0.47 -8.7 0.294 0.9215 0.2915 0.9205 0.0305 0.2915 0.013
0.18 -8.4 0.249 0.9395 0.246 0.9385 0.04 0.246 0.011
1.05 -5.4 0.243 0.9165 0.239 0.916 0.0205 0.239 0.002
1.05 -6.9 0.3165 0.877 0.3105 0.877 0.0085 0.3105 0.003
0.63 -4.8 0.064 0.9515 0.064 0.947 0.1065 0.064 0.005
0.14 -3.3 0.019 0.941 0.019 0.9295 0.1595 0.019 0.0025
0.63 -7.5 0.318 0.916 0.314 0.915 0.02 0.3135 0.011
1.07 -8.4 0.329 0.8795 0.318 0.8795 0.0035 0.318 0.0005
1.05 -6.6 0.325 0.873 0.318 0.873 0.0085 0.318 0.0035
0.45 -5.7 0.2975 0.9235 0.294 0.923 0.0355 0.294 0.0125
1.23 -3.0 0.0105 0.9085 0.0105 0.904 0.119 0.0105 0.0
0.31 -3.0 0.0185 0.9415 0.0185 0.933 0.1325 0.0185 0.0025
1.15 -4.8 0.0365 0.9105 0.0365 0.906 0.111 0.0365 0.0015
0.16 -7.2 0.2225 0.936 0.2225 0.935 0.0365 0.2225 0.0095
1.15 -7.5 0.333 0.8815 0.325 0.8815 0.0035 0.325 0.001
1.31 -8.7 0.3345 0.864 0.3275 0.864 0.003 0.3275 0.001
0.73 -5.4 0.1955 0.9265 0.1945 0.9265 0.04 0.1945 0.004
0.73 -6.9 0.323 0.9025 0.3155 0.9025 0.0195 0.3155 0.011
1.09 -7.2 0.3205 0.8825 0.31 0.882 0.0085 0.3095 0.0035
0.43 -3.0 0.0165 0.937 0.0165 0.9265 0.1385 0.0165 0.0005
0.71 -8.4 0.342 0.914 0.3355 0.914 0.0225 0.3355 0.0125
0.73 -6.6 0.317 0.9025 0.3125 0.901 0.0185 0.312 0.01
1.33 -5.7 0.29 0.883 0.284 0.883 0.01 0.284 0.003
1.45 -3.6 0.014 0.9055 0.014 0.903 0.125 0.014 0.001
0.002 -3.9 0.229 0.961 0.229 0.9605 0.003 0.229 0.0
0.91 -3.6 0.0135 0.919 0.0135 0.915 0.1325 0.0135 0.0015
0.2 -8.4 0.2595 0.9345 0.2575 0.9335 0.0445 0.2575 0.0125
1.49 -8.1 0.326 0.851 0.317 0.851 0.0015 0.317 0.0005
0.22 -6.6 0.2595 0.936 0.259 0.936 0.04 0.259 0.012
1.45 -3.9 0.0155 0.8915 0.0155 0.8885 0.0925 0.0155 0.002
0.31 -7.8 0.293 0.941 0.2915 0.94 0.043 0.291 0.017
0.002 -3.6 0.224 0.96 0.2235 0.96 0.004 0.2235 0.0
0.31 -4.5 0.0985 0.958 0.0985 0.953 0.119 0.0985 0.0065
0.47 -7.2 0.3015 0.9155 0.2975 0.9145 0.0315 0.297 0.012
1.33 -3.3 0.0155 0.9045 0.0155 0.9 0.1355 0.0155 0.002
0.22 -5.4 0.253 0.9305 0.2515 0.9295 0.0285 0.2515 0.009
0.91 -3.9 0.016 0.9165 0.016 0.914 0.133 0.016 0.0015
0.22 -6.9 0.271 0.935 0.2675 0.9335 0.044 0.2675 0.017
0.67 -6.6 0.3205 0.9105 0.3155 0.9105 0.0235 0.3155 0.0095
1.27 -5.7 0.292 0.869 0.285 0.8685 0.0115 0.285 0.001
0.65 -8.4 0.2995 0.909 0.2925 0.909 0.0215 0.2925 0.012
0.69 -3.3 0.016 0.93 0.016 0.9215 0.1415 0.016 0.0035
0.67 -6.9 0.333 0.914 0.3275 0.914 0.021 0.3275 0.009
0.67 -5.4 0.252 0.931 0.2505 0.9295 0.0265 0.25 0.005
0.003 -8.7 0.2225 0.9455 0.222 0.9455 0.0015 0.222 0.0
1.25 -8.7 0.3335 0.873 0.325 0.873 0.006 0.325 0.001
1.01 -7.5 0.325 0.8915 0.3185 0.891 0.009 0.3185 0.005
0.02 -7.2 0.2435 0.9425 0.2415 0.9425 0.0065 0.2415 0.0005
1.01 -4.8 0.033 0.9195 0.033 0.9175 0.115 0.033 0.0025
0.85 -3.9 0.021 0.924 0.021 0.9185 0.136 0.021 0.0035
1.29 -6.6 0.3085 0.861 0.3005 0.861 0.0065 0.3005 0.001
0.69 -5.7 0.2855 0.9165 0.2805 0.9155 0.0165 0.2805 0.005
0.53 -7.2 0.3015 0.9205 0.2985 0.92 0.027 0.2985 0.011
1.27 -3.3 0.0135 0.911 0.0135 0.908 0.126 0.0135 0.0005
0.25 -4.5 0.136 0.958 0.1355 0.957 0.064 0.1355 0.0035
0.25 -7.8 0.263 0.926 0.262 0.926 0.039 0.262 0.015
1.03 -9.0 0.3245 0.8825 0.3165 0.8825 0.007 0.3165 0.0035
1.29 -5.4 0.2085 0.9005 0.2065 0.9005 0.022 0.2065 0.001
1.29 -6.9 0.306 0.8585 0.299 0.8585 0.006 0.299 0.0015
0.85 -3.6 0.017 0.923 0.017 0.9205 0.14 0.017 0.0025
0.89 -8.1 0.3175 0.898 0.3125 0.8975 0.0135 0.312 0.0065
1.03 -6.0 0.3305 0.8935 0.3235 0.8935 0.0065 0.3235 0.002
0.39 -4.2 0.024 0.944 0.024 0.934 0.142 0.024 0.0015
0.003 -7.2 0.2125 0.9425 0.2125 0.9425 0.0035 0.2125 0.0005
0.0016 -9.0 0.2535 0.972 0.253 0.972 0.002 0.253 0.0
1.25 -7.2 0.331 0.8725 0.324 0.8725 0.003 0.324 0.001
0.51 -3.3 0.018 0.9345 0.018 0.9265 0.153 0.018 0.0035
0.63 -9.0 0.3125 0.91 0.309 0.9095 0.0195 0.3085 0.0065
0.27 -3.9 0.018 0.9465 0.018 0.9415 0.1225 0.018 0.001
0.87 -4.5 0.0175 0.925 0.0175 0.923 0.1265 0.0175 0.001
0.87 -7.8 0.339 0.8865 0.3315 0.8865 0.0065 0.3315 0.0045
0.29 -5.1 0.2465 0.936 0.245 0.9355 0.0405 0.245 0.01
0.02 -8.7 0.2395 0.947 0.239 0.947 0.01 0.239 0.002
0.63 -6.0 0.3065 0.9255 0.303 0.9255 0.022 0.303 0.0095
1.39 -4.8 0.0165 0.9105 0.0165 0.907 0.11 0.0165 0.001
0.0016 -6.0 0.2475 0.9735 0.2475 0.9735 0.0035 0.2475 0.0005
0.27 -3.6 0.012 0.9435 0.012 0.9325 0.18 0.012 0.0005
1.39 -7.5 0.322 0.868 0.314 0.868 0.0045 0.314 0.0025
0.29 -6.3 0.2625 0.9305 0.2615 0.93 0.0345 0.2615 0.0095
0.0013 -8.4 0.3 0.9785 0.2995 0.9785 0.0015 0.2995 0.001
1.11 -6.6 0.322 0.881 0.311 0.881 0.008 0.311 0.004
0.51 -5.7 0.303 0.9135 0.3005 0.9115 0.032 0.3005 0.011
0.87 -9.0 0.315 0.8915 0.308 0.8915 0.007 0.308 0.0035
1.13 -8.4 0.336 0.8725 0.328 0.872 0.007 0.328 0.0025
0.01 -4.2 0.2145 0.949 0.212 0.949 0.003 0.212 0.001
0.77 -7.5 0.3335 0.894 0.3285 0.894 0.014 0.3285 0.006
0.77 -4.8 0.022 0.935 0.022 0.9295 0.124 0.022 0.002
0.87 -6.0 0.32 0.8955 0.316 0.895 0.006 0.3155 0.004
1.11 -6.9 0.3175 0.883 0.3105 0.883 0.007 0.3105 0.005
1.11 -5.4 0.2265 0.9055 0.2225 0.903 0.0285 0.2225 0.0025
0.53 -8.7 0.3175 0.9255 0.3155 0.925 0.0305 0.315 0.0145
0.1 -4.2 0.1795 0.956 0.1795 0.9545 0.044 0.1795 0.0025
1.13 -4.5 0.019 0.916 0.019 0.9125 0.122 0.019 0.0005
0.67 -3.9 0.017 0.9295 0.017 0.921 0.161 0.017 0.001
1.13 -7.8 0.3275 0.8805 0.319 0.88 0.0065 0.319 0.0015
0.69 -5.1 0.1135 0.931 0.113 0.9285 0.071 0.113 0.0025
0.89 -8.7 0.3305 0.908 0.3235 0.9075 0.014 0.323 0.006
0.67 -3.6 0.0185 0.9295 0.0185 0.919 0.1515 0.0185 0.002
0.69 -6.3 0.312 0.9045 0.3055 0.9045 0.013 0.3055 0.0055
1.17 -3.0 0.0185 0.924 0.0185 0.9205 0.141 0.0185 0.001
1.29 -3.9 0.013 0.9015 0.013 0.897 0.1215 0.013 0.0005
0.87 -8.4 0.3225 0.8845 0.3155 0.884 0.008 0.3155 0.002
0.85 -6.6 0.3285 0.8975 0.324 0.8965 0.0125 0.3235 0.004
1.27 -5.1 0.0905 0.908 0.0905 0.905 0.062 0.0905 0.0015
0.85 -6.9 0.3215 0.9025 0.3135 0.9025 0.013 0.3135 0.0045
0.0013 -4.5 0.297 0.9765 0.296 0.9765 0.001 0.296 0.0
0.37 -7.5 0.2985 0.933 0.2965 0.9325 0.0325 0.2965 0.0125
0.41 -4.2 0.019 0.948 0.019 0.9435 0.14 0.019 0.002
1.29 -3.6 0.0185 0.894 0.0185 0.89 0.1165 0.0185 0.002
0.37 -4.8 0.1825 0.952 0.182 0.95 0.043 0.182 0.0055
0.0013 -7.8 0.289 0.979 0.288 0.979 0.0065 0.288 0.0
0.85 -5.4 0.232 0.9195 0.2305 0.919 0.03 0.2305 0.004
1.27 -6.3 0.324 0.8525 0.317 0.8525 0.0035 0.317 0.0005
0.0025 -4.2 0.236 0.9555 0.235 0.9555 0.0025 0.235 0.0005
0.003 -8.1 0.2155 0.9365 0.2145 0.9365 0.0015 0.2145 0.0
1.25 -8.1 0.33 0.873 0.321 0.8725 0.006 0.321 0.0015
0.51 -5.1 0.224 0.931 0.2235 0.9295 0.0445 0.2235 0.006
0.27 -6.6 0.2765 0.9445 0.275 0.9425 0.0445 0.275 0.0155
0.25 -8.4 0.276 0.9325 0.2735 0.9315 0.04 0.2735 0.0135
0.89 -7.2 0.321 0.9085 0.3135 0.9085 0.0115 0.3135 0.004
0.29 -3.3 0.0155 0.9385 0.0155 0.9315 0.1105 0.0155 0.0015
0.95 -7.5 0.354 0.9065 0.3495 0.9065 0.012 0.3495 0.0065
0.27 -6.9 0.2745 0.9435 0.273 0.9435 0.0405 0.273 0.0145
0.51 -6.3 0.3105 0.921 0.309 0.919 0.032 0.3085 0.0145
0.27 -5.4 0.2755 0.94 0.2745 0.94 0.0275 0.2745 0.0085
0.95 -4.8 0.041 0.933 0.041 0.9305 0.109 0.041 0.004
0.53 -8.1 0.3075 0.9225 0.302 0.922 0.0275 0.3015 0.016
1.41 -7.5 0.33 0.8755 0.3215 0.8755 0.0025 0.3215 0.001
0.0013 -3.0 0.2885 0.9785 0.287 0.978 0.0035 0.287 0.0005
1.37 -4.2 0.014 0.899 0.014 0.8965 0.112 0.014 0.0005
0.93 -3.0 0.018 0.928 0.018 0.926 0.144 0.018 0.004
1.41 -4.8 0.0155 0.91 0.015 0.909 0.103 0.015 0.0015
0.02 -8.1 0.239 0.945 0.2365 0.945 0.006 0.2365 0.0005
0.29 -5.7 0.2505 0.9335 0.2495 0.9335 0.034 0.2495 0.009
0.65 -4.5 0.023 0.9345 0.023 0.9315 0.12 0.023 0.0045
1.11 -3.9 0.0125 0.9165 0.0125 0.907 0.1275 0.0125 0.0035
0.39 -9.0 0.2795 0.921 0.2765 0.92 0.024 0.276 0.0085
0.65 -7.8 0.32 0.925 0.3145 0.925 0.022 0.3145 0.012
0.77 -3.0 0.0175 0.927 0.0175 0.921 0.1405 0.0175 0.003
1.11 -3.6 0.016 0.9145 0.016 0.9125 0.0885 0.016 0.0
0.39 -6.0 0.2935 0.917 0.291 0.916 0.0275 0.2905 0.009
0.79 -4.2 0.018 0.933 0.018 0.926 0.164 0.018 0.003
0.2 -7.8 0.278 0.939 0.2745 0.939 0.0385 0.2745 0.0155
0.2 -4.5 0.206 0.9455 0.2035 0.943 0.038 0.2035 0.007
1.23 -4.2 0.0145 0.914 0.0145 0.9115 0.119 0.0145 0.0025
0.47 -8.1 0.2865 0.9205 0.2845 0.92 0.0345 0.2845 0.012
0.81 -4.8 0.0265 0.9275 0.0265 0.9235 0.121 0.0265 0.0025
0.33 -5.4 0.2945 0.9395 0.289 0.9385 0.0315 0.289 0.0095
1.37 -9.0 0.3175 0.8395 0.308 0.8395 0.002 0.308 0.0005
0.45 -6.3 0.2855 0.9265 0.2825 0.926 0.035 0.2825 0.0085
1.45 -6.0 0.3005 0.8595 0.294 0.8595 0.005 0.294 0.0
0.33 -6.9 0.29 0.9385 0.287 0.9375 0.032 0.2865 0.0105
0.81 -7.5 0.318 0.9055 0.3105 0.9055 0.0115 0.3105 0.007
1.49 -7.2 0.3195 0.849 0.3135 0.849 0.004 0.3135 0.001
1.37 -6.0 0.328 0.8625 0.315 0.8625 0.0025 0.315 0.0
0.31 -8.4 0.302 0.936 0.299 0.935 0.0475 0.299 0.0145
0.33 -6.6 0.293 0.934 0.2905 0.9335 0.034 0.29 0.0145
0.45 -5.1 0.23 0.9415 0.229 0.9395 0.047 0.2285 0.0125
1.45 -9.0 0.3095 0.8405 0.3025 0.8405 0.001 0.3025 0.0
1.05 -3.6 0.0165 0.9075 0.0165 0.904 0.09 0.0165 0.002
0.12 -6.0 0.2545 0.9365 0.253 0.9365 0.0325 0.253 0.0115
0.14 -5.1 0.2625 0.943 0.259 0.9425 0.041 0.259 0.0145
1.09 -8.1 0.321 0.8845 0.3125 0.8845 0.0095 0.3125 0.005
1.05 -3.9 0.018 0.911 0.0175 0.908 0.087 0.0175 0.002
0.71 -7.8 0.3375 0.907 0.333 0.9065 0.015 0.333 0.01
0.71 -4.5 0.02 0.9315 0.02 0.9275 0.155 0.02 0.0015
0.12 -9.0 0.2505 0.9435 0.25 0.9435 0.0185 0.25 0.0055
0.16 -8.1 0.2245 0.936 0.2235 0.9345 0.034 0.2235 0.0105
0.14 -6.3 0.2615 0.9475 0.2595 0.946 0.0345 0.2595 0.0105
1.49 -8.7 0.3285 0.8465 0.3185 0.846 0.006 0.3185 0.001
0.18 -4.5 0.2035 0.9495 0.202 0.9485 0.0485 0.202 0.005
0.73 -3.6 0.018 0.9215 0.018 0.915 0.1345 0.018 0.0035
0.18 -7.8 0.2585 0.9365 0.2575 0.936 0.0365 0.2575 0.0125
0.73 -3.9 0.014 0.9275 0.014 0.918 0.143 0.014 0.0025
1.07 -7.8 0.325 0.879 0.3175 0.879 0.0045 0.3175 0.001
1.07 -4.5 0.016 0.9145 0.016 0.9135 0.084 0.016 0.0
0.04 -4.2 0.2485 0.9495 0.247 0.9475 0.0145 0.247 0.0025
0.25 -6.0 0.2735 0.9315 0.271 0.9305 0.025 0.2705 0.007
1.31 -8.1 0.323 0.8625 0.3175 0.8625 0.003 0.3175 0.0005
0.002 -6.6 0.2265 0.959 0.2255 0.959 0.001 0.2255 0.0
1.45 -5.4 0.1735 0.896 0.173 0.895 0.0325 0.173 0.001
1.33 -6.3 0.325 0.87 0.3195 0.87 0.002 0.3195 0.001
1.45 -6.9 0.317 0.85 0.3095 0.8495 0.0015 0.3095 0.001
0.57 -9.0 0.312 0.916 0.3095 0.915 0.0225 0.309 0.0115
0.91 -5.4 0.2475 0.923 0.2445 0.922 0.0235 0.2445 0.0045
0.22 -3.9 0.0285 0.945 0.0285 0.9385 0.1055 0.0285 0.0015
0.55 -4.2 0.0125 0.9295 0.012 0.925 0.1435 0.012 0.0005
0.91 -6.9 0.3215 0.886 0.314 0.886 0.0105 0.314 0.0045
0.002 -6.9 0.232 0.961 0.2315 0.961 0.003 0.2315 0.001
0.25 -9.0 0.276 0.929 0.273 0.9285 0.022 0.273 0.0075
0.002 -5.4 0.2265 0.962 0.226 0.962 0.002 0.226 0.0
0.57 -6.0 0.3145 0.925 0.3125 0.9245 0.022 0.3125 0.01
1.47 -8.4 0.315 0.858 0.3095 0.858 0.003 0.3095 0.0015
1.45 -6.6 0.3035 0.854 0.298 0.854 0.003 0.298 0.0005
1.33 -5.1 0.097 0.911 0.0965 0.91 0.058 0.0965 0.001
0.49 -4.5 0.0425 0.95 0.0425 0.945 0.121 0.0425 0.002
0.004 -4.8 0.2095 0.9405 0.2085 0.9405 0.0025 0.2085 0.0
0.22 -3.6 0.0155 0.9435 0.0155 0.9305 0.159 0.0155 0.001
0.91 -6.6 0.3265 0.8925 0.319 0.8925 0.0095 0.319 0.0035
0.004 -7.5 0.2025 0.9355 0.202 0.9355 0.0025 0.202 0.0
0.93 -8.4 0.3215 0.8895 0.318 0.8895 0.0105 0.318 0.0045
0.49 -7.8 0.3015 0.9265 0.298 0.9255 0.033 0.298 0.0115
1.25 -9.0 0.334 0.876 0.324 0.876 0.003 0.324 0.0
1.23 -5.1 0.1015 0.9175 0.101 0.9165 0.0435 0.101 0.0005
0.59 -4.5 0.022 0.9355 0.022 0.9305 0.1305 0.022 0.003
1.19 -3.0 0.014 0.907 0.014 0.905 0.099 0.014 0.002
0.81 -6.6 0.3285 0.9005 0.319 0.8995 0.013 0.319 0.005
0.83 -8.4 0.3345 0.896 0.3255 0.896 0.014 0.3255 0.006
0.59 -7.8 0.324 0.9195 0.318 0.919 0.022 0.318 0.0105
1.25 -6.0 0.342 0.874 0.3345 0.874 0.0095 0.3345 0.002
1.21 -8.1 0.3035 0.866 0.2975 0.866 0.005 0.2975 0.002
1.23 -6.3 0.3375 0.867 0.33 0.867 0.0085 0.33 0.003
0.81 -5.4 0.197 0.935 0.194 0.9345 0.0425 0.194 0.0025
0.33 -4.8 0.2045 0.9525 0.2035 0.95 0.0455 0.2035 0.006
0.45 -4.2 0.02 0.941 0.02 0.9375 0.133 0.02 0.002
0.33 -7.5 0.294 0.9405 0.293 0.94 0.0285 0.293 0.013
0.81 -6.9 0.3145 0.903 0.3075 0.903 0.0145 0.3075 0.007
0.007 -8.4 0.1995 0.9385 0.199 0.9385 0.005 0.199 0.0005
1.17 -7.8 0.3385 0.885 0.3305 0.885 0.005 0.3305 0.0015
0.63 -3.9 0.018 0.9415 0.018 0.936 0.1405 0.018 0.0015
0.14 -4.2 0.139 0.945 0.1385 0.94 0.069 0.1385 0.003
1.17 -4.5 0.0175 0.918 0.017 0.914 0.1 0.017 0.002
0.0011 -5.7 0.3305 0.9835 0.3285 0.9835 0.001 0.3285 0.0
0.08 -4.5 0.2355 0.9365 0.234 0.936 0.0255 0.234 0.0035
0.0016 -8.7 0.2535 0.9725 0.2525 0.972 0.004 0.2525 0.0
0.63 -3.6 0.017 0.941 0.017 0.936 0.1565 0.017 0.0025
0.08 -7.8 0.2635 0.9355 0.263 0.935 0.0225 0.263 0.005
0.61 -7.8 0.3085 0.911 0.305 0.9105 0.034 0.3045 0.014
1.15 -3.9 0.0165 0.914 0.016 0.911 0.1375 0.016 0.003
0.61 -4.5 0.0245 0.9405 0.0245 0.9355 0.129 0.0245 0.0025
0.06 -8.1 0.254 0.944 0.253 0.943 0.018 0.253 0.0015
0.04 -6.3 0.249 0.9485 0.2475 0.9475 0.011 0.2475 0.0015
1.15 -3.6 0.015 0.9105 0.015 0.908 0.136 0.015 0.0015
0.04 -5.1 0.241 0.9445 0.24 0.9445 0.011 0.24 0.0035
1.19 -8.1 0.3185 0.8765 0.313 0.8765 0.008 0.313 0.0035
0.002 -7.5 0.2235 0.9605 0.223 0.9605 0.0035 0.223 0.0
0.79 -3.0 0.011 0.9365 0.011 0.932 0.1505 0.011 0.0015
0.002 -4.8 0.2335 0.963 0.2335 0.963 0.003 0.2335 0.0
0.004 -5.4 0.218 0.9435 0.216 0.9435 0.0025 0.216 0.0
0.37 -6.0 0.2855 0.9385 0.2835 0.9385 0.0225 0.2835 0.0085
0.0016 -7.2 0.2525 0.975 0.2525 0.975 0.0035 0.2525 0.001
0.002 -9.0 0.2285 0.961 0.2275 0.961 0.003 0.2275 0.0005
0.55 -5.1 0.221 0.939 0.2205 0.936 0.041 0.2205 0.0065
0.004 -6.9 0.209 0.9365 0.208 0.9365 0.002 0.208 0.0
0.45 -9.0 0.2915 0.927 0.2905 0.9265 0.0285 0.2905 0.009
1.45 -4.8 0.016 0.9075 0.016 0.904 0.097 0.016 0.001
1.33 -4.2 0.0145 0.9035 0.0145 0.8995 0.126 0.0145 0.002
1.45 -7.5 0.3025 0.8375 0.2925 0.8375 0.0045 0.2925 0.0015
0.0035 -8.4 0.207 0.946 0.2055 0.946 0.003 0.2055 0.0
0.57 -8.1 0.3085 0.918 0.306 0.917 0.0245 0.306 0.0095
0.91 -4.8 0.037 0.927 0.037 0.923 0.1035 0.037 0.003
0.37 -9.0 0.2845 0.9355 0.2805 0.935 0.036 0.2805 0.013
0.55 -6.3 0.2915 0.911 0.289 0.911 0.0315 0.289 0.0125
0.45 -6.0 0.29 0.9255 0.2865 0.925 0.025 0.2865 0.009
0.004 -6.6 0.2135 0.934 0.212 0.9335 0.003 0.212 0.0005
0.002 -6.0 0.232 0.958 0.2315 0.958 0.0025 0.2315 0.0
0.91 -7.5 0.3125 0.8835 0.3065 0.8835 0.009 0.3065 0.004
0.1 -5.1 0.2595 0.948 0.2575 0.9465 0.0335 0.2575 0.01
0.004 -6.0 0.2155 0.94 0.2155 0.94 0.0025 0.2155 0.0
1.39 -6.0 0.326 0.8655 0.32 0.8655 0.0035 0.32 0.0005
1.01 -3.6 0.018 0.9205 0.018 0.9155 0.135 0.018 0.0015
0.69 -4.2 0.0175 0.935 0.0175 0.928 0.15 0.0175 0.001
1.05 -3.0 0.0165 0.9135 0.0165 0.91 0.1025 0.0165 0.0015
0.1 -6.3 0.252 0.9405 0.2495 0.939 0.031 0.2495 0.009
0.39 -5.7 0.285 0.922 0.282 0.922 0.038 0.282 0.01
0.12 -8.1 0.2525 0.945 0.252 0.945 0.033 0.252 0.009
0.75 -4.5 0.018 0.9275 0.018 0.9185 0.131 0.018 0.0015
0.75 -7.8 0.3225 0.8985 0.3175 0.897 0.016 0.3175 0.005
1.39 -9.0 0.337 0.8625 0.326 0.8625 0.005 0.326 0.0025
1.01 -3.9 0.013 0.9145 0.013 0.9125 0.0935 0.013 0.001
0.004 -9.0 0.2135 0.938 0.2125 0.938 0.003 0.2125 0.0
0.85 -7.5 0.3295 0.9075 0.3225 0.9065 0.0145 0.322 0.007
0.37 -6.9 0.296 0.931 0.293 0.9305 0.032 0.293 0.0115
0.005 -8.1 0.197 0.9345 0.197 0.9345 0.0035 0.197 0.001
0.41 -6.3 0.2975 0.939 0.295 0.939 0.029 0.295 0.015
0.37 -5.4 0.2835 0.9345 0.282 0.9335 0.023 0.2815 0.008
0.85 -4.8 0.0275 0.927 0.0275 0.921 0.129 0.0275 0.0015
0.43 -8.1 0.2785 0.9275 0.2755 0.9265 0.0385 0.2755 0.012
0.0025 -6.3 0.234 0.9595 0.2325 0.9595 0.0045 0.2325 0.0005
0.2 -3.0 0.014 0.951 0.014 0.9475 0.1115 0.014 0.001
1.27 -4.2 0.011 0.9035 0.011 0.897 0.1215 0.011 0.001
0.41 -5.1 0.267 0.94 0.264 0.9395 0.039 0.264 0.0105
0.37 -6.6 0.3005 0.9345 0.2975 0.934 0.036 0.2975 0.015
0.35 -8.4 0.293 0.9315 0.2915 0.931 0.022 0.2915 0.0065
0.99 -7.2 0.3295 0.8955 0.321 0.8945 0.0085 0.3205 0.005
0.0025 -5.1 0.24 0.959 0.2395 0.959 0.0025 0.2395 0.0005
0.39 -3.3 0.016 0.9395 0.016 0.929 0.1675 0.016 0.0
0.95 -6.9 0.341 0.8985 0.335 0.8985 0.013 0.335 0.005
0.27 -7.5 0.274 0.9475 0.272 0.9475 0.0415 0.272 0.015
0.51 -4.2 0.016 0.9395 0.016 0.934 0.148 0.016 0.0005
1.39 -3.6 0.0155 0.908 0.0155 0.9045 0.123 0.0155 0.0015
0.27 -4.8 0.2195 0.952 0.218 0.9505 0.0505 0.218 0.0085
0.95 -5.4 0.2795 0.917 0.2765 0.917 0.033 0.2765 0.004
1.41 -6.9 0.3205 0.8735 0.312 0.8735 0.003 0.312 0.002
1.37 -6.3 0.3255 0.853 0.318 0.853 0.002 0.318 0.0005
1.41 -5.4 0.189 0.902 0.1865 0.902 0.028 0.1865 0.0
1.35 -8.1 0.3275 0.8785 0.318 0.8775 0.0045 0.318 0.001
1.39 -3.9 0.0155 0.9215 0.0155 0.9195 0.1085 0.0155 0.001
0.97 -8.4 0.327 0.886 0.3195 0.8855 0.0095 0.3195 0.0065
0.81 -3.0 0.0075 0.9285 0.0075 0.9235 0.1585 0.0075 0.0005
0.95 -6.6 0.333 0.901 0.327 0.901 0.013 0.327 0.004
1.37 -5.1 0.072 0.899 0.072 0.8975 0.06 0.072 0.001
0.01 -5.7 0.2045 0.9475 0.203 0.9475 0.004 0.203 0.0
1.41 -6.6 0.337 0.8625 0.3295 0.8625 0.0035 0.3295 0.0005
1.43 -8.4 0.3315 0.858 0.3255 0.858 0.003 0.3255 0.001
0.59 -6.0 0.3305 0.9165 0.3255 0.9155 0.0135 0.3255 0.005
0.99 -8.7 0.3275 0.8995 0.32 0.8995 0.01 0.32 0.0045
0.77 -3.6 0.0175 0.931 0.0175 0.924 0.144 0.0175 0.0025
0.79 -6.3 0.3275 0.899 0.32 0.8985 0.022 0.3195 0.011
1.03 -4.5 0.011 0.9215 0.011 0.9195 0.1265 0.011 0.001
0.01 -3.3 0.18 0.953 0.1795 0.952 0.022 0.1795 0.001
0.59 -9.0 0.333 0.919 0.3265 0.919 0.019 0.3265 0.0095
1.03 -7.8 0.3375 0.8905 0.3275 0.8905 0.007 0.3275 0.005
0.77 -3.9 0.017 0.932 0.0165 0.927 0.1515 0.0165 0.003
0.65 -3.0 0.0145 0.9365 0.0145 0.9325 0.148 0.0145 0.003
0.79 -5.1 0.0595 0.9395 0.0595 0.9365 0.1085 0.0595 0.0025
1.49 -4.8 0.014 0.896 0.014 0.895 0.1005 0.014 0.0005
1.01 -6.0 0.3435 0.8955 0.336 0.895 0.007 0.3355 0.003
0.57 -3.6 0.021 0.9395 0.021 0.9335 0.119 0.021 0.0035
1.49 -7.5 0.3275 0.8515 0.319 0.8515 0.0045 0.319 0.001
0.0035 -3.3 0.1995 0.949 0.199 0.9485 0.0085 0.199 0.0005
0.59 -6.3 0.3205 0.913 0.315 0.912 0.025 0.315 0.0115
1.23 -4.5 0.0155 0.9165 0.0155 0.9115 0.1115 0.0155 0.001
0.2 -4.2 0.0935 0.961 0.0935 0.9565 0.102 0.0935 0.006
1.01 -9.0 0.329 0.8875 0.318 0.8875 0.0065 0.318 0.0025
0.57 -3.9 0.0095 0.936 0.009 0.9305 0.1635 0.009 0.0005
1.23 -7.8 0.3355 0.8645 0.325 0.864 0.0065 0.325 0.002
0.81 -7.2 0.317 0.9005 0.31 0.9005 0.013 0.31 0.0065
0.59 -5.1 0.2225 0.934 0.221 0.9325 0.0495 0.221 0.0065
0.71 -4.2 0.014 0.9345 0.014 0.929 0.1615 0.014 0.002
0.0035 -5.7 0.204 0.9465 0.2035 0.9465 0.0035 0.2035 0.0
1.19 -3.6 0.011 0.9105 0.011 0.908 0.1385 0.011 0.0005
0.06 -3.9 0.1585 0.948 0.1585 0.945 0.0545 0.1585 0.0005
0.18 -3.0 0.012 0.9485 0.012 0.941 0.17 0.012 0.0015
1.17 -6.3 0.3405 0.876 0.331 0.876 0.006 0.331 0.0025
0.08 -5.1 0.246 0.9385 0.2445 0.938 0.0245 0.244 0.0055
1.15 -8.1 0.334 0.883 0.3255 0.8825 0.0045 0.325 0.001
1.19 -3.9 0.011 0.9155 0.011 0.9125 0.13 0.011 0.002
0.06 -3.6 0.0625 0.9615 0.0625 0.96 0.0905 0.0625 0.002
1.17 -5.1 0.1245 0.917 0.1235 0.9155 0.0515 0.1235 0.0005
0.08 -6.3 0.2505 0.94 0.2495 0.94 0.0215 0.2495 0.0055
0.004 -8.7 0.22 0.9325 0.219 0.932 0.0025 0.219 0.0
0.85 -6.0 0.322 0.901 0.317 0.9005 0.0085 0.3165 0.0035
0.61 -6.3 0.3075 0.9175 0.304 0.917 0.028 0.304 0.014
0.63 -8.1 0.309 0.91 0.3015 0.9095 0.019 0.301 0.0085
0.04 -4.5 0.2485 0.9435 0.247 0.9435 0.011 0.247 0.002
1.07 -4.2 0.0165 0.9195 0.0165 0.9175 0.1235 0.0165 0.0025
0.81 -8.7 0.3155 0.912 0.309 0.9115 0.014 0.309 0.0055
0.04 -7.8 0.235 0.9505 0.2345 0.9505 0.0055 0.2345 0.0005
0.61 -5.1 0.1665 0.946 0.164 0.943 0.0595 0.164 0.008
0.85 -9.0 0.3315 0.906 0.3255 0.905 0.01 0.3255 0.002
0.007 -3.3 0.1925 0.94 0.1905 0.94 0.01 0.1905 0.0005
0.83 -5.7 0.295 0.906 0.2905 0.9055 0.012 0.29 0.003
0.18 -4.2 0.113 0.957 0.113 0.9545 0.0755 0.113 0.0045
0.0011 -8.4 0.322 0.9835 0.3185 0.9835 0.003 0.3185 0.0
0.0016 -6.9 0.255 0.975 0.254 0.975 0.003 0.254 0.0005
0.004 -7.2 0.209 0.9415 0.207 0.9415 0.0015 0.207 0.0
1.21 -3.6 0.0125 0.9 0.0125 0.8935 0.135 0.0125 0.002
0.49 -4.2 0.016 0.9445 0.016 0.937 0.17 0.016 0.0035
0.61 -6.0 0.296 0.9205 0.2935 0.92 0.0285 0.2935 0.015
0.0016 -5.4 0.247 0.971 0.247 0.971 0.0035 0.247 0.0
0.007 -5.7 0.2155 0.9395 0.214 0.9395 0.0015 0.214 0.0005
0.83 -3.3 0.0115 0.9215 0.011 0.9155 0.134 0.011 0.001
0.55 -4.5 0.0325 0.944 0.0325 0.938 0.119 0.0325 0.0035
0.0016 -6.6 0.253 0.978 0.252 0.978 0.003 0.252 0.0005
0.61 -9.0 0.2975 0.9135 0.294 0.913 0.0185 0.2935 0.0105
1.21 -3.9 0.016 0.8975 0.016 0.894 0.117 0.016 0.0025
0.55 -7.8 0.2975 0.912 0.293 0.9115 0.029 0.293 0.015
0.97 -5.7 0.3165 0.896 0.3125 0.8955 0.0105 0.3125 0.0025
1.21 -3.0 0.0135 0.8995 0.0135 0.897 0.1305 0.0135 0.0015
0.01 -8.4 0.217 0.9405 0.216 0.9405 0.0045 0.216 0.0005
1.43 -5.7 0.2905 0.881 0.28 0.881 0.01 0.28 0.001
0.75 -5.1 0.059 0.9255 0.059 0.921 0.093 0.059 0.0035
0.1 -7.8 0.263 0.942 0.262 0.941 0.033 0.262 0.0065
0.95 -8.7 0.3345 0.9055 0.328 0.9055 0.009 0.328 0.0035
1.13 -4.2 0.0165 0.92 0.0165 0.9165 0.1265 0.0165 0.0005
0.1 -4.5 0.2255 0.9485 0.225 0.9485 0.035 0.225 0.005
0.77 -8.1 0.325 0.9015 0.3185 0.9015 0.018 0.3185 0.006
1.41 -8.7 0.335 0.865 0.3255 0.865 0.0035 0.3255 0.001
0.75 -6.3 0.317 0.8965 0.3125 0.8955 0.0135 0.3125 0.006
1.35 -3.9 0.0135 0.9085 0.0135 0.905 0.0925 0.0135 0.0
0.41 -7.8 0.297 0.94 0.294 0.94 0.0265 0.294 0.012
0.0035 -6.0 0.209 0.948 0.208 0.948 0.002 0.208 0.0005
0.99 -6.6 0.334 0.8845 0.326 0.884 0.011 0.326 0.0045
0.37 -7.2 0.298 0.9305 0.295 0.9295 0.0355 0.2945 0.0145
0.0013 -4.2 0.316 0.9785 0.314 0.9785 0.0045 0.314 0.0005
1.43 -3.3 0.014 0.9035 0.014 0.9 0.1195 0.014 0.0025
0.41 -4.5 0.061 0.9425 0.061 0.941 0.0765 0.061 0.001
0.0025 -4.5 0.2255 0.9545 0.225 0.954 0.003 0.225 0.0005
0.97 -3.3 0.019 0.927 0.019 0.9245 0.0995 0.019 0.0005
0.0025 -7.8 0.2295 0.9605 0.229 0.9605 0.0025 0.229 0.0
0.99 -6.9 0.331 0.888 0.324 0.888 0.009 0.324 0.004
0.0035 -9.0 0.225 0.9485 0.2245 0.9485 0.002 0.2245 0.0
1.35 -3.6 0.014 0.914 0.014 0.911 0.1235 0.014 0.001
0.99 -5.4 0.253 0.9115 0.2505 0.9105 0.022 0.2505 0.004
0.04 -3.0 0.0165 0.9635 0.0165 0.952 0.136 0.0165 0.002
1.39 -8.1 0.336 0.8735 0.3275 0.8735 0.0045 0.3275 0.002
0.39 -8.4 0.284 0.9255 0.2815 0.9245 0.041 0.2815 0.015
0.95 -7.2 0.336 0.899 0.3295 0.899 0.0105 0.3295 0.005
0.43 -3.9 0.013 0.9435 0.013 0.937 0.1595 0.013 0.0015
1.37 -7.8 0.3175 0.8515 0.3065 0.851 0.002 0.3065 0.0
0.99 -9.0 0.316 0.892 0.308 0.892 0.007 0.308 0.003
0.005 -3.9 0.2035 0.938 0.202 0.938 0.0035 0.202 0.0
1.41 -7.2 0.3365 0.8685 0.325 0.868 0.0015 0.325 0.0
0.35 -3.3 0.0125 0.946 0.0125 0.9395 0.1525 0.0125 0.001
1.37 -4.5 0.018 0.8965 0.018 0.8935 0.119 0.018 0.0025
0.89 -7.5 0.333 0.9035 0.3275 0.903 0.0115 0.327 0.0065
0.89 -4.8 0.043 0.9315 0.043 0.9305 0.0725 0.043 0.0005
0.99 -6.0 0.333 0.886 0.325 0.886 0.0085 0.325 0.0015
0.43 -3.6 0.012 0.942 0.012 0.9315 0.172 0.012 0.002
0.005 -3.6 0.226 0.9395 0.225 0.9385 0.0025 0.225 0.0
0.35 -5.7 0.301 0.9255 0.2975 0.925 0.032 0.2975 0.013
1.03 -5.1 0.087 0.933 0.087 0.9305 0.0775 0.087 0.0015
0.79 -4.5 0.0175 0.936 0.0175 0.9305 0.1585 0.0175 0.004
0.12 -3.6 0.022 0.9495 0.022 0.942 0.131 0.022 0.002
0.41 -3.0 0.021 0.9425 0.021 0.9375 0.1085 0.021 0.0015
0.79 -7.8 0.334 0.901 0.325 0.9005 0.017 0.3245 0.009
1.01 -8.1 0.3245 0.8865 0.312 0.8865 0.0075 0.312 0.003
0.37 -8.7 0.3095 0.9325 0.3065 0.932 0.0225 0.3065 0.007
1.03 -6.3 0.33 0.89 0.325 0.89 0.01 0.325 0.0055
0.12 -3.9 0.0655 0.9615 0.0655 0.9575 0.0985 0.0655 0.004
0.65 -4.2 0.019 0.937 0.019 0.9325 0.1485 0.019 0.0035
0.33 -3.0 0.0155 0.947 0.0155 0.9355 0.1585 0.0155 0.0035
1.11 -8.1 0.318 0.8835 0.3085 0.8835 0.004 0.3085 0.002
0.27 -8.7 0.2845 0.9415 0.2825 0.941 0.045 0.2825 0.013
1.13 -6.3 0.332 0.8765 0.327 0.8765 0.0085 0.327 0.003
0.02 -3.9 0.2395 0.944 0.237 0.944 0.0125 0.237 0.001
0.75 -4.2 0.0135 0.9275 0.0135 0.923 0.137 0.0135 0.002
1.33 -3.0 0.0095 0.913 0.0095 0.9105 0.0945 0.0095 0.0
0.25 -5.7 0.285 0.9295 0.2815 0.928 0.0235 0.281 0.007
1.13 -5.1 0.1315 0.925 0.1305 0.9245 0.055 0.1305 0.0025
0.69 -4.5 0.02 0.9305 0.02 0.9265 0.139 0.02 0.0
0.02 -3.6 0.1995 0.9585 0.1985 0.956 0.022 0.1985 0.003
1.41 -3.0 0.0175 0.9035 0.0175 0.899 0.094 0.0175 0.0025
0.69 -7.8 0.2995 0.9095 0.294 0.9095 0.0185 0.294 0.008
0.99 -7.5 0.31 0.89 0.3025 0.8895 0.01 0.3025 0.004
0.99 -4.8 0.038 0.9225 0.038 0.9175 0.0905 0.038 0.0015
0.0013 -5.1 0.2975 0.979 0.296 0.9785 0.004 0.296 0.001
0.53 -3.6 0.018 0.94 0.018 0.933 0.162 0.018 0.003
0.29 -8.4 0.2585 0.9335 0.257 0.9335 0.031 0.257 0.008
0.16 -3.0 0.0115 0.9415 0.0115 0.936 0.1205 0.0115 0.0005
0.0013 -6.3 0.308 0.978 0.306 0.978 0.0035 0.306 0.0005
0.85 -7.2 0.321 0.904 0.315 0.9035 0.015 0.3145 0.0065
1.27 -7.8 0.3375 0.87 0.3295 0.87 0.004 0.3295 0.0015
0.53 -3.9 0.0195 0.949 0.0195 0.942 0.164 0.0195 0.0025
0.25 -3.3 0.0195 0.942 0.0195 0.933 0.1635 0.0195 0.002
1.27 -4.5 0.013 0.8995 0.013 0.893 0.132 0.013 0.0
0.89 -6.9 0.3235 0.9 0.315 0.899 0.013 0.3145 0.006
0.003 -3.6 0.2085 0.938 0.208 0.938 0.0025 0.208 0.0005
1.25 -3.6 0.0235 0.905 0.0235 0.9025 0.0945 0.0235 0.001
0.89 -5.4 0.2395 0.9245 0.2355 0.9235 0.0345 0.2355 0.003
1.29 -8.1 0.3035 0.8605 0.2955 0.8605 0.0045 0.2955 0.0015
0.51 -7.8 0.317 0.916 0.3155 0.9145 0.025 0.315 0.013
1.25 -3.9 0.02 0.907 0.02 0.905 0.135 0.02 0.004
0.003 -3.9 0.216 0.9415 0.215 0.9415 0.0035 0.215 0.0
0.89 -6.6 0.3265 0.903 0.3185 0.9025 0.012 0.3185 0.0055
0.27 -7.2 0.279 0.94 0.2775 0.94 0.0425 0.2775 0.016
0.51 -4.5 0.0395 0.9465 0.0395 0.9415 0.1245 0.0395 0.0025
0.87 -3.3 0.014 0.9215 0.014 0.9165 0.1375 0.014 0.0015
0.53 -3.0 0.017 0.9345 0.017 0.9255 0.1615 0.017 0.0035
0.85 -8.7 0.31 0.8975 0.3035 0.8965 0.0155 0.3035 0.0065
1.03 -4.2 0.0185 0.92 0.0185 0.917 0.144 0.0185 0.0015
0.67 -8.1 0.3175 0.915 0.3145 0.915 0.018 0.3145 0.0095
0.65 -6.3 0.3155 0.916 0.311 0.9155 0.021 0.311 0.0095
0.87 -5.7 0.317 0.9065 0.311 0.906 0.0135 0.3105 0.0045
0.65 -5.1 0.1555 0.9405 0.155 0.9365 0.0635 0.155 0.005
0.93 -3.3 0.017 0.929 0.017 0.9275 0.1305 0.017 0.002
0.2 -6.3 0.268 0.943 0.264 0.942 0.044 0.264 0.0145
0.22 -8.1 0.266 0.941 0.2635 0.94 0.0375 0.2635 0.0115
1.49 -6.6 0.3295 0.8585 0.322 0.8585 0.0035 0.322 0.001
0.45 -4.5 0.045 0.9455 0.045 0.9375 0.1105 0.045 0.0035
1.47 -3.3 0.0105 0.9 0.0105 0.8975 0.1175 0.0105 0.0015
0.33 -7.2 0.2845 0.023 0.008 0.0 0.023 0.0 0.008
1.13 -6.0 0.332 0.89 0.325 0.8895 0.006 0.325 0.003
0.45 -7.8 0.2795 0.9265 0.2775 0.926 0.0335 0.2775 0.012
1.31 -3.9 0.0145 0.907 0.0145 0.905 0.126 0.0145 0.0025
0.2 -5.1 0.272 0.9395 0.269 0.9385 0.0395 0.268 0.0175
1.49 -5.4 0.165 0.8985 0.163 0.897 0.037 0.163 0.0025
1.49 -6.9 0.331 0.8505 0.321 0.8505 0.004 0.321 0.001
1.13 -9.0 0.3215 0.88 0.313 0.88 0.0035 0.313 0.002
1.31 -3.6 0.0145 0.902 0.0145 0.898 0.1395 0.0145 0.003
0.59 -4.2 0.0185 0.9395 0.0185 0.9355 0.1025 0.0185 0.002
0.71 -5.1 0.1015 0.94 0.1015 0.9375 0.085 0.1015 0.0025
0.002 -8.7 0.242 0.9615 0.24 0.9615 0.004 0.24 0.001
1.47 -5.7 0.288 0.8825 0.2815 0.8825 0.0145 0.2815 0.0005
0.93 -5.7 0.3195 0.903 0.314 0.903 0.0135 0.314 0.0065
0.08 -4.2 0.2065 0.9515 0.206 0.9515 0.0355 0.206 0.004
0.71 -6.3 0.3175 0.902 0.31 0.9015 0.021 0.31 0.0105
1.45 -8.7 0.304 0.8535 0.296 0.8535 0.004 0.296 0.002
0.73 -8.1 0.309 0.907 0.3015 0.907 0.021 0.3015 0.0075
1.17 -4.2 0.015 0.916 0.015 0.914 0.118 0.015 0.003
0.14 -4.5 0.237 0.9505 0.2355 0.949 0.0425 0.2355 0.01
0.91 -8.7 0.329 0.8925 0.321 0.892 0.0135 0.3205 0.005
0.14 -7.8 0.255 0.936 0.2535 0.935 0.038 0.2535 0.01
1.09 -3.9 0.0145 0.925 0.014 0.9225 0.135 0.014 0.002
0.16 -3.6 0.012 0.942 0.012 0.935 0.1585 0.012 0.0015
1.07 -5.1 0.1295 0.916 0.129 0.913 0.0575 0.129 0.0015
0.31 -5.7 0.2975 0.9365 0.2945 0.9355 0.0335 0.2945 0.0115
0.18 -6.3 0.2595 0.938 0.258 0.9375 0.0385 0.258 0.0105
0.97 -6.0 0.3385 0.891 0.3315 0.891 0.0075 0.3315 0.0035
0.61 -4.2 0.0165 0.94 0.0165 0.9335 0.1525 0.0165 0.002
1.09 -3.6 0.0155 0.905 0.015 0.903 0.093 0.015 0.001
0.16 -3.9 0.0355 0.95 0.035 0.946 0.1285 0.035 0.002
1.07 -6.3 0.345 0.88 0.3365 0.8795 0.0055 0.336 0.002
0.18 -5.1 0.2465 0.9395 0.2445 0.939 0.0405 0.2445 0.012
0.33 -8.7 0.2765 0.9425 0.275 0.9425 0.02 0.275 0.0085
0.97 -9.0 0.327 0.8885 0.3205 0.8885 0.0055 0.3205 0.0025
1.05 -8.1 0.316 0.878 0.309 0.878 0.01 0.309 0.0025
1.33 -4.5 0.0115 0.914 0.011 0.912 0.114 0.011 0.001
0.31 -3.3 0.0115 0.9445 0.0115 0.9395 0.168 0.0115 0.0015
1.45 -7.2 0.314 0.8565 0.306 0.8565 0.0015 0.306 0.0005
0.01 -9.0 0.228 0.941 0.2265 0.941 0.0045 0.2265 0.0005
1.33 -7.8 0.3225 0.8665 0.314 0.8665 0.0045 0.314 0.002
0.47 -3.9 0.012 0.938 0.012 0.9335 0.172 0.012 0.002
0.73 -6.0 0.3175 0.901 0.309 0.9005 0.0185 0.309 0.0095
0.91 -7.2 0.321 0.89 0.3115 0.8895 0.007 0.3115 0.0025
0.49 -5.1 0.245 0.941 0.2445 0.941 0.039 0.2445 0.0085
0.01 -6.0 0.2155 0.947 0.215 0.947 0.002 0.215 0.001
0.73 -9.0 0.326 0.899 0.318 0.899 0.016 0.318 0.006
0.47 -3.6 0.0185 0.938 0.0185 0.932 0.164 0.0185 0.003
0.002 -7.2 0.2415 0.963 0.241 0.963 0.0025 0.241 0.001
0.0016 -7.5 0.2555 0.9715 0.2555 0.9715 0.004 0.2555 0.0005
0.49 -6.3 0.2945 0.924 0.292 0.923 0.0295 0.292 0.0105
0.0016 -4.8 0.267 0.9745 0.267 0.9745 0.003 0.267 0.0005
1.11 -4.5 0.016 0.916 0.016 0.9135 0.121 0.016 0.0045
0.12 -4.2 0.16 0.958 0.1595 0.956 0.0605 0.1595 0.0055
0.89 -5.7 0.311 0.908 0.302 0.908 0.012 0.302 0.0025
0.65 -3.9 0.02 0.9345 0.02 0.9295 0.146 0.02 0.002
1.11 -7.8 0.3185 0.883 0.31 0.883 0.0055 0.31 0.0035
0.65 -3.6 0.016 0.9335 0.016 0.922 0.1615 0.016 0.003
0.69 -8.1 0.323 0.902 0.319 0.902 0.0195 0.319 0.011
0.85 -8.4 0.3215 0.897 0.317 0.8965 0.017 0.317 0.009
0.87 -6.6 0.3295 0.891 0.324 0.891 0.009 0.324 0.0055
0.29 -7.2 0.2685 0.9335 0.2675 0.932 0.031 0.2675 0.008
0.47 -3.0 0.0145 0.934 0.0145 0.9265 0.123 0.0145 0.003
0.003 -5.1 0.216 0.9445 0.215 0.9445 0.003 0.215 0.0
1.25 -5.1 0.0995 0.916 0.0995 0.9135 0.0595 0.0995 0.002
0.89 -3.3 0.0175 0.934 0.0175 0.928 0.1385 0.017 0.002
0.43 -4.2 0.015 0.946 0.015 0.9365 0.1545 0.015 0.002
0.87 -6.9 0.3265 0.8915 0.32 0.8915 0.0095 0.32 0.0065
0.35 -7.5 0.2945 0.9335 0.291 0.9325 0.028 0.291 0.011
0.005 -4.2 0.222 0.9425 0.2215 0.942 0.0015 0.2215 0.0
0.35 -4.8 0.191 0.9485 0.19 0.946 0.0405 0.19 0.006
0.87 -5.4 0.236 0.9165 0.2335 0.915 0.0255 0.2335 0.0035
0.003 -6.3 0.2125 0.9405 0.212 0.9405 0.003 0.212 0.0
1.25 -6.3 0.3325 0.8705 0.3225 0.87 0.004 0.3225 0.001
0.35 -3.0 0.0165 0.9475 0.0165 0.939 0.1215 0.0165 0.0025
1.27 -8.1 0.3195 0.862 0.3125 0.862 0.002 0.3125 0.001
0.25 -6.6 0.2715 0.934 0.269 0.933 0.045 0.269 0.0165
0.53 -5.1 0.233 0.934 0.232 0.933 0.0455 0.232 0.01
0.27 -8.4 0.2805 0.941 0.2795 0.941 0.038 0.2795 0.014
1.27 -3.0 0.0135 0.9045 0.0135 0.9005 0.087 0.0135 0.0005
1.29 -7.8 0.2955 0.862 0.29 0.862 0.0035 0.29 0.0025
0.0013 -3.6 0.298 0.978 0.2945 0.978 0.003 0.2945 0.0
1.29 -4.5 0.015 0.902 0.015 0.8995 0.117 0.015 0.001
0.97 -7.5 0.328 0.8935 0.322 0.8935 0.004 0.322 0.0025
0.25 -6.9 0.2765 0.935 0.272 0.934 0.039 0.272 0.0135
0.25 -5.4 0.271 0.9355 0.269 0.9345 0.0405 0.2685 0.0105
0.97 -4.8 0.0405 0.9155 0.04 0.913 0.0965 0.04 0.0015
0.53 -6.3 0.291 0.92 0.288 0.92 0.028 0.288 0.013
0.51 -8.1 0.2975 0.927 0.2955 0.9255 0.0195 0.2955 0.007
1.35 -4.2 0.0125 0.9125 0.0125 0.9095 0.0955 0.0125 0.0015
1.43 -7.5 0.322 0.8655 0.315 0.8655 0.0015 0.315 0.0015
0.0013 -3.9 0.2995 0.979 0.2975 0.979 0.0055 0.2975 0.001
1.43 -4.8 0.0175 0.9035 0.0175 0.9015 0.0975 0.0175 0.0015
0.02 -6.3 0.2515 0.9475 0.25 0.9475 0.0045 0.25 0.001
0.67 -4.5 0.019 0.9325 0.019 0.9265 0.1365 0.019 0.0015
1.13 -3.9 0.0185 0.9115 0.0185 0.909 0.1345 0.0185 0.0035
0.67 -7.8 0.3155 0.9185 0.311 0.9185 0.0195 0.311 0.0085
0.29 -8.7 0.2685 0.935 0.2645 0.935 0.0265 0.2645 0.0035
0.02 -5.1 0.2305 0.951 0.229 0.9505 0.006 0.229 0.0015
0.02 -3.0 0.038 0.945 0.038 0.943 0.075 0.038 0.002
1.13 -3.6 0.015 0.912 0.015 0.9075 0.1345 0.015 0.0035
0.22 -7.8 0.2585 0.934 0.256 0.9335 0.0375 0.256 0.012
0.49 -3.6 0.015 0.9395 0.015 0.93 0.164 0.015 0.002
1.21 -4.2 0.017 0.906 0.017 0.9025 0.126 0.017 0.0015
0.22 -4.5 0.1625 0.946 0.1625 0.944 0.0635 0.1625 0.0075
0.83 -6.0 0.3245 0.899 0.318 0.899 0.0195 0.318 0.006
0.45 -8.1 0.292 0.922 0.2895 0.9205 0.0335 0.289 0.011
0.47 -6.3 0.2975 0.9275 0.2945 0.9275 0.03 0.2945 0.0115
0.83 -4.8 0.0235 0.9285 0.0235 0.9225 0.124 0.0235 0.002
0.31 -5.4 0.2945 0.946 0.293 0.9445 0.0515 0.293 0.0155
0.31 -6.9 0.2875 0.94 0.2855 0.939 0.0455 0.285 0.016
0.83 -7.5 0.3365 0.8975 0.3265 0.8975 0.017 0.3265 0.007
0.83 -9.0 0.33 0.9 0.3235 0.9 0.0065 0.3235 0.003
0.49 -3.9 0.0195 0.945 0.0195 0.9365 0.1765 0.0195 0.002
0.33 -8.4 0.304 0.94 0.301 0.9395 0.034 0.301 0.011
0.47 -5.1 0.2445 0.936 0.243 0.9345 0.0365 0.243 0.009
0.31 -6.6 0.293 0.938 0.2915 0.937 0.043 0.2915 0.017
0.29 -3.0 0.009 0.937 0.009 0.9325 0.1155 0.009 0.002
1.07 -3.6 0.017 0.908 0.017 0.904 0.126 0.017 0.0025
0.007 -4.8 0.2235 0.9315 0.223 0.9315 0.0045 0.223 0.002
0.007 -7.5 0.2075 0.941 0.207 0.941 0.004 0.207 0.0
0.18 -3.9 0.0435 0.948 0.0435 0.942 0.136 0.0435 0.001
0.67 -6.0 0.3275 0.9175 0.3225 0.9155 0.0225 0.3225 0.009
1.09 -6.3 0.325 0.8805 0.3155 0.8805 0.01 0.3155 0.0035
0.16 -5.1 0.2305 0.937 0.229 0.9365 0.031 0.229 0.009
1.07 -3.9 0.0185 0.913 0.0185 0.907 0.125 0.0185 0.0025
0.73 -7.8 0.3085 0.8985 0.3 0.8975 0.02 0.2995 0.007
0.18 -3.6 0.016 0.945 0.016 0.938 0.1525 0.016 0.002
0.73 -4.5 0.015 0.921 0.015 0.9155 0.1345 0.015 0.0025
0.14 -8.1 0.2725 0.9425 0.2685 0.942 0.0375 0.2685 0.0125
1.09 -5.1 0.127 0.922 0.127 0.9205 0.0605 0.127 0.0025
0.16 -6.3 0.218 0.9295 0.2175 0.9285 0.0375 0.2175 0.009
0.67 -9.0 0.3205 0.9145 0.3145 0.914 0.015 0.3145 0.007
1.07 -6.0 0.3235 0.885 0.3185 0.883 0.0075 0.3175 0.0035
1.19 -4.2 0.0145 0.907 0.0145 0.9035 0.1315 0.0145 0.0015
0.71 -3.6 0.019 0.936 0.019 0.9315 0.158 0.019 0.0035
1.49 -3.0 0.0125 0.8945 0.0125 0.89 0.127 0.0125 0.0015
1.49 -5.7 0.2795 0.879 0.274 0.879 0.013 0.274 0.0005
1.07 -9.0 0.3245 0.8815 0.3155 0.8815 0.0025 0.3155 0.0015
0.71 -3.9 0.016 0.928 0.016 0.923 0.164 0.016 0.003
1.05 -7.8 0.31 0.874 0.3015 0.874 0.0105 0.3015 0.005
0.06 -4.2 0.215 0.9485 0.2145 0.9475 0.0275 0.2145 0.0035
1.05 -4.5 0.0165 0.92 0.0165 0.9175 0.1265 0.0165 0.002
1.33 -8.1 0.314 0.8595 0.309 0.8595 0.0045 0.309 0.0015
0.002 -8.4 0.245 0.9635 0.244 0.9635 0.0035 0.244 0.001
1.31 -6.3 0.3315 0.8605 0.3245 0.8605 0.003 0.3245 0.001
1.47 -5.4 0.1715 0.9025 0.1675 0.9 0.0375 0.1675 0.001
1.47 -6.9 0.3145 0.8595 0.3085 0.8595 0.001 0.3085 0.0
0.2 -3.9 0.038 0.9435 0.038 0.939 0.1375 0.038 0.0035
0.93 -5.4 0.2625 0.922 0.259 0.9205 0.0225 0.259 0.0045
0.93 -6.9 0.331 0.902 0.3245 0.9015 0.0115 0.3245 0.006
0.57 -4.2 0.02 0.947 0.02 0.938 0.155 0.02 0.0025
0.22 -9.0 0.27 0.9405 0.268 0.939 0.0465 0.2675 0.017
0.0035 -4.8 0.208 0.9475 0.2075 0.9475 0.0045 0.2075 0.001
0.0035 -7.5 0.2215 0.9445 0.221 0.9445 0.0045 0.221 0.001
1.45 -8.4 0.3055 0.852 0.2955 0.8515 0.0015 0.2955 0.0005
1.31 -5.1 0.089 0.901 0.089 0.898 0.0675 0.089 0.0005
1.47 -6.6 0.3085 0.854 0.303 0.854 0.0005 0.303 0.0005
1.49 -3.3 0.013 0.892 0.013 0.8895 0.1255 0.013 0.001
0.2 -3.6 0.019 0.953 0.019 0.944 0.171 0.019 0.0025
0.22 -6.0 0.266 0.9285 0.2655 0.9275 0.027 0.2655 0.009
0.93 -6.6 0.3295 0.9005 0.322 0.9005 0.012 0.322 0.0055
0.91 -8.4 0.326 0.877 0.318 0.877 0.0095 0.318 0.0055
0.0016 -3.3 0.249 0.971 0.248 0.971 0.0025 0.248 0.0005
1.21 -5.1 0.099 0.911 0.0985 0.91 0.0545 0.0985 0.001
0.83 -6.6 0.323 0.9035 0.3165 0.9035 0.0165 0.3165 0.006
0.81 -8.4 0.329 0.904 0.323 0.9035 0.014 0.323 0.005
0.91 -6.0 0.317 0.893 0.3095 0.893 0.0095 0.3095 0.005
1.23 -8.1 0.3325 0.8705 0.3265 0.8705 0.003 0.3265 0.0
1.21 -6.3 0.3185 0.865 0.313 0.865 0.004 0.313 0.001
0.83 -5.4 0.211 0.9275 0.209 0.926 0.0365 0.209 0.003
0.31 -4.8 0.2145 0.956 0.214 0.9545 0.0625 0.214 0.0135
0.91 -9.0 0.33 0.8905 0.32 0.8905 0.009 0.32 0.004
0.31 -7.5 0.3055 0.9405 0.3035 0.94 0.0435 0.303 0.018
0.83 -6.9 0.3275 0.8975 0.321 0.8975 0.0135 0.321 0.0055
0.47 -4.2 0.018 0.9425 0.018 0.9365 0.1515 0.018 0.003
0.005 -9.0 0.218 0.9365 0.217 0.936 0.003 0.217 0.0005
0.007 -6.6 0.2115 0.937 0.2095 0.937 0.0015 0.2095 0.0
0.75 -6.0 0.3235 0.904 0.3125 0.902 0.02 0.3125 0.007
0.0011 -8.7 0.3315 0.9855 0.3305 0.9855 0.0035 0.3305 0.0
1.15 -7.8 0.345 0.881 0.336 0.881 0.0035 0.336 0.002
0.61 -3.9 0.0165 0.939 0.0165 0.9335 0.1585 0.0165 0.001
0.0016 -5.7 0.2565 0.971 0.2565 0.971 0.0015 0.2565 0.0
1.15 -4.5 0.017 0.907 0.017 0.9035 0.1335 0.017 0.002
0.16 -4.2 0.1185 0.9495 0.1185 0.946 0.0805 0.1185 0.0045
0.007 -5.4 0.209 0.9465 0.2085 0.9465 0.0025 0.2085 0.001
0.005 -6.0 0.218 0.9365 0.2175 0.9365 0.002 0.2175 0.0
0.75 -9.0 0.316 0.915 0.311 0.9145 0.0175 0.311 0.0075
0.007 -6.9 0.2205 0.9355 0.218 0.9355 0.002 0.218 0.0
1.09 -4.2 0.015 0.901 0.015 0.8975 0.0845 0.015 0.001
0.61 -3.6 0.0135 0.9395 0.0135 0.935 0.114 0.0135 0.002
0.49 -3.0 0.017 0.9445 0.017 0.9375 0.1775 0.017 0.0025
0.63 -7.8 0.317 0.908 0.313 0.9075 0.02 0.313 0.008
1.17 -3.9 0.015 0.9165 0.015 0.914 0.1475 0.015 0.002
0.08 -3.6 0.0395 0.961 0.0395 0.9575 0.119 0.0395 0.002
0.63 -4.5 0.0215 0.937 0.0215 0.933 0.133 0.0215 0.001
0.04 -8.1 0.255 0.942 0.2525 0.942 0.0115 0.2525 0.0015
1.15 -6.0 0.3485 0.8875 0.3375 0.8875 0.0095 0.3375 0.0025
1.19 -5.1 0.1015 0.917 0.1015 0.915 0.054 0.1015 0.002
0.06 -6.3 0.248 0.9515 0.2475 0.9505 0.0185 0.2475 0.002
1.29 -3.0 0.0145 0.898 0.0145 0.895 0.092 0.0145 0.0015
1.17 -3.6 0.015 0.922 0.015 0.9195 0.135 0.015 0.0015
0.08 -3.9 0.1235 0.9495 0.123 0.946 0.07 0.123 0.0045
1.15 -9.0 0.336 0.8795 0.327 0.8795 0.0025 0.327 0.0005
1.19 -6.3 0.322 0.8775 0.3135 0.8775 0.005 0.3135 0.0015
0.06 -5.1 0.254 0.9445 0.253 0.944 0.0205 0.253 0.005
0.0035 -5.4 0.2125 0.9505 0.212 0.9505 0.002 0.212 0.0
0.007 -6.0 0.212 0.945 0.2115 0.945 0.003 0.2115 0.0005
0.0035 -6.9 0.224 0.948 0.223 0.948 0.002 0.223 0.0005
0.59 -3.9 0.0115 0.945 0.0115 0.9385 0.1525 0.0115 0.002
0.57 -5.1 0.2225 0.935 0.2215 0.9335 0.045 0.2215 0.0075
0.0011 -7.2 0.318 0.9845 0.3165 0.9845 0.001 0.3165 0.0005
1.47 -4.8 0.0145 0.9 0.0145 0.8985 0.1115 0.0145 0.001
0.007 -9.0 0.2215 0.9405 0.221 0.9405 0.003 0.221 0.0
0.0035 -6.6 0.215 0.949 0.213 0.9485 0.0035 0.213 0.0005
0.59 -3.6 0.017 0.943 0.017 0.938 0.1525 0.017 0.002
1.47 -7.5 0.3315 0.8515 0.326 0.8515 0.0045 0.326 0.0005
1.31 -4.2 0.0145 0.909 0.0145 0.905 0.1335 0.0145 0.002
0.55 -8.1 0.306 0.9155 0.303 0.9155 0.03 0.303 0.011
0.57 -6.3 0.311 0.915 0.308 0.915 0.028 0.308 0.0115
0.93 -4.8 0.0295 0.9235 0.0295 0.9205 0.103 0.0295 0.0015
0.93 -7.5 0.338 0.89 0.332 0.89 0.012 0.332 0.0065
0.004 -8.4 0.219 0.9395 0.2175 0.9395 0.003 0.2175 0.0005
0.12 -5.1 0.258 0.9435 0.2575 0.9425 0.0355 0.2575 0.0085
0.39 -8.7 0.289 0.924 0.2855 0.9235 0.0425 0.2855 0.014
1.03 -3.6 0.0185 0.923 0.0185 0.9185 0.139 0.0185 0.003
0.12 -6.3 0.2435 0.9395 0.2435 0.939 0.0355 0.2435 0.007
0.1 -8.1 0.258 0.9455 0.2565 0.944 0.0295 0.2565 0.0075
0.01 -7.2 0.2245 0.9435 0.224 0.9435 0.003 0.224 0.0
0.77 -4.5 0.017 0.936 0.017 0.93 0.138 0.017 0.002
0.77 -7.8 0.3345 0.904 0.3265 0.9035 0.016 0.3265 0.005
1.03 -3.9 0.0175 0.922 0.0175 0.9175 0.144 0.0175 0.0025
0.005 -6.3 0.209 0.9365 0.2085 0.9365 0.004 0.2085 0.0
0.55 -3.0 0.0105 0.9325 0.0105 0.929 0.114 0.0105 0.0005
0.87 -7.5 0.3175 0.8895 0.3115 0.889 0.0115 0.3115 0.005
0.35 -6.9 0.3005 0.927 0.297 0.9265 0.0385 0.297 0.013
0.35 -5.4 0.294 0.9305 0.291 0.9295 0.042 0.291 0.014
0.87 -4.8 0.031 0.9345 0.031 0.93 0.119 0.0305 0.0025
0.43 -6.3 0.2735 0.9365 0.2725 0.9355 0.0245 0.2725 0.0055
0.41 -8.1 0.3045 0.9415 0.302 0.9415 0.031 0.302 0.016
1.25 -4.2 0.0125 0.9165 0.0125 0.913 0.152 0.0125 0.001
0.003 -4.2 0.218 0.945 0.2165 0.945 0.0025 0.2165 0.0005
0.0025 -8.1 0.219 0.9565 0.218 0.956 0.004 0.218 0.001
0.69 -9.0 0.3 0.906 0.2965 0.9055 0.0205 0.296 0.0125
0.35 -6.6 0.303 0.9295 0.301 0.929 0.0325 0.3005 0.0135
0.43 -5.1 0.239 0.943 0.2385 0.9405 0.0515 0.2385 0.012
0.37 -8.4 0.283 0.941 0.282 0.9405 0.0325 0.282 0.0125
0.27 -3.0 0.0155 0.9525 0.0155 0.946 0.1205 0.0155 0.002
0.005 -5.1 0.2035 0.9385 0.2025 0.938 0.0045 0.2025 0.0005
0.69 -6.0 0.3085 0.9085 0.303 0.9085 0.021 0.303 0.0125
1.39 -7.8 0.3325 0.864 0.321 0.864 0.005 0.321 0.001
1.39 -4.5 0.012 0.91 0.012 0.9065 0.11 0.012 0.0025
0.53 -4.2 0.0215 0.9395 0.0215 0.9325 0.1005 0.0215 0.001
0.97 -6.9 0.3255 0.883 0.317 0.883 0.007 0.317 0.0035
0.25 -7.5 0.267 0.925 0.2645 0.923 0.0435 0.264 0.0105
0.003 -6.0 0.223 0.9445 0.223 0.9445 0.0025 0.223 0.0005
0.25 -4.8 0.222 0.941 0.221 0.9405 0.0345 0.221 0.0055
0.97 -5.4 0.2645 0.9185 0.2585 0.9175 0.017 0.258 0.003
1.09 -9.0 0.317 0.8865 0.3125 0.8865 0.006 0.3125 0.0015
1.43 -6.9 0.3155 0.855 0.3065 0.855 0.0035 0.3065 0.001
1.43 -5.4 0.1985 0.8995 0.1955 0.8975 0.0305 0.1955 0.0015
1.35 -6.3 0.3175 0.875 0.309 0.8745 0.0035 0.309 0.001
1.35 -3.0 0.0125 0.914 0.0125 0.911 0.093 0.0125 0.0005
1.37 -8.1 0.3285 0.845 0.3185 0.845 0.0015 0.3185 0.0
0.01 -8.7 0.2175 0.946 0.2165 0.9455 0.0025 0.2165 0.0
0.003 -9.0 0.2095 0.938 0.209 0.9375 0.0035 0.209 0.0
0.95 -8.4 0.3345 0.903 0.329 0.903 0.0135 0.329 0.0075
0.97 -6.6 0.3325 0.8895 0.327 0.8895 0.0095 0.327 0.0045
1.09 -6.0 0.324 0.8875 0.3155 0.8875 0.0085 0.3155 0.003
0.39 -7.2 0.3 0.922 0.297 0.9215 0.033 0.297 0.0135
1.47 -3.0 0.0135 0.896 0.0135 0.895 0.1205 0.0135 0.001
1.43 -6.6 0.315 0.8595 0.3095 0.8595 0.002 0.3095 0.0
1.35 -5.1 0.0815 0.9135 0.081 0.9115 0.0585 0.081 0.002
1.41 -8.4 0.3275 0.8755 0.3195 0.8755 0.003 0.3195 0.0005
0.99 -3.3 0.0145 0.9275 0.0145 0.922 0.1245 0.0145 0.002
0.75 -3.6 0.016 0.921 0.016 0.917 0.1495 0.016 0.0025
0.79 -8.1 0.3175 0.8985 0.31 0.8985 0.0105 0.31 0.0055
0.1 -3.0 0.0115 0.943 0.0115 0.9355 0.1115 0.0115 0.001
0.02 -4.2 0.2285 0.9485 0.2255 0.9485 0.008 0.2255 0.0005
1.01 -4.5 0.012 0.924 0.012 0.9205 0.1175 0.012 0.001
0.99 -5.7 0.322 0.8945 0.3165 0.8935 0.0145 0.3165 0.0055
1.01 -7.8 0.3325 0.885 0.3215 0.885 0.005 0.3215 0.003
0.75 -3.9 0.012 0.9275 0.012 0.9195 0.1395 0.012 0.0025
0.004 -3.3 0.2075 0.9415 0.205 0.9415 0.004 0.205 0.0
0.89 -3.0 0.019 0.9355 0.019 0.9295 0.143 0.019 0.003
0.55 -3.6 0.017 0.94 0.017 0.933 0.154 0.017 0.003
0.59 -8.1 0.319 0.9165 0.313 0.9165 0.018 0.313 0.008
0.0025 -9.0 0.2295 0.9575 0.2295 0.9575 0.001 0.2295 0.0
0.22 -4.2 0.0595 0.9545 0.0595 0.9515 0.1115 0.0595 0.0005
1.21 -4.5 0.017 0.905 0.0165 0.9005 0.119 0.0165 0.0015
0.55 -3.9 0.016 0.9335 0.016 0.925 0.155 0.016 0.002
1.21 -7.8 0.3365 0.857 0.3245 0.857 0.0045 0.3245 0.0015
0.83 -7.2 0.333 0.8935 0.3245 0.8935 0.0075 0.3245 0.0035
0.0025 -6.0 0.2335 0.96 0.233 0.96 0.003 0.233 0.0
0.73 -4.2 0.0175 0.9265 0.0175 0.92 0.143 0.0175 0.0025
0.51 -9.0 0.3055 0.917 0.3025 0.916 0.0185 0.3025 0.0105
0.04 -3.9 0.1915 0.9515 0.191 0.951 0.0295 0.191 0.0025
0.004 -5.7 0.22 0.9395 0.2195 0.9395 0.0035 0.2195 0.0
1.15 -6.3 0.34 0.888 0.33 0.888 0.006 0.33 0.003
1.17 -8.1 0.319 0.8755 0.312 0.8755 0.0075 0.312 0.002
0.007 -7.2 0.22 0.9375 0.2185 0.9375 0.003 0.2185 0.0
0.04 -3.6 0.115 0.9635 0.115 0.96 0.0505 0.115 0.001
0.0035 -8.7 0.2175 0.9495 0.2165 0.9495 0.003 0.2165 0.0005
0.51 -6.0 0.3045 0.9155 0.3035 0.914 0.0205 0.303 0.0095
0.08 -8.1 0.257 0.936 0.2555 0.936 0.024 0.2555 0.0085
1.15 -5.1 0.12 0.912 0.12 0.911 0.062 0.12 0.0025
0.63 -6.3 0.3045 0.9135 0.3 0.913 0.023 0.3 0.0095
0.61 -8.1 0.303 0.9155 0.299 0.9145 0.032 0.299 0.0135
1.05 -4.2 0.012 0.916 0.012 0.9105 0.1275 0.012 0.001
0.06 -4.5 0.2475 0.9475 0.2465 0.9475 0.0175 0.2465 0.004
1.31 -9.0 0.337 0.869 0.3295 0.869 0.003 0.3295 0.0005
0.83 -8.7 0.3265 0.892 0.319 0.8915 0.0135 0.319 0.006
1.43 -6.0 0.3205 0.857 0.312 0.857 0.002 0.312 0.0
0.06 -7.8 0.2495 0.9395 0.2475 0.9395 0.0195 0.2475 0.0045
0.63 -5.1 0.164 0.9405 0.163 0.938 0.06 0.163 0.005
1.19 -7.8 0.3265 0.8685 0.318 0.868 0.007 0.318 0.0025
1.31 -6.0 0.3255 0.8675 0.319 0.8675 0.003 0.319 0.0005
0.81 -5.7 0.2845 0.9145 0.282 0.914 0.021 0.2815 0.008
1.43 -9.0 0.323 0.8685 0.317 0.8685 0.0045 0.317 0.0
1.19 -4.5 0.014 0.9145 0.014 0.9125 0.116 0.014 0.002
0.0035 -7.2 0.2005 0.9465 0.2005 0.9465 0.0035 0.2005 0.0
0.007 -8.7 0.22 0.937 0.2195 0.936 0.0025 0.2195 0.0
0.0011 -6.6 0.335 0.984 0.334 0.984 0.0035 0.334 0.0005
0.14 -6.0 0.2635 0.9385 0.262 0.9385 0.032 0.262 0.0085
1.23 -3.6 0.0145 0.9035 0.0145 0.899 0.1235 0.0145 0.001
0.81 -3.3 0.0185 0.9245 0.0185 0.9205 0.143 0.0185 0.0015
0.0011 -5.4 0.326 0.985 0.3225 0.985 0.002 0.3225 0.0
0.14 -9.0 0.2605 0.939 0.259 0.939 0.0255 0.259 0.007
0.0011 -6.9 0.336 0.986 0.3335 0.986 0.0035 0.3335 0.0015
0.0016 -8.4 0.247 0.9725 0.2465 0.9725 0.002 0.2465 0.0005
0.57 -4.5 0.03 0.947 0.03 0.942 0.126 0.03 0.0035
1.23 -3.9 0.016 0.907 0.0155 0.904 0.132 0.0155 0.0045
0.57 -7.8 0.3075 0.922 0.3045 0.922 0.027 0.3045 0.0115
0.95 -5.7 0.3215 0.9035 0.3165 0.9035 0.012 0.3165 0.0075
0.79 -3.9 0.0145 0.924 0.0145 0.92 0.134 0.0145 0.002
0.0011 -6.0 0.3385 0.9855 0.3365 0.9855 0.0025 0.3365 0.0
0.77 -5.1 0.0555 0.9335 0.0555 0.928 0.0665 0.0555 0.002
0.01 -6.6 0.2285 0.9475 0.228 0.9475 0.0035 0.228 0.0
1.41 -5.7 0.286 0.895 0.28 0.8945 0.0125 0.28 0.0005
0.12 -7.8 0.254 0.943 0.2535 0.943 0.0295 0.2535 0.007
0.97 -8.7 0.328 0.89 0.322 0.89 0.009 0.322 0.0035
0.79 -3.6 0.0135 0.926 0.0135 0.9235 0.1445 0.0135 0.003
0.12 -4.5 0.2195 0.9465 0.2195 0.945 0.043 0.2195 0.011
1.11 -4.2 0.013 0.919 0.013 0.916 0.1135 0.013 0.0015
1.43 -8.7 0.3225 0.8685 0.3175 0.8685 0.0035 0.3175 0.0
0.75 -8.1 0.338 0.901 0.3315 0.899 0.0175 0.3305 0.006
0.95 -3.0 0.016 0.9235 0.0155 0.9205 0.14 0.0155 0.0015
0.77 -6.3 0.333 0.9075 0.326 0.907 0.0145 0.3255 0.009
0.01 -5.4 0.213 0.949 0.212 0.949 0.0035 0.212 0.0005
0.01 -6.9 0.235 0.947 0.2335 0.947 0.0025 0.2335 0.0
0.0011 -9.0 0.3425 0.986 0.3405 0.986 0.003 0.3405 0.0
1.37 -3.9 0.0145 0.893 0.0145 0.89 0.133 0.0145 0.003
0.43 -7.8 0.2835 0.9345 0.2805 0.9335 0.025 0.28 0.01
0.99 -8.4 0.343 0.8935 0.3375 0.893 0.0095 0.3375 0.005
0.005 -4.5 0.209 0.938 0.208 0.9375 0.0035 0.208 0.0
0.005 -7.8 0.2175 0.935 0.217 0.935 0.004 0.217 0.001
0.43 -4.5 0.05 0.944 0.05 0.938 0.1225 0.05 0.003
0.35 -7.2 0.2885 0.9285 0.286 0.928 0.0355 0.286 0.007
1.41 -3.3 0.0125 0.91 0.0125 0.9085 0.095 0.0125 0.0015
1.39 -5.1 0.0705 0.9055 0.0705 0.904 0.0585 0.0705 0.001
0.95 -3.3 0.0145 0.9345 0.0145 0.932 0.111 0.0145 0.0015
0.29 -7.5 0.2705 0.935 0.269 0.935 0.0325 0.269 0.011
1.37 -3.6 0.0165 0.899 0.0165 0.8965 0.0865 0.0165 0.0025
0.71 -3.0 0.021 0.934 0.0205 0.9305 0.111 0.0205 0.001
0.29 -4.8 0.1895 0.9445 0.1895 0.9435 0.055 0.1895 0.0055
1.39 -6.3 0.3255 0.871 0.316 0.871 0.005 0.316 0.002
0.39 -6.6 0.2815 0.92 0.278 0.9195 0.036 0.2775 0.0115
0.0025 -3.9 0.2265 0.9575 0.2265 0.957 0.002 0.2265 0.0
0.97 -7.2 0.332 0.888 0.3255 0.8865 0.009 0.3255 0.0045
0.41 -3.9 0.0115 0.946 0.0115 0.939 0.158 0.0115 0.0005
1.35 -7.8 0.3365 0.88 0.3255 0.88 0.003 0.3255 0.002
1.35 -4.5 0.016 0.911 0.016 0.908 0.1195 0.016 0.0025
1.43 -7.2 0.3085 0.861 0.301 0.861 0.0015 0.301 0.0005
0.37 -3.3 0.0125 0.941 0.0125 0.9375 0.149 0.0125 0.0015
0.39 -6.9 0.278 0.924 0.2775 0.923 0.036 0.2775 0.0155
0.39 -5.4 0.279 0.9215 0.278 0.9205 0.0385 0.278 0.014
0.0025 -3.6 0.223 0.9565 0.222 0.956 0.003 0.222 0.0
1.29 -4.2 0.011 0.8995 0.011 0.896 0.1225 0.011 0.002
0.41 -3.6 0.0155 0.9445 0.0155 0.94 0.139 0.0155 0.0025
1.11 -3.0 0.012 0.9175 0.012 0.9155 0.0875 0.012 0.0015
1.01 -5.1 0.0955 0.93 0.095 0.926 0.062 0.095 0.0005
0.37 -5.7 0.2955 0.932 0.294 0.9315 0.033 0.294 0.013
0.08 -9.0 0.2595 0.939 0.256 0.939 0.0195 0.256 0.003
0.1 -3.6 0.0305 0.958 0.0305 0.953 0.124 0.0305 0.0015
0.35 -8.7 0.3015 0.9305 0.298 0.9305 0.0365 0.298 0.013
1.03 -8.1 0.3265 0.899 0.3195 0.8975 0.0075 0.3195 0.001
1.01 -6.3 0.3305 0.8985 0.3225 0.898 0.008 0.3225 0.0015
0.1 -3.9 0.082 0.9585 0.082 0.9545 0.093 0.082 0.0015
0.08 -6.0 0.253 0.9335 0.251 0.933 0.02 0.251 0.0055
0.67 -4.2 0.0185 0.937 0.0185 0.93 0.1585 0.0185 0.004
0.25 -8.7 0.289 0.9365 0.287 0.936 0.043 0.287 0.012
1.13 -8.1 0.338 0.8765 0.3255 0.8765 0.0065 0.3255 0.003
1.11 -6.3 0.3205 0.877 0.3115 0.877 0.006 0.3115 0.005
0.01 -4.8 0.233 0.944 0.233 0.944 0.001 0.233 0.0
0.01 -7.5 0.218 0.94 0.217 0.94 0.004 0.217 0.0
0.77 -4.2 0.0145 0.9255 0.0145 0.9205 0.1345 0.0145 0.0
0.87 -3.0 0.017 0.9235 0.017 0.9155 0.1365 0.017 0.0015
1.11 -5.1 0.1265 0.9215 0.1255 0.9205 0.0465 0.1255 0.0015
0.27 -5.7 0.2775 0.9455 0.275 0.945 0.0255 0.275 0.0095
0.29 -6.9 0.264 0.9365 0.262 0.936 0.022 0.262 0.0045
0.29 -5.4 0.25 0.9345 0.249 0.934 0.027 0.249 0.0055
1.39 -4.2 0.0145 0.9015 0.0145 0.898 0.1175 0.0145 0.002
0.51 -3.6 0.015 0.94 0.015 0.935 0.157 0.015 0.0015
0.29 -6.6 0.264 0.9365 0.2625 0.9365 0.0345 0.2625 0.0095
0.0013 -8.1 0.289 0.9785 0.2885 0.9785 0.004 0.2885 0.0005
0.87 -7.2 0.3285 0.8975 0.3245 0.8975 0.01 0.3245 0.004
1.25 -7.8 0.334 0.868 0.322 0.868 0.0035 0.322 0.001
0.003 -7.8 0.2255 0.943 0.225 0.943 0.0045 0.225 0.001
0.0016 -3.0 0.245 0.9715 0.2445 0.9715 0.0045 0.2445 0.0015
0.51 -3.9 0.0135 0.934 0.0135 0.927 0.158 0.0135 0.0015
0.63 -3.0 0.0185 0.942 0.0185 0.936 0.12 0.0185 0.0015
0.003 -4.5 0.2195 0.9445 0.218 0.9445 0.0025 0.218 0.0
1.25 -4.5 0.014 0.9075 0.014 0.905 0.134 0.014 0.002
0.27 -3.3 0.012 0.9475 0.012 0.939 0.168 0.012 0.0025
0.39 -7.5 0.279 0.926 0.2775 0.926 0.038 0.2775 0.0105
1.27 -3.6 0.0165 0.904 0.0165 0.9 0.1375 0.0165 0.0025
0.39 -4.8 0.169 0.943 0.1685 0.9415 0.075 0.1685 0.005
1.29 -6.3 0.3 0.864 0.293 0.864 0.0055 0.293 0.001
0.53 -7.8 0.2965 0.9195 0.2945 0.9195 0.027 0.2945 0.012
1.27 -3.9 0.0125 0.8905 0.0125 0.8885 0.089 0.0125 0.0015
0.89 -8.4 0.322 0.9035 0.3165 0.903 0.012 0.3165 0.005
1.03 -3.0 0.0135 0.929 0.0135 0.9255 0.1305 0.0135 0.001
0.53 -4.5 0.036 0.944 0.036 0.9355 0.1015 0.036 0.0015
0.25 -7.2 0.2805 0.9315 0.2785 0.931 0.0395 0.2785 0.012
1.29 -5.1 0.0765 0.9055 0.0765 0.9025 0.064 0.0765 0.001
0.85 -3.3 0.013 0.924 0.013 0.9185 0.1415 0.013 0.002
0.02 -7.8 0.227 0.9415 0.226 0.9415 0.008 0.226 0.0015
0.87 -8.7 0.322 0.8925 0.315 0.892 0.007 0.315 0.0035
0.69 -3.6 0.018 0.929 0.018 0.9245 0.152 0.018 0.003
1.01 -4.2 0.018 0.9205 0.018 0.918 0.1275 0.018 0.0015
0.02 -4.5 0.251 0.9435 0.25 0.9435 0.0055 0.25 0.001
0.65 -8.1 0.311 0.9175 0.308 0.9175 0.022 0.308 0.011
0.67 -6.3 0.318 0.905 0.315 0.905 0.0135 0.315 0.007
0.85 -5.7 0.3035 0.911 0.2985 0.91 0.0145 0.298 0.004
0.69 -3.9 0.017 0.9345 0.017 0.9275 0.154 0.017 0.0015
0.67 -5.1 0.138 0.938 0.138 0.936 0.0725 0.138 0.004
0.91 -3.3 0.0155 0.924 0.0155 0.9175 0.102 0.0155 0.0015
1.49 -8.4 0.313 0.85 0.304 0.85 0.0025 0.304 0.0005
0.22 -6.3 0.2665 0.9365 0.265 0.936 0.028 0.265 0.0075
0.2 -8.1 0.2675 0.942 0.2655 0.9415 0.028 0.265 0.0085
1.45 -3.3 0.0145 0.8885 0.0145 0.886 0.1205 0.0145 0.001
0.31 -7.2 0.285 0.945 0.2815 0.9445 0.043 0.2815 0.011
0.47 -4.5 0.041 0.9475 0.041 0.9405 0.123 0.041 0.004
0.47 -7.8 0.2785 0.9235 0.275 0.9215 0.036 0.275 0.0135
1.33 -3.9 0.0115 0.9035 0.0115 0.901 0.127 0.0115 0.001
0.22 -5.1 0.24 0.932 0.239 0.9315 0.045 0.239 0.0135
1.33 -3.6 0.016 0.8985 0.0155 0.8965 0.0955 0.0155 0.004
0.002 -3.3 0.22 0.966 0.219 0.966 0.0045 0.219 0.001
1.45 -5.7 0.273 0.8775 0.265 0.8775 0.01 0.265 0.001
0.73 -5.1 0.077 0.935 0.077 0.9305 0.0775 0.077 0.0005
1.09 -7.8 0.329 0.888 0.3195 0.888 0.007 0.3195 0.0025
0.31 -6.0 0.301 0.933 0.2985 0.931 0.047 0.2985 0.016
0.91 -5.7 0.297 0.893 0.291 0.892 0.0125 0.291 0.004
0.43 -9.0 0.2895 0.9325 0.2885 0.9315 0.0265 0.288 0.0125
1.09 -4.5 0.0195 0.909 0.0195 0.905 0.115 0.0195 0.0005
0.73 -6.3 0.3185 0.9025 0.3115 0.9015 0.024 0.3115 0.008
0.71 -8.1 0.3235 0.9105 0.319 0.9105 0.0215 0.319 0.0125
0.002 -5.7 0.228 0.961 0.2265 0.961 0.0045 0.2265 0.001
1.47 -8.7 0.3225 0.8535 0.3155 0.8535 0.0015 0.3155 0.001
0.16 -4.5 0.1845 0.9475 0.184 0.9465 0.038 0.184 0.007
1.15 -4.2 0.0175 0.918 0.0175 0.9135 0.1435 0.0175 0.0035
0.31 -9.0 0.2885 0.9395 0.2855 0.939 0.045 0.2855 0.0145
0.93 -8.7 0.306 0.891 0.2985 0.891 0.0125 0.2985 0.005
0.43 -6.0 0.2765 0.9275 0.2755 0.9265 0.0265 0.275 0.0085
0.16 -7.8 0.2195 0.9355 0.2195 0.934 0.037 0.2195 0.0125
1.23 -9.0 0.3315 0.861 0.321 0.861 0.004 0.321 0.0015
0.14 -3.6 0.022 0.9515 0.022 0.9385 0.141 0.022 0.002
0.33 -5.7 0.2855 0.9415 0.283 0.9405 0.0315 0.283 0.0095
0.18 -8.1 0.251 0.943 0.2495 0.9425 0.0385 0.2495 0.0105
1.05 -5.1 0.109 0.9205 0.1085 0.917 0.057 0.1085 0.0005
0.63 -4.2 0.0185 0.944 0.0185 0.938 0.155 0.0185 0.0045
1.23 -6.0 0.3335 0.8675 0.3255 0.8675 0.006 0.3255 0.0025
0.14 -3.9 0.0515 0.9525 0.0515 0.946 0.076 0.0515 0.002
1.05 -6.3 0.3225 0.8715 0.3145 0.871 0.0105 0.314 0.0035
1.07 -8.1 0.3185 0.879 0.313 0.878 0.007 0.3125 0.0035
0.31 -8.7 0.2865 0.937 0.2845 0.936 0.043 0.2845 0.019
0.33 -3.3 0.0155 0.947 0.0155 0.9385 0.1655 0.0155 0.0025
1.47 -7.2 0.322 0.8525 0.314 0.8525 0.0015 0.314 0.001
0.0011 -4.8 0.3285 0.985 0.326 0.985 0.0045 0.326 0.0005
1.31 -4.5 0.016 0.908 0.016 0.905 0.134 0.016 0.004
1.31 -7.8 0.349 0.87 0.34 0.87 0.001 0.34 0.0
0.45 -3.9 0.0135 0.939 0.0135 0.9295 0.164 0.0135 0.0025
0.0011 -7.5 0.323 0.984 0.321 0.9835 0.0035 0.321 0.0
0.93 -7.2 0.3105 0.895 0.3045 0.895 0.0135 0.3045 0.006
0.06 -6.0 0.2645 0.944 0.264 0.9435 0.015 0.264 0.0035
0.45 -3.6 0.0175 0.9425 0.0175 0.9375 0.1575 0.0175 0.0005
0.49 -8.1 0.3095 0.9315 0.306 0.9285 0.036 0.305 0.016
0.06 -9.0 0.243 0.9475 0.2415 0.947 0.0175 0.2415 0.0015
0.91 -5.1 0.128 0.9255 0.1275 0.923 0.0675 0.1275 0.001
0.004 -4.2 0.209 0.9435 0.208 0.9435 0.0035 0.208 0.0005
0.49 -7.2 0.2985 0.921 0.2945 0.92 0.033 0.2945 0.0135
1.45 -5.1 0.053 0.906 0.0525 0.9035 0.0685 0.0525 0.0005
0.73 -5.7 0.2855 0.901 0.28 0.901 0.0255 0.28 0.0105
1.33 -6.6 0.3215 0.8645 0.312 0.8645 0.005 0.312 0.0015
0.25 -3.0 0.018 0.94 0.018 0.9295 0.167 0.018 0.0025
1.31 -8.4 0.3365 0.866 0.3265 0.866 0.002 0.3265 0.001
0.002 -6.3 0.239 0.9595 0.2375 0.9595 0.003 0.2375 0.001
0.55 -7.5 0.3095 0.9125 0.3065 0.912 0.034 0.3065 0.0175
0.22 -3.3 0.0185 0.944 0.0185 0.9355 0.155 0.0185 0.002
0.93 -8.1 0.318 0.8925 0.3135 0.892 0.0135 0.3135 0.0045
0.91 -6.3 0.3195 0.8925 0.3135 0.892 0.0075 0.313 0.0035
0.55 -4.8 0.0955 0.934 0.0955 0.93 0.0815 0.0955 0.004
1.33 -6.9 0.3315 0.869 0.3275 0.869 0.004 0.3275 0.002
1.45 -6.3 0.303 0.8605 0.295 0.8605 0.0045 0.295 0.002
1.33 -5.4 0.2025 0.9055 0.2025 0.903 0.0275 0.2025 0.0015
0.71 -8.7 0.3315 0.9115 0.326 0.9115 0.018 0.326 0.0095
0.002 -5.1 0.224 0.9605 0.2235 0.9605 0.003 0.2235 0.0005
0.57 -3.0 0.0195 0.94 0.0195 0.9345 0.165 0.0195 0.0045
1.47 -8.1 0.32 0.8525 0.3145 0.8525 0.0015 0.3145 0.001
0.73 -3.3 0.0135 0.9235 0.0135 0.917 0.1505 0.0135 0.0025
1.07 -7.2 0.318 0.874 0.3105 0.8735 0.0045 0.3105 0.002
0.04 -7.5 0.25 0.9385 0.2475 0.9385 0.009 0.2475 0.002
0.04 -4.8 0.24 0.9465 0.2385 0.946 0.0105 0.2385 0.001
0.2 -8.7 0.28 0.941 0.2775 0.941 0.0395 0.2775 0.0125
0.18 -7.2 0.2515 0.939 0.248 0.939 0.035 0.248 0.009
0.22 -5.7 0.261 0.9365 0.259 0.936 0.0305 0.259 0.009
0.14 -6.9 0.2525 0.9405 0.2505 0.94 0.0265 0.2505 0.0065
0.14 -5.4 0.2555 0.9415 0.253 0.9415 0.0285 0.253 0.0055
1.09 -8.4 0.3205 0.885 0.312 0.885 0.0095 0.312 0.0045
1.05 -3.3 0.017 0.9255 0.017 0.9205 0.1415 0.017 0.001
0.71 -7.2 0.338 0.916 0.3335 0.916 0.0205 0.3335 0.011
0.12 -3.0 0.019 0.947 0.019 0.9375 0.166 0.019 0.0025
0.14 -6.6 0.2505 0.946 0.247 0.945 0.037 0.247 0.0075
0.49 -8.7 0.3085 0.9295 0.3065 0.928 0.0355 0.3065 0.0125
0.16 -8.4 0.234 0.9395 0.2325 0.939 0.037 0.2325 0.0115
0.18 -8.7 0.257 0.9405 0.2545 0.9405 0.0375 0.2545 0.012
0.33 -5.1 0.271 0.9485 0.2695 0.9475 0.0355 0.2695 0.0095
1.05 -5.7 0.31 0.9045 0.303 0.9035 0.017 0.3025 0.0045
0.45 -6.6 0.2905 0.916 0.286 0.9155 0.0365 0.286 0.0105
0.47 -8.4 0.3005 0.922 0.296 0.922 0.03 0.296 0.013
1.45 -3.0 0.0145 0.9 0.0145 0.897 0.0945 0.0145 0.0005
1.49 -7.8 0.3255 0.8475 0.316 0.8475 0.0025 0.316 0.0
1.49 -4.5 0.0115 0.8975 0.0115 0.8925 0.124 0.0115 0.001
0.45 -6.9 0.2805 0.9245 0.279 0.924 0.0365 0.279 0.0135
1.37 -3.0 0.016 0.898 0.016 0.8965 0.0845 0.016 0.0015
0.81 -4.2 0.017 0.9245 0.017 0.922 0.126 0.017 0.0005
0.33 -6.3 0.292 0.9385 0.29 0.9375 0.0295 0.29 0.0095
0.45 -5.4 0.286 0.9315 0.284 0.9295 0.0365 0.284 0.011
1.07 -8.7 0.331 0.87 0.3195 0.87 0.0025 0.3195 0.0
0.31 -8.1 0.2975 0.9365 0.294 0.936 0.042 0.294 0.017
0.2 -7.2 0.269 0.939 0.264 0.9385 0.0375 0.264 0.01
1.23 -7.5 0.332 0.867 0.3265 0.867 0.0035 0.3265 0.001
1.23 -4.8 0.028 0.914 0.028 0.912 0.092 0.028 0.0
0.79 -7.5 0.329 0.902 0.321 0.9015 0.0165 0.321 0.0075
0.79 -4.8 0.0265 0.926 0.0265 0.919 0.143 0.0265 0.0035
0.77 -9.0 0.326 0.897 0.318 0.897 0.009 0.318 0.0015
0.02 -8.4 0.234 0.9505 0.2315 0.95 0.0075 0.2315 0.001
0.39 -3.0 0.0085 0.943 0.0085 0.936 0.1555 0.0085 0.001
1.11 -3.3 0.015 0.917 0.015 0.9155 0.09 0.015 0.0015
0.65 -7.2 0.3095 0.925 0.307 0.925 0.0205 0.307 0.014
0.0013 -8.7 0.303 0.9785 0.3025 0.9785 0.0045 0.3025 0.001
0.77 -6.0 0.321 0.904 0.3165 0.904 0.016 0.3165 0.0055
1.37 -4.8 0.015 0.907 0.015 0.902 0.0975 0.015 0.001
0.0013 -9.0 0.2815 0.9795 0.28 0.9795 0.002 0.28 0.0
0.93 -9.0 0.32 0.903 0.315 0.903 0.007 0.315 0.0035
0.29 -3.6 0.016 0.9405 0.016 0.931 0.1575 0.016 0.001
1.41 -4.2 0.0125 0.915 0.0125 0.9115 0.1205 0.0125 0.001
1.37 -7.5 0.3205 0.8375 0.31 0.8375 0.0015 0.31 0.0005
0.25 -8.1 0.2725 0.9295 0.2685 0.927 0.044 0.268 0.0115
1.13 -8.7 0.338 0.8805 0.328 0.8805 0.006 0.328 0.003
0.51 -5.4 0.296 0.9165 0.292 0.9165 0.0325 0.292 0.0125
0.27 -6.3 0.289 0.945 0.2885 0.9445 0.0405 0.2885 0.0135
0.95 -4.2 0.017 0.9285 0.017 0.923 0.1485 0.017 0.003
0.51 -6.9 0.3 0.912 0.2965 0.9105 0.0305 0.296 0.0125
0.93 -6.0 0.329 0.9015 0.3235 0.9015 0.008 0.3235 0.002
0.0013 -6.0 0.28 0.9775 0.279 0.977 0.0045 0.279 0.002
0.29 -3.9 0.016 0.938 0.016 0.931 0.155 0.016 0.002
0.89 -4.5 0.0145 0.9255 0.0145 0.9215 0.135 0.0145 0.001
0.89 -7.8 0.323 0.9 0.313 0.9 0.0125 0.313 0.0035
0.53 -8.4 0.2995 0.9225 0.2945 0.9225 0.026 0.2945 0.014
1.11 -5.7 0.304 0.8875 0.2975 0.8875 0.013 0.2975 0.0045
0.51 -6.6 0.2895 0.911 0.288 0.9105 0.0255 0.288 0.012
0.27 -5.1 0.2785 0.94 0.278 0.94 0.0475 0.278 0.015
0.65 -8.7 0.292 0.9205 0.288 0.9205 0.027 0.288 0.0135
1.27 -5.4 0.2275 0.906 0.2245 0.905 0.026 0.2245 0.002
0.0025 -7.5 0.2375 0.949 0.2365 0.949 0.003 0.2365 0.0
0.0025 -4.8 0.2195 0.952 0.2195 0.9515 0.003 0.2195 0.0005
1.27 -6.9 0.332 0.8575 0.3245 0.8575 0.0045 0.3245 0.0025
0.41 -4.8 0.183 0.946 0.183 0.9425 0.062 0.183 0.0055
0.85 -6.3 0.3255 0.9055 0.3215 0.905 0.014 0.321 0.006
0.87 -8.1 0.323 0.884 0.3155 0.8835 0.008 0.3155 0.0035
0.0013 -7.2 0.2865 0.9785 0.2845 0.9785 0.0015 0.2845 0.0
0.37 -4.2 0.019 0.9545 0.019 0.946 0.149 0.019 0.001
0.41 -7.5 0.2795 0.939 0.277 0.939 0.0275 0.277 0.0095
0.003 -8.4 0.215 0.9475 0.2145 0.9475 0.0025 0.2145 0.0005
1.25 -8.4 0.3325 0.8615 0.323 0.8615 0.0045 0.323 0.001
0.67 -5.7 0.2925 0.919 0.289 0.9185 0.0275 0.289 0.008
1.27 -6.6 0.319 0.8575 0.3095 0.8575 0.0035 0.3095 0.002
1.29 -3.3 0.017 0.901 0.017 0.898 0.123 0.017 0.0025
0.85 -5.1 0.114 0.9355 0.1135 0.9325 0.0595 0.1135 0.0035
0.69 -6.9 0.304 0.891 0.296 0.891 0.0135 0.296 0.0085
0.69 -5.4 0.227 0.9235 0.226 0.922 0.038 0.226 0.006
1.17 -9.0 0.322 0.876 0.3155 0.876 0.002 0.3155 0.001
1.29 -5.7 0.277 0.882 0.2705 0.8815 0.005 0.2705 0.0005
0.69 -6.6 0.3085 0.9035 0.301 0.9035 0.021 0.301 0.009
1.17 -6.0 0.3275 0.8895 0.3205 0.889 0.0035 0.3205 0.0005
0.1 -4.8 0.2415 0.9425 0.24 0.9415 0.033 0.24 0.0085
0.67 -3.3 0.012 0.928 0.012 0.922 0.157 0.012 0.0015
0.1 -7.5 0.2485 0.9455 0.2465 0.944 0.0305 0.2465 0.0085
1.13 -7.2 0.3335 0.888 0.3235 0.8875 0.008 0.3235 0.003
0.65 -9.0 0.315 0.92 0.309 0.92 0.0145 0.309 0.008
0.79 -6.6 0.3355 0.899 0.331 0.8985 0.016 0.331 0.0095
1.39 -5.7 0.2915 0.883 0.2845 0.8825 0.011 0.2845 0.0015
0.01 -3.9 0.228 0.943 0.227 0.942 0.008 0.227 0.0015
0.59 -3.0 0.0195 0.94 0.019 0.935 0.11 0.019 0.002
1.03 -7.2 0.345 0.887 0.337 0.887 0.0115 0.337 0.004
0.77 -3.3 0.0175 0.9275 0.0175 0.9225 0.136 0.0175 0.002
0.79 -6.9 0.3285 0.8975 0.322 0.8975 0.018 0.322 0.009
0.65 -6.0 0.3155 0.917 0.311 0.9165 0.014 0.3105 0.0075
0.79 -5.4 0.1865 0.9405 0.1855 0.9375 0.053 0.185 0.0035
0.01 -3.6 0.2075 0.943 0.2075 0.9415 0.006 0.2075 0.0005
1.35 -8.4 0.3275 0.8735 0.3195 0.8735 0.0025 0.3195 0.0015
1.37 -6.6 0.321 0.846 0.3095 0.846 0.002 0.3095 0.0005
0.77 -5.7 0.2795 0.9235 0.2765 0.921 0.0225 0.276 0.0065
1.41 -5.1 0.0535 0.916 0.0535 0.9135 0.074 0.0535 0.0035
1.39 -3.3 0.0145 0.907 0.0145 0.9015 0.1175 0.0145 0.002
0.81 -9.0 0.317 0.9115 0.312 0.911 0.014 0.3115 0.0065
0.95 -5.1 0.1545 0.9345 0.154 0.9305 0.064 0.154 0.005
1.43 -8.1 0.3225 0.8675 0.3155 0.8675 0.002 0.3155 0.0
0.75 -8.7 0.3125 0.911 0.308 0.91 0.0165 0.3075 0.0045
1.37 -5.4 0.1975 0.8975 0.195 0.897 0.029 0.195 0.001
1.41 -6.3 0.3185 0.8705 0.313 0.8705 0.0015 0.313 0.0005
1.37 -6.9 0.335 0.8585 0.326 0.8585 0.0015 0.326 0.0
0.51 -4.8 0.1225 0.9445 0.1225 0.943 0.077 0.1225 0.0025
0.81 -6.0 0.309 0.8965 0.3015 0.8965 0.0115 0.3015 0.005
0.95 -6.3 0.3465 0.903 0.3405 0.903 0.012 0.3405 0.0055
0.97 -8.1 0.3205 0.8925 0.3155 0.8925 0.007 0.3155 0.0025
0.27 -4.2 0.04 0.955 0.04 0.9495 0.1245 0.04 0.006
0.51 -7.5 0.2845 0.9195 0.2815 0.918 0.0285 0.2815 0.0115
0.0025 -6.6 0.2375 0.9515 0.237 0.9515 0.0025 0.237 0.0005
0.2 -6.0 0.268 0.933 0.2635 0.9325 0.028 0.2635 0.008
0.39 -3.9 0.0135 0.94 0.0135 0.932 0.1185 0.0135 0.0
0.005 -8.4 0.2195 0.934 0.219 0.934 0.003 0.219 0.0005
0.99 -4.5 0.023 0.9225 0.023 0.92 0.1195 0.023 0.0025
0.99 -7.8 0.332 0.8875 0.3245 0.8875 0.01 0.3245 0.004
0.43 -8.4 0.2875 0.931 0.2855 0.93 0.036 0.285 0.015
0.41 -6.6 0.2925 0.936 0.29 0.936 0.028 0.29 0.0135
1.01 -5.7 0.3155 0.901 0.307 0.901 0.014 0.307 0.0025
0.37 -5.1 0.2715 0.9415 0.2695 0.94 0.046 0.2695 0.0165
1.27 -4.8 0.031 0.8995 0.031 0.894 0.1045 0.031 0.004
0.2 -9.0 0.2775 0.939 0.2735 0.9385 0.0255 0.2735 0.0055
0.0025 -6.9 0.238 0.955 0.238 0.9545 0.003 0.238 0.0
0.39 -3.6 0.015 0.9305 0.015 0.9265 0.119 0.015 0.001
0.0025 -5.4 0.2295 0.955 0.2295 0.955 0.0035 0.2295 0.0
1.27 -7.5 0.351 0.8595 0.343 0.8595 0.002 0.343 0.001
0.35 -8.1 0.2975 0.929 0.295 0.928 0.0365 0.295 0.016
1.03 -8.7 0.332 0.8925 0.3265 0.8925 0.008 0.3265 0.0035
0.41 -5.4 0.2995 0.949 0.299 0.949 0.0285 0.299 0.0105
0.37 -6.3 0.2895 0.9305 0.2865 0.9305 0.0315 0.2865 0.0125
0.85 -4.2 0.0145 0.9275 0.0145 0.9245 0.0995 0.0145 0.001
0.41 -6.9 0.298 0.9415 0.2965 0.941 0.03 0.2965 0.0105
0.004 -3.0 0.1855 0.953 0.1845 0.9525 0.0175 0.1845 0.0
0.75 -7.2 0.3205 0.9125 0.313 0.9115 0.016 0.313 0.004
1.01 -3.3 0.017 0.922 0.017 0.9195 0.1305 0.017 0.001
1.39 -3.0 0.015 0.9015 0.015 0.8995 0.101 0.015 0.001
0.1 -5.4 0.2635 0.9455 0.2625 0.9455 0.0315 0.2625 0.0095
0.1 -6.9 0.2445 0.9385 0.2425 0.9385 0.028 0.2425 0.007
1.05 -9.0 0.305 0.8735 0.296 0.8735 0.008 0.296 0.001
0.69 -7.5 0.304 0.9075 0.299 0.9075 0.0115 0.299 0.005
0.69 -4.8 0.0355 0.9285 0.0355 0.9255 0.113 0.0355 0.0015
0.12 -8.4 0.2475 0.9405 0.246 0.9405 0.0335 0.246 0.011
1.05 -6.0 0.3255 0.8765 0.3155 0.8765 0.0075 0.3155 0.003
0.1 -6.6 0.2515 0.9425 0.251 0.942 0.035 0.251 0.0105
0.55 -6.9 0.3135 0.9215 0.3095 0.9205 0.0315 0.3095 0.0155
0.004 -5.1 0.213 0.9425 0.212 0.9425 0.002 0.212 0.0
0.37 -3.0 0.0225 0.9545 0.0225 0.9455 0.1655 0.0225 0.002
0.91 -4.2 0.0145 0.921 0.0145 0.916 0.1435 0.0145 0.002
0.55 -5.4 0.305 0.926 0.3015 0.926 0.0295 0.3015 0.016
1.17 -8.7 0.343 0.885 0.333 0.885 0.003 0.333 0.002
1.33 -7.5 0.3195 0.8645 0.3125 0.8645 0.004 0.3125 0.0015
1.45 -4.2 0.0145 0.89 0.0145 0.8865 0.1195 0.0145 0.002
0.79 -6.0 0.326 0.902 0.3155 0.902 0.0145 0.3155 0.008
1.33 -4.8 0.018 0.9065 0.018 0.9035 0.1075 0.018 0.0005
0.08 -8.7 0.253 0.934 0.2515 0.9335 0.0195 0.2515 0.0045
0.55 -6.6 0.297 0.9215 0.2945 0.921 0.03 0.2945 0.0135
1.15 -5.7 0.3225 0.9025 0.3155 0.902 0.0175 0.3155 0.0035
0.0016 -4.5 0.2455 0.972 0.2455 0.972 0.0035 0.2455 0.0
0.57 -8.4 0.3095 0.9175 0.308 0.917 0.026 0.308 0.01
0.0016 -7.8 0.2515 0.974 0.2505 0.9735 0.004 0.2505 0.0
0.45 -3.0 0.0195 0.944 0.0195 0.9335 0.1635 0.0195 0.0035
0.004 -6.3 0.2145 0.9385 0.214 0.9385 0.002 0.214 0.0
0.002 -3.0 0.2385 0.9635 0.238 0.9635 0.0035 0.238 0.0
0.79 -9.0 0.3315 0.8965 0.323 0.8965 0.009 0.323 0.0045
0.0035 -8.1 0.205 0.9485 0.204 0.9485 0.0035 0.204 0.0
0.002 -4.2 0.2355 0.9615 0.235 0.9615 0.0015 0.235 0.0
0.04 -6.6 0.244 0.9455 0.2425 0.945 0.01 0.2425 0.0015
0.59 -8.7 0.3195 0.9195 0.315 0.919 0.0195 0.3145 0.0085
0.06 -8.4 0.2525 0.9465 0.252 0.946 0.023 0.252 0.0055
0.04 -6.9 0.2475 0.9535 0.247 0.9535 0.0115 0.247 0.0025
0.04 -5.4 0.2425 0.9465 0.2415 0.9465 0.007 0.2415 0.0
1.19 -8.4 0.32 0.8735 0.313 0.8735 0.0075 0.313 0.003
0.61 -7.2 0.309 0.9135 0.307 0.9125 0.0285 0.3065 0.015
1.15 -3.3 0.0165 0.91 0.0165 0.9045 0.141 0.0165 0.0005
0.08 -7.2 0.264 0.9375 0.2625 0.9375 0.025 0.2625 0.007
0.007 -8.1 0.227 0.932 0.226 0.9315 0.0045 0.226 0.0005
0.14 -7.5 0.2605 0.941 0.259 0.941 0.036 0.259 0.0125
1.17 -7.2 0.3205 0.88 0.3115 0.88 0.0055 0.3115 0.002
0.63 -3.3 0.021 0.9405 0.021 0.934 0.1635 0.021 0.0025
0.14 -4.8 0.2525 0.9435 0.2505 0.9425 0.0355 0.2505 0.013
0.0011 -3.9 0.3295 0.984 0.327 0.984 0.003 0.327 0.0
0.45 -7.5 0.275 0.928 0.2725 0.9275 0.032 0.2725 0.012
0.33 -4.2 0.029 0.949 0.029 0.9425 0.1485 0.029 0.0025
1.19 -6.0 0.32 0.8705 0.3095 0.8705 0.003 0.3095 0.0015
0.83 -8.1 0.338 0.896 0.3315 0.8955 0.0135 0.331 0.0055
0.81 -6.3 0.3095 0.904 0.302 0.9035 0.012 0.302 0.005
0.45 -4.8 0.1475 0.9445 0.1475 0.9425 0.0725 0.1475 0.0055
1.23 -6.9 0.3225 0.8655 0.3125 0.8655 0.006 0.3125 0.002
1.23 -5.4 0.2485 0.9025 0.243 0.9015 0.032 0.243 0.001
0.61 -8.7 0.3095 0.9155 0.307 0.915 0.0285 0.3065 0.012
1.19 -9.0 0.318 0.8775 0.3085 0.8775 0.0055 0.3085 0.002
0.81 -5.1 0.0915 0.934 0.0915 0.931 0.077 0.0915 0.0025
0.0011 -3.6 0.328 0.9845 0.3265 0.9845 0.0025 0.3265 0.0
0.59 -7.2 0.322 0.9255 0.3195 0.9245 0.019 0.3195 0.008
1.23 -6.6 0.3085 0.8735 0.303 0.873 0.009 0.303 0.0015
0.63 -5.7 0.307 0.9145 0.303 0.9135 0.015 0.3025 0.0055
1.25 -3.0 0.013 0.9045 0.013 0.903 0.094 0.013 0.0005
1.21 -8.4 0.318 0.859 0.3095 0.859 0.0055 0.3095 0.0025
0.65 -7.5 0.3045 0.922 0.3015 0.922 0.022 0.3015 0.0105
0.12 -3.3 0.019 0.9525 0.019 0.9435 0.1555 0.019 0.0025
0.41 -6.0 0.3005 0.937 0.2975 0.9365 0.017 0.2975 0.007
0.0025 -8.7 0.2355 0.957 0.235 0.957 0.003 0.235 0.0005
0.33 -9.0 0.2945 0.939 0.291 0.938 0.0305 0.291 0.0095
0.65 -4.8 0.0545 0.9365 0.0545 0.934 0.0985 0.0545 0.002
1.03 -6.9 0.315 0.8915 0.307 0.891 0.011 0.3065 0.005
1.03 -5.4 0.209 0.9275 0.207 0.926 0.0335 0.207 0.002
0.41 -8.7 0.3105 0.9405 0.308 0.9405 0.026 0.308 0.0115
0.41 -9.0 0.294 0.937 0.292 0.937 0.0185 0.292 0.0095
0.33 -6.0 0.2875 0.9325 0.2855 0.9325 0.0225 0.2855 0.007
0.79 -7.2 0.328 0.9035 0.321 0.9025 0.017 0.3205 0.0095
0.43 -5.7 0.279 0.9315 0.278 0.93 0.042 0.278 0.015
1.03 -6.6 0.3235 0.8945 0.316 0.8945 0.0095 0.316 0.0035
1.01 -8.4 0.333 0.8855 0.3225 0.8855 0.007 0.3225 0.0045
0.005 -5.7 0.226 0.9395 0.2255 0.939 0.0025 0.2255 0.0
0.35 -3.6 0.0185 0.944 0.0185 0.9375 0.1165 0.0185 0.001
0.39 -8.1 0.29 0.925 0.287 0.924 0.0395 0.287 0.0165
0.12 -5.7 0.2325 0.9425 0.2315 0.9425 0.0355 0.2315 0.0075
0.89 -4.2 0.0165 0.934 0.0165 0.929 0.149 0.0165 0.0045
1.41 -4.5 0.0155 0.905 0.0155 0.9035 0.114 0.0155 0.0005
0.43 -3.3 0.0145 0.9445 0.0145 0.935 0.1625 0.0145 0.0015
1.37 -7.2 0.3365 0.864 0.326 0.8635 0.003 0.326 0.0
0.99 -3.0 0.0175 0.9215 0.0175 0.917 0.0945 0.0175 0.0005
0.005 -3.3 0.205 0.938 0.2045 0.937 0.0095 0.2045 0.0005
1.41 -7.8 0.3245 0.8685 0.318 0.8685 0.0025 0.318 0.0005
0.35 -3.9 0.018 0.945 0.018 0.938 0.1025 0.018 0.0025
0.95 -4.5 0.0155 0.928 0.0155 0.9245 0.1215 0.0155 0.0005
0.95 -7.8 0.3435 0.895 0.3355 0.895 0.0105 0.3355 0.0045
0.1 -8.7 0.263 0.9505 0.262 0.9495 0.0335 0.262 0.009
0.79 -8.7 0.3265 0.9005 0.318 0.9 0.0165 0.318 0.0055
0.04 -9.0 0.2515 0.948 0.25 0.9475 0.009 0.25 0.0005
0.97 -3.6 0.017 0.9195 0.017 0.917 0.135 0.017 0.0035
0.0035 -3.0 0.1905 0.944 0.19 0.944 0.009 0.19 0.0
0.99 -6.3 0.326 0.8945 0.3175 0.894 0.0085 0.3175 0.002
1.43 -3.6 0.013 0.9075 0.0125 0.9045 0.134 0.0125 0.001
0.04 -6.0 0.243 0.943 0.242 0.942 0.007 0.242 0.0005
1.39 -8.4 0.3345 0.861 0.3255 0.861 0.005 0.3255 0.002
0.0025 -7.2 0.2285 0.957 0.2275 0.957 0.0045 0.2275 0.0
0.97 -3.9 0.016 0.9135 0.016 0.91 0.102 0.016 0.001
0.37 -4.5 0.065 0.9565 0.065 0.951 0.106 0.065 0.0035
0.0013 -7.5 0.2935 0.977 0.292 0.977 0.006 0.292 0.0005
1.35 -3.3 0.009 0.913 0.009 0.9115 0.1415 0.009 0.0005
0.41 -7.2 0.2945 0.9405 0.2925 0.9405 0.0285 0.2925 0.0115
0.99 -5.1 0.136 0.935 0.136 0.933 0.055 0.136 0.004
0.0013 -4.8 0.304 0.978 0.3015 0.978 0.0045 0.3015 0.0
0.37 -7.8 0.2995 0.9345 0.2985 0.934 0.0365 0.2985 0.015
1.43 -3.9 0.015 0.897 0.015 0.893 0.131 0.015 0.0015
0.75 -6.9 0.3215 0.896 0.3135 0.8945 0.0145 0.3135 0.005
0.75 -5.4 0.1875 0.9265 0.187 0.925 0.0305 0.187 0.002
1.37 -8.7 0.315 0.849 0.306 0.849 0.0025 0.306 0.001
0.01 -8.1 0.217 0.9405 0.216 0.9395 0.005 0.216 0.0005
1.13 -7.5 0.337 0.8705 0.329 0.8705 0.0085 0.329 0.003
0.1 -7.2 0.2535 0.9455 0.252 0.9445 0.0325 0.252 0.0065
1.21 -6.0 0.3255 0.8655 0.3155 0.8655 0.0025 0.3155 0.001
1.13 -4.8 0.033 0.915 0.033 0.912 0.104 0.033 0.003
1.35 -5.7 0.31 0.8985 0.3025 0.898 0.0115 0.3025 0.0015
0.75 -6.6 0.325 0.9025 0.32 0.902 0.017 0.32 0.007
0.77 -8.4 0.328 0.911 0.321 0.9105 0.0145 0.321 0.005
1.21 -9.0 0.3185 0.8615 0.309 0.8615 0.004 0.309 0.0005
0.61 -3.0 0.0225 0.934 0.0225 0.93 0.153 0.0225 0.0045
0.0016 -5.1 0.266 0.974 0.2655 0.9735 0.005 0.2655 0.0005
1.21 -3.3 0.012 0.8935 0.012 0.89 0.133 0.012 0.0015
0.55 -7.2 0.3015 0.9105 0.3005 0.9105 0.029 0.3005 0.01
0.83 -3.9 0.015 0.9245 0.015 0.921 0.0925 0.015 0.001
0.0011 -8.1 0.323 0.985 0.3225 0.985 0.002 0.3225 0.0
0.49 -7.5 0.3095 0.928 0.3055 0.9275 0.0335 0.3055 0.0125
0.0016 -6.3 0.251 0.9725 0.251 0.9725 0.0025 0.251 0.0
0.004 -7.8 0.218 0.94 0.2155 0.94 0.0015 0.2155 0.0
0.004 -4.5 0.2185 0.9395 0.2185 0.9395 0.002 0.2185 0.0
0.49 -4.8 0.137 0.9525 0.137 0.9495 0.083 0.137 0.0065
0.83 -3.6 0.0175 0.92 0.0175 0.9135 0.143 0.0175 0.004
0.18 -7.5 0.2605 0.936 0.258 0.9355 0.0315 0.258 0.0095
0.007 -3.9 0.225 0.938 0.224 0.9375 0.006 0.224 0.002
0.18 -4.8 0.2575 0.939 0.255 0.939 0.036 0.255 0.009
0.63 -8.4 0.304 0.907 0.3005 0.906 0.0215 0.3 0.0075
0.85 -3.0 0.02 0.9345 0.02 0.928 0.141 0.02 0.003
1.21 -5.7 0.302 0.88 0.293 0.88 0.0085 0.293 0.002
0.61 -6.6 0.301 0.92 0.2985 0.9185 0.0325 0.298 0.017
1.07 -4.8 0.037 0.918 0.037 0.915 0.09 0.037 0.0035
0.007 -3.6 0.2205 0.9415 0.219 0.9405 0.0075 0.219 0.0005
0.04 -7.2 0.2465 0.946 0.246 0.946 0.0085 0.246 0.001
1.07 -7.5 0.3235 0.871 0.3115 0.8705 0.0055 0.311 0.0025
1.23 -8.7 0.3205 0.867 0.314 0.867 0.0065 0.314 0.003
0.61 -5.4 0.277 0.934 0.274 0.9325 0.035 0.274 0.011
0.61 -6.9 0.311 0.9085 0.309 0.908 0.0165 0.309 0.0075
0.08 -6.9 0.254 0.939 0.252 0.9385 0.0245 0.252 0.0095
0.08 -5.4 0.256 0.937 0.255 0.937 0.024 0.255 0.0075
1.15 -8.4 0.3345 0.8875 0.3225 0.8875 0.0055 0.3225 0.0025
0.57 -5.7 0.318 0.9195 0.317 0.919 0.017 0.317 0.0085
1.17 -6.6 0.333 0.8845 0.3265 0.8845 0.004 0.3265 0.001
1.19 -3.3 0.0195 0.9125 0.0195 0.9075 0.142 0.0195 0.002
0.18 -6.0 0.2525 0.94 0.25 0.939 0.024 0.25 0.007
0.08 -6.6 0.236 0.9395 0.2355 0.9385 0.021 0.2355 0.005
0.55 -8.7 0.307 0.919 0.3035 0.919 0.033 0.3035 0.0135
1.17 -5.4 0.236 0.9145 0.232 0.9135 0.021 0.232 0.001
1.17 -6.9 0.341 0.881 0.3345 0.8805 0.0055 0.3345 0.003
0.71 -4.8 0.029 0.931 0.029 0.9265 0.118 0.029 0.001
0.18 -9.0 0.253 0.9355 0.2515 0.9355 0.04 0.2515 0.014
0.71 -7.5 0.3225 0.909 0.3175 0.909 0.021 0.3175 0.0085
0.06 -3.3 0.028 0.9485 0.028 0.9395 0.1285 0.028 0.0025
0.04 -8.7 0.244 0.947 0.2435 0.947 0.0085 0.2435 0.0005
0.0035 -3.6 0.214 0.947 0.2125 0.947 0.0055 0.2125 0.001
1.19 -5.7 0.2995 0.883 0.2905 0.8825 0.007 0.2905 0.002
0.59 -6.6 0.3235 0.921 0.3205 0.9205 0.0245 0.32 0.0115
0.81 -7.8 0.3225 0.9065 0.316 0.906 0.015 0.3155 0.008
0.81 -4.5 0.0275 0.9375 0.0275 0.932 0.126 0.0275 0.002
1.01 -3.0 0.0115 0.92 0.0115 0.9145 0.1335 0.0115 0.003
0.2 -4.8 0.245 0.9495 0.2435 0.949 0.0325 0.2435 0.009
0.57 -3.3 0.013 0.9365 0.013 0.93 0.1555 0.013 0.001
1.23 -7.2 0.334 0.867 0.327 0.867 0.0065 0.327 0.0015
0.2 -7.5 0.254 0.941 0.2495 0.94 0.033 0.2495 0.011
0.0035 -3.9 0.209 0.9485 0.2065 0.9485 0.0035 0.2065 0.0005
0.59 -6.9 0.315 0.922 0.309 0.9215 0.021 0.309 0.0095
0.59 -5.4 0.287 0.923 0.2835 0.923 0.0245 0.2835 0.008
0.06 -5.7 0.242 0.944 0.241 0.944 0.021 0.241 0.0045
1.49 -4.2 0.013 0.89 0.013 0.888 0.12 0.013 0.002
0.49 -6.9 0.304 0.928 0.301 0.9265 0.0355 0.301 0.0135
0.0016 -4.2 0.248 0.972 0.2475 0.972 0.0035 0.2475 0.001
0.49 -5.4 0.3055 0.9335 0.303 0.933 0.024 0.303 0.0085
0.16 -5.7 0.2325 0.936 0.232 0.936 0.0335 0.232 0.012
0.002 -4.5 0.2465 0.961 0.2465 0.961 0.002 0.2465 0.0005
0.31 -3.6 0.019 0.94 0.019 0.931 0.155 0.019 0.0025
0.73 -3.0 0.0165 0.933 0.0165 0.9285 0.1355 0.0165 0.001
0.002 -7.8 0.2305 0.9595 0.23 0.9595 0.0045 0.23 0.0005
0.14 -8.7 0.2575 0.9455 0.256 0.945 0.0325 0.256 0.01
0.49 -6.6 0.3 0.929 0.2955 0.927 0.033 0.2955 0.0135
1.09 -5.7 0.3135 0.8935 0.3045 0.8935 0.0125 0.3045 0.0035
0.91 -7.8 0.317 0.9005 0.3115 0.9005 0.0115 0.3115 0.0045
0.91 -4.5 0.0185 0.9195 0.0185 0.914 0.135 0.0185 0.003
0.31 -3.9 0.017 0.957 0.017 0.95 0.1675 0.017 0.002
0.01 -3.0 0.107 0.9455 0.107 0.9455 0.04 0.107 0.0005
1.45 -7.8 0.3085 0.857 0.301 0.857 0.0055 0.301 0.002
1.33 -7.2 0.33 0.866 0.323 0.866 0.004 0.323 0.0015
0.47 -3.3 0.011 0.9405 0.011 0.9335 0.147 0.011 0.0025
1.45 -4.5 0.017 0.8935 0.017 0.89 0.1215 0.017 0.001
0.18 -6.6 0.2625 0.935 0.26 0.935 0.0375 0.26 0.0115
0.45 -8.7 0.292 0.927 0.2895 0.925 0.036 0.289 0.015
1.07 -5.4 0.243 0.9015 0.239 0.901 0.0245 0.239 0.0015
1.07 -6.9 0.331 0.8755 0.3225 0.875 0.007 0.322 0.002
0.97 -3.0 0.016 0.9145 0.016 0.9085 0.109 0.016 0.0015
0.61 -4.8 0.0715 0.946 0.0715 0.941 0.1015 0.0715 0.005
0.16 -3.3 0.012 0.947 0.012 0.9345 0.16 0.012 0.0015
0.61 -7.5 0.305 0.9185 0.302 0.918 0.0195 0.3015 0.0125
0.18 -6.9 0.261 0.938 0.258 0.9375 0.0355 0.258 0.0115
0.18 -5.4 0.2685 0.941 0.266 0.9395 0.0365 0.2655 0.011
1.05 -8.4 0.3125 0.886 0.31 0.8855 0.012 0.3095 0.0045
1.07 -6.6 0.3225 0.889 0.314 0.889 0.0055 0.314 0.0025
0.47 -5.7 0.2825 0.92 0.2795 0.9195 0.0305 0.2795 0.0115
1.09 -3.3 0.015 0.915 0.015 0.91 0.1325 0.015 0.003
1.17 -4.8 0.027 0.9245 0.027 0.92 0.0905 0.027 0.002
1.17 -7.5 0.3275 0.8855 0.3245 0.8855 0.002 0.3245 0.001
0.14 -7.2 0.269 0.9475 0.2665 0.947 0.031 0.2665 0.0095
1.33 -8.7 0.335 0.867 0.328 0.867 0.003 0.328 0.0015
0.71 -5.4 0.226 0.9265 0.2245 0.9245 0.039 0.2245 0.009
0.71 -6.9 0.3305 0.9095 0.3255 0.9085 0.0225 0.3255 0.0105
0.08 -7.5 0.255 0.9395 0.2545 0.939 0.019 0.2545 0.0035
0.08 -4.8 0.261 0.9365 0.26 0.936 0.0275 0.26 0.0075
0.73 -8.4 0.3135 0.8985 0.3055 0.898 0.0175 0.305 0.0105
0.71 -6.6 0.33 0.9075 0.326 0.907 0.012 0.326 0.0045
1.31 -5.7 0.313 0.8855 0.3085 0.8845 0.0085 0.3085 0.0005
0.59 -7.5 0.319 0.9145 0.3145 0.9145 0.0225 0.3145 0.0105
1.13 -3.0 0.018 0.9095 0.018 0.906 0.1265 0.018 0.002
1.47 -3.6 0.017 0.9025 0.017 0.9 0.12 0.017 0.0015
0.59 -4.8 0.0885 0.9395 0.0885 0.9335 0.095 0.0885 0.004
0.93 -3.6 0.014 0.92 0.014 0.916 0.1355 0.014 0.0025
0.22 -8.4 0.255 0.9305 0.254 0.93 0.0445 0.254 0.0135
1.49 -6.3 0.3305 0.8575 0.32 0.8575 0.004 0.32 0.001
0.2 -6.6 0.274 0.941 0.271 0.9405 0.025 0.271 0.01
1.47 -3.9 0.0095 0.9035 0.0095 0.8975 0.144 0.0095 0.0015
0.33 -7.8 0.291 0.9395 0.2895 0.939 0.0335 0.2895 0.01
0.45 -7.2 0.2755 0.928 0.274 0.9275 0.0365 0.2735 0.0165
1.31 -3.3 0.015 0.902 0.015 0.9 0.1315 0.015 0.001
0.33 -4.5 0.1 0.952 0.1 0.9485 0.0965 0.1 0.0025
1.49 -5.1 0.049 0.8955 0.0485 0.8945 0.072 0.0485 0.002
0.93 -3.9 0.014 0.9235 0.014 0.918 0.152 0.014 0.002
0.2 -5.4 0.2665 0.9445 0.261 0.944 0.0425 0.261 0.013
0.2 -6.9 0.254 0.9395 0.25 0.938 0.0465 0.25 0.0155
0.65 -6.6 0.303 0.918 0.2975 0.918 0.021 0.2975 0.0115
0.003 -5.7 0.199 0.937 0.198 0.937 0.003 0.198 0.0
1.25 -5.7 0.3155 0.8855 0.3085 0.885 0.0095 0.3085 0.0
0.67 -8.4 0.307 0.915 0.3015 0.915 0.023 0.3015 0.0095
0.53 -6.0 0.3065 0.92 0.305 0.9195 0.03 0.305 0.013
0.65 -6.9 0.292 0.919 0.2885 0.919 0.021 0.2885 0.0115
0.65 -5.4 0.2655 0.9225 0.262 0.922 0.031 0.262 0.007
1.27 -8.7 0.333 0.859 0.324 0.8585 0.004 0.324 0.001
1.03 -7.5 0.3365 0.8955 0.33 0.8955 0.0105 0.33 0.0035
0.53 -9.0 0.294 0.92 0.2895 0.92 0.018 0.2895 0.008
1.03 -4.8 0.022 0.924 0.0215 0.919 0.1185 0.0215 0.0025
1.29 -8.4 0.297 0.8575 0.2905 0.8575 0.0035 0.2905 0.0005
0.87 -3.9 0.018 0.921 0.018 0.9155 0.13 0.018 0.001
0.27 -4.5 0.1115 0.9635 0.1115 0.9595 0.089 0.1115 0.0035
0.51 -7.2 0.303 0.9175 0.299 0.9155 0.0285 0.2985 0.0095
0.003 -3.3 0.2155 0.945 0.2155 0.9445 0.0025 0.2155 0.0
1.25 -3.3 0.014 0.913 0.013 0.9065 0.1275 0.013 0.0015
0.89 -5.1 0.1215 0.937 0.121 0.936 0.067 0.121 0.0025
0.27 -7.8 0.2745 0.9455 0.2735 0.9455 0.0415 0.2735 0.0105
0.69 -8.7 0.3015 0.899 0.297 0.8985 0.021 0.297 0.0085
0.87 -3.6 0.011 0.9265 0.011 0.922 0.14 0.011 0.0005
0.89 -6.3 0.331 0.903 0.326 0.9025 0.0125 0.3255 0.0085
1.27 -7.2 0.336 0.857 0.329 0.857 0.0035 0.329 0.0025
0.53 -3.3 0.0115 0.9395 0.0115 0.933 0.1665 0.0115 0.0025
0.25 -3.9 0.02 0.938 0.02 0.9275 0.162 0.02 0.002
0.0013 -6.9 0.2965 0.9785 0.2945 0.9785 0.003 0.2945 0.0
0.85 -4.5 0.0205 0.9255 0.0205 0.918 0.1295 0.0205 0.0045
0.16 -9.0 0.2195 0.9435 0.219 0.9425 0.038 0.219 0.0115
0.85 -7.8 0.307 0.9055 0.3015 0.905 0.01 0.3015 0.0025
0.0013 -5.4 0.2815 0.98 0.2795 0.98 0.0045 0.2795 0.0
0.25 -3.6 0.02 0.9355 0.02 0.924 0.1635 0.02 0.0035
0.02 -5.7 0.2425 0.9475 0.2425 0.9475 0.0075 0.2425 0.0005
0.29 -8.1 0.2625 0.9385 0.2615 0.938 0.03 0.2615 0.008
0.16 -6.0 0.22 0.9395 0.219 0.939 0.0255 0.219 0.0045
0.0013 -6.6 0.295 0.978 0.2945 0.978 0.0045 0.2945 0.0005
0.99 -4.2 0.021 0.907 0.021 0.9055 0.133 0.021 0.0035
1.41 -9.0 0.321 0.858 0.312 0.858 0.0015 0.312 0.0
1.33 -6.0 0.3175 0.8695 0.3095 0.8695 0.006 0.3095 0.003
0.69 -7.2 0.3045 0.9035 0.3025 0.903 0.02 0.3025 0.0125
1.13 -6.6 0.316 0.8795 0.3065 0.8795 0.0045 0.3065 0.0015
0.53 -5.7 0.3025 0.921 0.2995 0.92 0.0245 0.299 0.011
1.11 -8.4 0.3215 0.882 0.3115 0.8815 0.0055 0.3115 0.003
0.02 -3.3 0.114 0.962 0.114 0.9605 0.055 0.114 0.002
0.75 -7.5 0.341 0.907 0.335 0.9065 0.0165 0.3345 0.008
1.41 -6.0 0.329 0.871 0.325 0.871 0.0035 0.325 0.0
1.33 -9.0 0.313 0.8645 0.3075 0.8645 0.0035 0.3075 0.0015
0.75 -4.8 0.025 0.9275 0.025 0.921 0.141 0.025 0.0045
1.13 -6.9 0.332 0.8745 0.325 0.8745 0.0075 0.325 0.002
1.13 -5.4 0.2445 0.907 0.242 0.906 0.0155 0.242 0.0005
0.51 -8.7 0.296 0.9075 0.2935 0.9065 0.03 0.2935 0.0125
