1.09 -6.3 0.396 0.0365 0.026 0.0005 0.036 0.0005 0.0255
1.13 -3.0 0.3895 0.0395 0.031 0.001 0.0385 0.001 0.03
1.07 -3.6 0.411 0.046 0.032 0.0025 0.044 0.002 0.0305
1.09 -5.1 0.416 0.042 0.0335 0.001 0.041 0.0005 0.033
0.73 -4.5 0.4215 0.0415 0.0305 0.0015 0.0405 0.0015 0.0295
1.07 -3.9 0.401 0.0445 0.0325 0.001 0.0435 0.0005 0.032
0.73 -7.8 0.417 0.038 0.0235 0.0 0.038 0.0 0.0235
0.31 -6.9 0.4595 0.0635 0.034 0.0005 0.063 0.0005 0.0335
0.83 -7.5 0.402 0.041 0.0255 0.0005 0.0405 0.0005 0.025
0.45 -8.1 0.426 0.051 0.0295 0.0005 0.0505 0.0005 0.029
0.83 -4.8 0.4135 0.0375 0.027 0.002 0.0355 0.0015 0.0255
0.31 -5.4 0.4755 0.0505 0.0265 0.0015 0.049 0.001 0.0255
0.47 -6.3 0.4055 0.0665 0.036 0.002 0.0645 0.0005 0.0355
0.49 -3.6 0.4345 0.0595 0.04 0.001 0.0585 0.001 0.039
0.22 -4.5 0.5705 0.0205 0.01 0.001 0.0195 0.001 0.009
1.21 -4.2 0.3975 0.052 0.041 0.0015 0.051 0.001 0.04
0.22 -7.8 0.572 0.0135 0.006 0.0015 0.012 0.001 0.005
0.33 -8.4 0.4585 0.0445 0.0255 0.001 0.0435 0.0005 0.025
0.31 -6.6 0.4715 0.047 0.0235 0.002 0.045 0.0015 0.022
0.47 -5.1 0.419 0.0525 0.033 0.001 0.0515 0.0 0.033
0.49 -3.9 0.448 0.062 0.0425 0.0015 0.0605 0.0015 0.041
0.97 -3.0 0.3965 0.0425 0.0295 0.001 0.0415 0.0005 0.029
0.57 -4.2 0.424 0.0545 0.035 0.001 0.0535 0.0005 0.0345
0.93 -6.9 0.384 0.0325 0.0235 0.0025 0.03 0.0015 0.022
0.93 -5.4 0.3955 0.0415 0.032 0.0005 0.041 0.0005 0.0315
1.47 -6.9 0.3965 0.034 0.0245 0.001 0.033 0.001 0.0235
1.33 -8.1 0.402 0.039 0.0315 0.0005 0.0385 0.0005 0.031
1.47 -5.4 0.4025 0.0425 0.034 0.0015 0.041 0.001 0.033
1.31 -6.3 0.381 0.039 0.0295 0.0005 0.0385 0.0005 0.029
0.93 -6.6 0.391 0.0345 0.026 0.0005 0.034 0.0 0.026
0.91 -8.4 0.416 0.0465 0.034 0.001 0.0455 0.0005 0.0335
1.49 -3.3 0.3615 0.041 0.032 0.0 0.041 0.0 0.032
1.45 -8.4 0.3785 0.038 0.03 0.0 0.038 0.0 0.03
1.47 -6.6 0.384 0.034 0.0255 0.0015 0.0325 0.0005 0.025
1.31 -5.1 0.394 0.0405 0.0305 0.001 0.0395 0.0005 0.03
1.19 -4.2 0.401 0.0395 0.0325 0.001 0.0385 0.001 0.0315
0.71 -3.6 0.4235 0.0485 0.0325 0.0005 0.048 0.0 0.0325
0.73 -3.0 0.4205 0.04 0.026 0.003 0.0375 0.001 0.0255
1.05 -4.5 0.4 0.0435 0.0325 0.0015 0.042 0.0015 0.031
0.71 -3.9 0.4135 0.045 0.031 0.001 0.0445 0.0005 0.031
1.05 -7.8 0.3945 0.0375 0.027 0.001 0.0365 0.0 0.027
1.49 -5.7 0.3545 0.0365 0.0275 0.0005 0.036 0.0 0.0275
0.89 -3.3 0.405 0.051 0.036 0.0015 0.0495 0.0005 0.0355
1.33 -6.0 0.3945 0.042 0.032 0.001 0.041 0.001 0.031
1.25 -5.1 0.3955 0.0375 0.0255 0.001 0.037 0.0005 0.025
1.41 -9.0 0.36 0.037 0.0295 0.0005 0.0365 0.0005 0.029
0.29 -7.2 0.4645 0.053 0.023 0.0015 0.0515 0.0005 0.0225
0.85 -8.4 0.395 0.037 0.0265 0.003 0.034 0.001 0.0255
0.87 -6.6 0.3995 0.038 0.031 0.0005 0.0375 0.0 0.031
1.25 -6.3 0.3735 0.036 0.025 0.0005 0.0355 0.0005 0.0245
1.33 -9.0 0.401 0.037 0.0295 0.001 0.036 0.0005 0.029
1.27 -8.1 0.389 0.0385 0.0315 0.001 0.0375 0.0005 0.031
1.41 -6.0 0.382 0.0425 0.0335 0.001 0.0415 0.0 0.0335
0.35 -4.8 0.4835 0.058 0.034 0.001 0.057 0.0005 0.0335
0.87 -5.4 0.401 0.0425 0.033 0.0005 0.042 0.0005 0.0325
0.87 -6.9 0.3925 0.0435 0.029 0.0015 0.0425 0.0005 0.029
0.35 -7.5 0.473 0.0585 0.03 0.0005 0.058 0.0 0.03
0.43 -4.2 0.443 0.0605 0.035 0.001 0.0595 0.0005 0.0345
0.89 -5.7 0.413 0.0445 0.0325 0.0015 0.043 0.001 0.0315
0.65 -3.9 0.413 0.0395 0.0285 0.0015 0.0385 0.0 0.0285
1.11 -7.8 0.389 0.0435 0.033 0.001 0.0425 0.0005 0.0325
1.11 -4.5 0.393 0.049 0.036 0.0015 0.048 0.001 0.0355
0.69 -8.1 0.387 0.042 0.025 0.001 0.041 0.001 0.024
0.65 -3.6 0.4035 0.047 0.034 0.0035 0.0435 0.003 0.031
1.13 -3.9 0.388 0.0465 0.0335 0.0025 0.045 0.0015 0.0325
0.67 -7.8 0.391 0.0385 0.0225 0.0015 0.037 0.001 0.0215
0.67 -4.5 0.3885 0.0505 0.035 0.001 0.0495 0.0005 0.0345
1.13 -3.6 0.3835 0.045 0.0355 0.001 0.0445 0.001 0.035
0.29 -8.7 0.465 0.0505 0.0215 0.0015 0.049 0.001 0.0205
1.29 -4.5 0.398 0.041 0.03 0.0 0.041 0.0 0.03
1.29 -7.8 0.3915 0.0355 0.0265 0.001 0.0345 0.0005 0.026
0.53 -5.1 0.4155 0.047 0.033 0.0 0.047 0.0 0.033
0.25 -6.6 0.5095 0.0495 0.0235 0.0005 0.049 0.0005 0.023
0.27 -8.4 0.4845 0.0505 0.0265 0.0005 0.05 0.0005 0.026
0.53 -6.0 0.4035 0.064 0.0365 0.0015 0.0625 0.0005 0.036
1.43 -4.8 0.4165 0.043 0.034 0.0015 0.0415 0.0015 0.0325
1.43 -7.5 0.397 0.0395 0.0325 0.0015 0.038 0.0015 0.031
1.35 -4.2 0.3945 0.048 0.041 0.0005 0.0475 0.0 0.041
0.53 -6.3 0.3995 0.0485 0.0315 0.0005 0.048 0.0 0.0315
0.25 -5.4 0.5165 0.0575 0.025 0.0005 0.057 0.0 0.025
0.97 -4.8 0.4105 0.042 0.0305 0.0035 0.039 0.0025 0.0285
0.51 -8.1 0.408 0.045 0.026 0.0015 0.0435 0.0005 0.0255
0.53 -9.0 0.396 0.044 0.025 0.0015 0.0425 0.0005 0.0245
0.97 -7.5 0.39 0.032 0.022 0.0015 0.0305 0.0005 0.0215
0.25 -6.9 0.5105 0.042 0.021 0.0015 0.0405 0.0005 0.0205
1.25 -4.2 0.386 0.042 0.03 0.0025 0.0395 0.0015 0.0285
0.43 -6.3 0.4385 0.066 0.0365 0.002 0.064 0.0015 0.035
0.35 -5.4 0.472 0.0555 0.0295 0.0 0.0555 0.0 0.0295
0.87 -4.8 0.4045 0.049 0.0325 0.001 0.048 0.0005 0.032
1.21 -6.0 0.385 0.041 0.028 0.0005 0.0405 0.0005 0.0275
0.41 -8.1 0.446 0.063 0.0355 0.001 0.062 0.0005 0.035
0.87 -7.5 0.3955 0.042 0.0305 0.0015 0.041 0.001 0.03
0.35 -6.9 0.4655 0.076 0.042 0.001 0.075 0.0 0.042
1.39 -4.5 0.401 0.04 0.032 0.0005 0.0395 0.0005 0.0315
1.39 -7.8 0.377 0.04 0.028 0.001 0.039 0.0005 0.0275
1.21 -9.0 0.387 0.0435 0.0315 0.0015 0.042 0.0005 0.031
0.43 -5.1 0.446 0.0635 0.0365 0.001 0.0625 0.0005 0.036
0.35 -6.6 0.4485 0.056 0.0285 0.0015 0.0545 0.001 0.0275
0.37 -8.4 0.4405 0.0775 0.0465 0.0015 0.076 0.001 0.0455
1.03 -3.6 0.4215 0.0565 0.0425 0.0005 0.056 0.0 0.0425
0.39 -8.7 0.44 0.0505 0.0265 0.0005 0.05 0.0 0.0265
0.77 -7.8 0.4 0.032 0.021 0.0005 0.0315 0.0 0.021
1.03 -3.9 0.4095 0.053 0.0425 0.0005 0.0525 0.0005 0.042
0.77 -4.5 0.4025 0.053 0.039 0.002 0.051 0.001 0.038
0.79 -8.1 0.3725 0.044 0.03 0.0015 0.0425 0.0005 0.0295
0.75 -3.6 0.421 0.048 0.0355 0.0005 0.0475 0.0005 0.035
0.99 -3.0 0.4125 0.0465 0.035 0.0 0.0465 0.0 0.035
0.99 -5.7 0.4025 0.0465 0.032 0.002 0.0445 0.0005 0.0315
1.01 -7.8 0.416 0.027 0.0185 0.0005 0.0265 0.0 0.0185
0.75 -3.9 0.402 0.0475 0.03 0.0015 0.046 0.001 0.029
1.01 -4.5 0.4225 0.0425 0.0295 0.004 0.039 0.0015 0.0285
1.35 -6.3 0.3755 0.0385 0.027 0.0025 0.036 0.001 0.026
0.33 -9.0 0.4615 0.0435 0.022 0.0015 0.042 0.0005 0.0215
1.43 -5.4 0.417 0.04 0.0295 0.0 0.04 0.0 0.0295
1.37 -8.1 0.3775 0.0455 0.033 0.002 0.044 0.0005 0.0325
0.41 -6.0 0.4425 0.062 0.035 0.0 0.062 0.0 0.035
1.43 -6.9 0.393 0.041 0.0315 0.0025 0.0385 0.0025 0.029
0.25 -4.8 0.513 0.05 0.022 0.0015 0.049 0.001 0.0215
0.97 -5.4 0.4055 0.0395 0.0295 0.0015 0.038 0.001 0.0285
0.97 -6.9 0.392 0.033 0.0225 0.0005 0.0325 0.0005 0.022
0.25 -7.5 0.51 0.0455 0.024 0.003 0.0425 0.0015 0.0225
0.53 -4.2 0.4175 0.0485 0.0305 0.001 0.0475 0.0005 0.03
0.99 -3.3 0.404 0.045 0.0345 0.0005 0.0445 0.0005 0.034
0.33 -6.0 0.477 0.047 0.0245 0.002 0.045 0.001 0.0235
1.35 -5.1 0.388 0.046 0.0365 0.0005 0.0455 0.0 0.0365
1.43 -6.6 0.401 0.0395 0.031 0.0015 0.038 0.001 0.03
0.41 -9.0 0.4655 0.0775 0.045 0.002 0.0755 0.0015 0.0435
1.41 -8.4 0.3715 0.044 0.036 0.002 0.0425 0.0015 0.035
0.39 -7.2 0.453 0.07 0.04 0.0005 0.0695 0.0 0.04
0.95 -8.4 0.407 0.042 0.027 0.0005 0.0415 0.0005 0.0265
0.97 -6.6 0.3815 0.03 0.0235 0.0 0.03 0.0 0.0235
1.15 -4.5 0.403 0.0435 0.0325 0.0025 0.041 0.0015 0.031
1.15 -7.8 0.3845 0.0425 0.0305 0.003 0.0395 0.0015 0.029
0.61 -3.9 0.418 0.049 0.0335 0.0005 0.0485 0.0 0.0335
1.01 -3.0 0.426 0.039 0.029 0.002 0.0375 0.002 0.0275
1.09 -4.2 0.4175 0.049 0.035 0.0005 0.0485 0.0005 0.0345
0.61 -3.6 0.4335 0.053 0.036 0.003 0.05 0.0 0.036
0.83 -6.6 0.3975 0.0425 0.0305 0.0015 0.041 0.001 0.0295
0.81 -8.4 0.4095 0.0495 0.035 0.001 0.049 0.0 0.035
1.21 -5.1 0.398 0.05 0.037 0.001 0.0495 0.001 0.0365
0.47 -4.2 0.421 0.066 0.041 0.003 0.063 0.002 0.039
0.31 -7.5 0.457 0.045 0.0235 0.001 0.044 0.0005 0.023
0.83 -6.9 0.4025 0.0425 0.027 0.001 0.0415 0.0 0.027
0.83 -5.4 0.4295 0.0455 0.0345 0.001 0.0445 0.001 0.0335
0.31 -4.8 0.4885 0.0635 0.037 0.001 0.0625 0.0005 0.0365
1.23 -8.1 0.385 0.0285 0.021 0.001 0.028 0.001 0.0205
1.21 -6.3 0.3925 0.042 0.0295 0.0015 0.0405 0.001 0.0285
0.57 -5.1 0.4335 0.0495 0.032 0.0015 0.048 0.001 0.031
0.85 -3.0 0.412 0.042 0.033 0.001 0.0415 0.001 0.0325
0.59 -3.9 0.4115 0.0455 0.03 0.0005 0.045 0.0005 0.0295
0.93 -7.5 0.3905 0.033 0.0245 0.001 0.032 0.001 0.0235
0.55 -8.1 0.42 0.0585 0.034 0.0005 0.058 0.0 0.034
0.93 -4.8 0.4035 0.0395 0.031 0.0 0.0395 0.0 0.031
0.57 -6.3 0.4095 0.0495 0.0255 0.0005 0.0495 0.0 0.0255
0.59 -3.6 0.412 0.0465 0.0295 0.0015 0.045 0.0005 0.029
1.31 -4.2 0.388 0.042 0.032 0.003 0.039 0.002 0.03
1.47 -7.5 0.4025 0.0365 0.028 0.0015 0.035 0.001 0.027
1.47 -4.8 0.393 0.0375 0.031 0.0005 0.037 0.0 0.031
0.61 -3.0 0.433 0.0575 0.0355 0.002 0.0555 0.0005 0.035
1.19 -5.1 0.402 0.0425 0.032 0.0015 0.041 0.0005 0.0315
0.63 -4.5 0.4145 0.0495 0.0335 0.002 0.0485 0.0015 0.0325
0.63 -7.8 0.408 0.0475 0.029 0.0015 0.046 0.0005 0.0285
1.17 -3.9 0.391 0.0625 0.0415 0.002 0.061 0.0005 0.041
1.19 -6.3 0.393 0.041 0.0295 0.003 0.038 0.0015 0.028
1.17 -3.6 0.4005 0.0575 0.0435 0.003 0.055 0.002 0.042
0.95 -3.3 0.416 0.058 0.0375 0.0005 0.0575 0.0005 0.037
1.39 -3.0 0.403 0.04 0.036 0.0015 0.0385 0.001 0.035
1.39 -5.1 0.3925 0.0445 0.031 0.0015 0.0435 0.001 0.03
0.35 -7.2 0.475 0.0585 0.034 0.001 0.0575 0.0005 0.0335
1.41 -3.3 0.3645 0.052 0.041 0.002 0.05 0.0015 0.0395
1.05 -9.0 0.386 0.035 0.029 0.0 0.035 0.0 0.029
0.43 -4.5 0.4315 0.0575 0.0305 0.0005 0.0575 0.0 0.0305
1.37 -3.9 0.385 0.0505 0.0345 0.0005 0.05 0.0005 0.034
0.43 -7.8 0.432 0.0475 0.022 0.0005 0.047 0.0005 0.0215
0.99 -8.4 0.3825 0.0405 0.0285 0.001 0.0395 0.0005 0.028
1.39 -6.3 0.385 0.034 0.027 0.001 0.033 0.0005 0.0265
1.05 -6.0 0.4025 0.043 0.0335 0.0005 0.0425 0.0005 0.033
0.29 -4.8 0.4765 0.0485 0.021 0.0015 0.047 0.0005 0.0205
0.29 -7.5 0.48 0.0505 0.0285 0.0005 0.05 0.0005 0.028
1.37 -3.6 0.389 0.0555 0.0415 0.0005 0.055 0.0 0.0415
1.41 -5.7 0.383 0.048 0.039 0.002 0.046 0.001 0.038
0.77 -5.1 0.411 0.046 0.0345 0.0005 0.0455 0.0005 0.034
0.95 -5.7 0.4315 0.044 0.032 0.001 0.043 0.001 0.031
0.79 -3.9 0.398 0.0565 0.0445 0.0025 0.0545 0.0015 0.0435
0.75 -8.1 0.387 0.037 0.024 0.001 0.036 0.0 0.024
1.43 -8.7 0.398 0.039 0.028 0.0005 0.0385 0.0 0.028
0.77 -6.3 0.42 0.034 0.0245 0.0025 0.032 0.0025 0.0225
0.79 -3.6 0.393 0.057 0.0355 0.0005 0.0565 0.0005 0.035
1.11 -4.2 0.412 0.05 0.038 0.002 0.048 0.001 0.037
0.97 -8.7 0.397 0.037 0.0265 0.0015 0.0355 0.0005 0.026
0.37 -5.7 0.448 0.075 0.046 0.001 0.074 0.0005 0.0455
1.01 -5.1 0.419 0.0455 0.033 0.006 0.0405 0.0015 0.032
0.81 -9.0 0.4115 0.038 0.026 0.0015 0.0365 0.001 0.025
0.67 -4.2 0.3965 0.0535 0.036 0.0015 0.052 0.0 0.036
1.03 -8.1 0.405 0.0395 0.0285 0.0005 0.039 0.0 0.0285
0.35 -8.7 0.467 0.058 0.028 0.001 0.057 0.001 0.027
0.81 -6.0 0.4075 0.051 0.0345 0.001 0.05 0.001 0.0335
1.01 -6.3 0.422 0.0305 0.021 0.0005 0.03 0.0005 0.0205
1.43 -7.2 0.406 0.039 0.03 0.001 0.038 0.0005 0.0295
0.37 -3.3 0.462 0.06 0.041 0.002 0.058 0.0015 0.0395
1.35 -4.5 0.3795 0.044 0.032 0.0015 0.0425 0.0005 0.0315
0.41 -3.9 0.446 0.0615 0.0425 0.002 0.0595 0.002 0.0405
1.35 -7.8 0.368 0.0355 0.0265 0.0005 0.0355 0.0005 0.0265
0.65 -9.0 0.4005 0.0395 0.023 0.0015 0.038 0.001 0.022
0.97 -7.2 0.3985 0.0335 0.0235 0.0015 0.032 0.001 0.0225
0.39 -6.6 0.458 0.069 0.0425 0.0025 0.0665 0.002 0.0405
0.59 -3.0 0.4175 0.0465 0.032 0.002 0.0445 0.0015 0.0305
0.65 -6.0 0.4205 0.0355 0.0225 0.001 0.0345 0.001 0.0215
1.29 -4.2 0.39 0.045 0.038 0.0005 0.0445 0.0005 0.0375
0.41 -3.6 0.46 0.06 0.0355 0.0015 0.0585 0.0 0.0355
0.39 -5.4 0.4595 0.052 0.034 0.0005 0.0515 0.0 0.034
0.39 -6.9 0.4585 0.0585 0.034 0.0015 0.057 0.0015 0.0325
1.15 -6.3 0.3855 0.0355 0.0225 0.0005 0.035 0.0 0.0225
1.17 -8.1 0.39 0.0355 0.026 0.0015 0.034 0.0 0.026
1.19 -6.0 0.396 0.036 0.0285 0.0 0.036 0.0 0.0285
0.73 -4.2 0.428 0.0395 0.0285 0.0005 0.039 0.0005 0.028
1.15 -5.1 0.3955 0.0425 0.033 0.0 0.0425 0.0 0.033
1.19 -9.0 0.3895 0.039 0.0275 0.001 0.038 0.001 0.0265
1.25 -3.0 0.403 0.049 0.036 0.001 0.048 0.0005 0.0355
0.59 -8.1 0.414 0.043 0.0305 0.001 0.042 0.0005 0.03
0.55 -3.6 0.4265 0.0555 0.0325 0.001 0.0545 0.0 0.0325
0.83 -7.2 0.3975 0.0425 0.028 0.0015 0.041 0.0015 0.0265
0.55 -3.9 0.4195 0.0565 0.0375 0.001 0.0555 0.001 0.0365
1.21 -7.8 0.395 0.045 0.032 0.001 0.044 0.0005 0.0315
1.21 -4.5 0.404 0.052 0.0415 0.001 0.051 0.0005 0.041
0.22 -4.2 0.5795 0.0185 0.0085 0.001 0.0175 0.0005 0.008
1.23 -3.6 0.402 0.0515 0.0385 0.0025 0.049 0.001 0.0375
1.23 -3.9 0.397 0.041 0.036 0.0005 0.0405 0.0005 0.0355
0.57 -7.8 0.4145 0.039 0.023 0.0005 0.0385 0.0 0.023
0.57 -4.5 0.4385 0.0635 0.037 0.001 0.0625 0.0005 0.0365
0.81 -3.3 0.399 0.046 0.0295 0.0025 0.044 0.0005 0.029
0.83 -8.7 0.399 0.039 0.024 0.001 0.0385 0.0005 0.024
0.37 -3.0 0.467 0.0655 0.039 0.001 0.0645 0.001 0.038
1.05 -4.2 0.3945 0.042 0.029 0.0015 0.0405 0.001 0.028
0.79 -6.0 0.398 0.04 0.0295 0.0005 0.0395 0.0005 0.029
0.63 -6.3 0.4125 0.0485 0.0325 0.0 0.0485 0.0 0.0325
0.61 -8.1 0.4125 0.049 0.035 0.0 0.049 0.0 0.035
0.45 -3.0 0.4455 0.049 0.0335 0.0005 0.049 0.0005 0.0335
1.19 -4.5 0.3915 0.0395 0.0285 0.0035 0.036 0.0025 0.026
1.19 -7.8 0.394 0.036 0.0265 0.0005 0.0355 0.0005 0.026
0.81 -5.7 0.428 0.054 0.0375 0.002 0.052 0.0005 0.037
0.79 -9.0 0.378 0.0405 0.031 0.0 0.0405 0.0 0.031
0.63 -5.1 0.4125 0.0485 0.033 0.0015 0.047 0.001 0.032
1.45 -3.0 0.3825 0.041 0.032 0.001 0.04 0.001 0.031
1.09 -4.5 0.4185 0.045 0.0355 0.0015 0.0435 0.0015 0.034
1.09 -7.8 0.4125 0.0365 0.03 0.001 0.0355 0.001 0.029
0.91 -5.7 0.4145 0.0495 0.037 0.002 0.048 0.002 0.0355
0.73 -5.1 0.433 0.0455 0.0315 0.002 0.0435 0.001 0.0305
1.45 -5.7 0.391 0.0425 0.031 0.002 0.041 0.001 0.0305
0.93 -8.7 0.3845 0.0325 0.021 0.0005 0.032 0.0 0.021
1.37 -3.0 0.395 0.051 0.0405 0.003 0.048 0.0025 0.038
1.15 -4.2 0.393 0.0495 0.04 0.001 0.0485 0.0005 0.0395
0.73 -6.3 0.4155 0.0475 0.029 0.0015 0.046 0.0005 0.0285
1.47 -8.7 0.3875 0.033 0.024 0.0005 0.0325 0.0005 0.0235
0.71 -8.1 0.4025 0.0445 0.0325 0.0005 0.044 0.0005 0.032
0.47 -7.8 0.4055 0.063 0.0365 0.001 0.062 0.0005 0.036
1.33 -3.9 0.397 0.047 0.0375 0.003 0.044 0.0015 0.036
0.47 -4.5 0.4245 0.053 0.0345 0.0 0.053 0.0 0.0345
1.45 -3.3 0.397 0.044 0.0355 0.0015 0.043 0.0 0.0355
0.31 -7.2 0.4675 0.0425 0.024 0.0005 0.042 0.0 0.024
1.49 -8.4 0.3415 0.034 0.024 0.0 0.034 0.0 0.024
0.22 -6.3 0.5775 0.014 0.005 0.0005 0.0135 0.0 0.005
0.91 -3.3 0.4215 0.0565 0.0395 0.0015 0.055 0.0 0.0395
1.33 -3.6 0.39 0.048 0.04 0.0045 0.044 0.0025 0.0375
0.22 -5.1 0.5705 0.016 0.01 0.001 0.015 0.001 0.009
0.93 -7.2 0.398 0.037 0.028 0.0005 0.0365 0.0005 0.0275
1.31 -7.8 0.376 0.0395 0.0265 0.0025 0.037 0.001 0.0255
0.45 -3.9 0.436 0.06 0.037 0.0015 0.0585 0.001 0.036
1.31 -4.5 0.382 0.04 0.031 0.0 0.04 0.0 0.031
0.33 -3.3 0.4485 0.0465 0.029 0.001 0.0455 0.0005 0.0285
1.47 -7.2 0.3855 0.0325 0.023 0.0 0.0325 0.0 0.023
0.49 -8.1 0.419 0.0495 0.029 0.0005 0.049 0.0005 0.0285
0.45 -3.6 0.432 0.0565 0.0345 0.002 0.0545 0.0005 0.034
1.05 -5.1 0.3975 0.0395 0.029 0.0015 0.038 0.0015 0.0275
0.33 -5.7 0.47 0.0575 0.0315 0.0015 0.056 0.0005 0.031
0.25 -3.0 0.5065 0.043 0.021 0.001 0.0425 0.0 0.021
1.05 -6.3 0.387 0.037 0.0275 0.0005 0.037 0.0005 0.0275
0.31 -8.7 0.4755 0.0455 0.0225 0.0005 0.045 0.0 0.0225
1.07 -8.1 0.394 0.0385 0.026 0.002 0.0365 0.0015 0.0245
0.57 -3.0 0.4205 0.0615 0.0315 0.0 0.0615 0.0 0.0315
0.63 -4.2 0.4235 0.0545 0.0355 0.002 0.0525 0.0 0.0355
1.17 -9.0 0.403 0.0395 0.03 0.0015 0.038 0.001 0.029
1.39 -4.2 0.389 0.0385 0.026 0.002 0.0365 0.0005 0.0255
0.51 -3.6 0.431 0.0525 0.0325 0.001 0.0515 0.0 0.0325
0.29 -5.4 0.4835 0.0505 0.0285 0.001 0.0495 0.0005 0.028
0.29 -6.9 0.4705 0.056 0.031 0.002 0.054 0.0015 0.0295
1.17 -6.0 0.397 0.041 0.0315 0.0015 0.0395 0.001 0.0305
0.27 -3.3 0.491 0.039 0.023 0.0 0.039 0.0 0.023
1.25 -4.5 0.3985 0.046 0.0335 0.0005 0.0455 0.0 0.0335
1.25 -7.8 0.3845 0.0365 0.029 0.001 0.0355 0.0005 0.0285
0.51 -3.9 0.4255 0.0545 0.038 0.003 0.0515 0.002 0.036
0.87 -7.2 0.3995 0.0395 0.0305 0.001 0.0385 0.0005 0.03
0.29 -6.6 0.4585 0.052 0.023 0.0005 0.0515 0.0 0.023
0.77 -4.2 0.411 0.046 0.0345 0.0005 0.0455 0.0005 0.034
1.13 -8.1 0.387 0.034 0.0235 0.002 0.032 0.0005 0.023
0.25 -8.7 0.5125 0.041 0.019 0.001 0.04 0.0005 0.0185
1.11 -6.3 0.3915 0.044 0.0305 0.0015 0.0425 0.001 0.0295
0.27 -5.7 0.479 0.06 0.024 0.003 0.0575 0.001 0.0235
1.11 -5.1 0.399 0.0495 0.037 0.0005 0.049 0.0 0.037
0.93 -9.0 0.391 0.038 0.029 0.0025 0.0355 0.002 0.027
0.65 -8.1 0.41 0.039 0.024 0.002 0.037 0.001 0.023
0.67 -6.3 0.389 0.044 0.027 0.001 0.043 0.0005 0.0265
0.69 -3.6 0.4115 0.054 0.0355 0.001 0.053 0.0005 0.035
1.01 -4.2 0.4225 0.041 0.0315 0.0015 0.04 0.0005 0.0315
0.87 -8.7 0.389 0.0405 0.0275 0.004 0.0365 0.0025 0.025
0.67 -5.1 0.3965 0.0435 0.0315 0.0015 0.042 0.001 0.0305
0.93 -6.0 0.388 0.0355 0.025 0.0015 0.034 0.0015 0.0235
0.85 -5.7 0.413 0.0435 0.0305 0.001 0.0425 0.0 0.0305
0.69 -3.9 0.4025 0.054 0.038 0.003 0.0515 0.002 0.036
1.29 -6.3 0.3865 0.041 0.032 0.0 0.041 0.0 0.032
0.39 -4.8 0.4665 0.0665 0.0425 0.0 0.0665 0.0 0.0425
0.39 -7.5 0.465 0.0555 0.0295 0.001 0.0545 0.0005 0.029
0.77 -9.0 0.404 0.032 0.0185 0.0005 0.0315 0.0 0.0185
1.27 -3.6 0.378 0.0495 0.0345 0.0015 0.0485 0.001 0.034
0.85 -3.3 0.4175 0.044 0.032 0.001 0.044 0.001 0.032
0.39 -3.0 0.4575 0.0735 0.046 0.001 0.0725 0.0005 0.0455
1.29 -5.1 0.406 0.047 0.041 0.002 0.045 0.002 0.039
0.25 -7.2 0.51 0.047 0.023 0.001 0.046 0.0005 0.0225
0.53 -4.5 0.416 0.0465 0.0315 0.0005 0.046 0.0005 0.031
0.53 -7.8 0.3905 0.0605 0.034 0.003 0.0575 0.001 0.033
1.27 -3.9 0.3855 0.054 0.0415 0.002 0.052 0.001 0.0405
0.89 -8.4 0.3925 0.044 0.029 0.001 0.043 0.0005 0.0285
0.77 -6.0 0.4065 0.035 0.0265 0.0015 0.0335 0.0015 0.025
0.51 -6.9 0.4175 0.039 0.0225 0.002 0.037 0.001 0.0215
0.95 -4.2 0.4095 0.0575 0.04 0.0025 0.0555 0.002 0.0385
1.13 -8.7 0.3795 0.0335 0.0245 0.001 0.033 0.0005 0.0245
0.25 -8.1 0.506 0.055 0.021 0.001 0.054 0.0005 0.0205
0.27 -6.3 0.489 0.0445 0.0205 0.0 0.0445 0.0 0.0205
0.51 -5.4 0.4415 0.0475 0.0295 0.0005 0.047 0.0 0.0295
0.29 -3.6 0.4895 0.048 0.0305 0.001 0.047 0.001 0.0295
1.37 -7.5 0.3785 0.043 0.031 0.001 0.042 0.0005 0.0305
1.41 -4.2 0.378 0.0505 0.037 0.0015 0.049 0.001 0.036
1.37 -4.8 0.3845 0.049 0.0385 0.001 0.048 0.001 0.0375
0.89 -7.8 0.396 0.045 0.0315 0.0025 0.043 0.0015 0.0305
0.53 -8.4 0.403 0.058 0.0365 0.001 0.0575 0.001 0.036
0.27 -5.1 0.504 0.047 0.0225 0.0015 0.0455 0.001 0.0215
1.11 -5.7 0.402 0.046 0.0385 0.001 0.045 0.0005 0.038
0.51 -6.6 0.4125 0.0425 0.0265 0.0 0.0425 0.0 0.0265
0.89 -4.5 0.405 0.052 0.0365 0.0015 0.0505 0.0005 0.036
0.29 -3.9 0.4625 0.0425 0.0205 0.0005 0.042 0.0005 0.02
0.79 -4.8 0.3905 0.054 0.036 0.0005 0.0535 0.0 0.036
0.79 -7.5 0.3865 0.0415 0.0285 0.0005 0.0415 0.0005 0.0285
1.03 -3.0 0.4165 0.056 0.042 0.002 0.054 0.0 0.042
1.11 -3.3 0.4015 0.053 0.0385 0.0025 0.0505 0.002 0.0365
0.65 -7.2 0.406 0.0355 0.024 0.001 0.0345 0.0005 0.0235
0.69 -5.4 0.41 0.0485 0.032 0.0025 0.0465 0.0015 0.031
0.69 -6.9 0.4055 0.0485 0.0305 0.0 0.0485 0.0 0.0305
0.67 -3.3 0.401 0.0445 0.029 0.0015 0.043 0.0005 0.0285
1.13 -7.2 0.382 0.0395 0.0295 0.001 0.0385 0.001 0.0285
1.29 -5.7 0.3895 0.0405 0.0315 0.0005 0.04 0.0005 0.031
0.69 -6.6 0.386 0.051 0.034 0.003 0.048 0.0015 0.0325
0.63 -3.0 0.417 0.058 0.038 0.0005 0.0575 0.0005 0.0375
0.41 -7.5 0.46 0.0695 0.0415 0.0005 0.069 0.0005 0.041
0.37 -4.2 0.4535 0.0685 0.0395 0.001 0.068 0.001 0.039
0.85 -6.3 0.4085 0.042 0.027 0.002 0.04 0.0 0.027
0.41 -4.8 0.4465 0.0645 0.0365 0.0 0.0645 0.0 0.0365
0.87 -8.1 0.3885 0.0415 0.03 0.0005 0.041 0.0005 0.0295
1.27 -6.9 0.385 0.0415 0.0295 0.0015 0.04 0.0005 0.029
0.65 -8.7 0.4025 0.035 0.022 0.0005 0.0345 0.0005 0.0215
1.27 -5.4 0.3935 0.05 0.0385 0.0005 0.0495 0.0 0.0385
0.85 -5.1 0.419 0.0475 0.0355 0.0015 0.046 0.0015 0.034
1.29 -3.3 0.385 0.045 0.0315 0.0015 0.0435 0.0005 0.031
0.87 -3.0 0.4 0.0495 0.0405 0.0015 0.048 0.0015 0.039
1.25 -8.4 0.3825 0.043 0.031 0.001 0.042 0.001 0.03
0.67 -5.7 0.3915 0.042 0.0255 0.0 0.042 0.0 0.0255
1.27 -6.6 0.395 0.0425 0.03 0.0005 0.042 0.0 0.03
0.73 -3.3 0.419 0.0475 0.03 0.001 0.0465 0.0005 0.0295
1.07 -7.2 0.3865 0.041 0.0285 0.001 0.04 0.0005 0.028
0.22 -5.7 0.583 0.015 0.008 0.0015 0.0135 0.0 0.008
0.73 -5.7 0.428 0.04 0.028 0.0005 0.0395 0.0005 0.0275
1.33 -6.6 0.399 0.038 0.0275 0.002 0.036 0.0015 0.026
1.45 -5.1 0.3915 0.0405 0.0355 0.0015 0.039 0.0015 0.034
1.23 -9.0 0.3885 0.0295 0.02 0.001 0.0285 0.0 0.02
1.31 -8.4 0.377 0.035 0.023 0.0015 0.0335 0.0 0.023
0.49 -7.2 0.421 0.0665 0.0415 0.0005 0.066 0.0005 0.041
0.91 -5.1 0.416 0.048 0.0335 0.001 0.048 0.001 0.0335
1.33 -5.4 0.397 0.0495 0.0355 0.002 0.0475 0.001 0.0345
1.45 -6.3 0.3725 0.038 0.0285 0.001 0.038 0.001 0.0285
1.47 -8.1 0.388 0.039 0.029 0.002 0.037 0.0015 0.0275
0.71 -8.7 0.409 0.0485 0.0325 0.0005 0.0485 0.0005 0.0325
1.23 -6.0 0.3955 0.032 0.024 0.002 0.0305 0.0015 0.023
1.33 -6.9 0.4005 0.039 0.027 0.0005 0.0385 0.0 0.027
0.93 -8.1 0.3895 0.0335 0.025 0.002 0.032 0.001 0.0245
0.55 -4.8 0.4235 0.0505 0.032 0.002 0.049 0.002 0.0305
0.91 -6.3 0.414 0.0515 0.0365 0.0015 0.05 0.0005 0.036
0.55 -7.5 0.418 0.044 0.026 0.0 0.044 0.0 0.026
1.49 -4.5 0.359 0.0405 0.032 0.001 0.0395 0.001 0.031
1.49 -7.8 0.346 0.0355 0.025 0.0015 0.034 0.001 0.024
0.43 -9.0 0.426 0.0475 0.0255 0.0 0.0475 0.0 0.0255
1.05 -5.7 0.4075 0.0375 0.0285 0.0015 0.036 0.0015 0.027
0.45 -6.6 0.4255 0.045 0.029 0.0 0.045 0.0 0.029
0.33 -5.1 0.473 0.0525 0.03 0.001 0.0515 0.0005 0.0295
0.31 -6.0 0.466 0.063 0.0325 0.0 0.063 0.0 0.0325
0.47 -8.4 0.4085 0.052 0.0295 0.001 0.051 0.0005 0.029
1.23 -4.8 0.4125 0.041 0.0335 0.0015 0.0395 0.001 0.0325
1.23 -7.5 0.3905 0.032 0.0265 0.0005 0.0315 0.0 0.0265
0.45 -5.4 0.4375 0.0545 0.032 0.0005 0.054 0.0005 0.0315
0.43 -6.0 0.433 0.0505 0.032 0.001 0.0495 0.001 0.031
0.33 -6.3 0.457 0.0435 0.022 0.0005 0.043 0.0 0.022
0.31 -8.1 0.464 0.0465 0.0255 0.0 0.0465 0.0 0.0255
1.07 -8.7 0.395 0.042 0.0275 0.0025 0.04 0.002 0.026
0.31 -9.0 0.47 0.0605 0.0315 0.0 0.0605 0.0 0.0315
0.81 -4.2 0.407 0.051 0.0355 0.001 0.05 0.0 0.0355
0.45 -6.9 0.429 0.0535 0.0325 0.001 0.0525 0.0 0.0325
1.05 -3.3 0.399 0.041 0.029 0.0005 0.0405 0.0 0.029
0.71 -7.2 0.4235 0.045 0.029 0.0015 0.0435 0.001 0.028
1.09 -8.4 0.406 0.035 0.0265 0.0 0.035 0.0 0.0265
0.49 -8.7 0.429 0.0665 0.0415 0.0015 0.065 0.0005 0.041
0.59 -8.7 0.405 0.0445 0.0275 0.0015 0.043 0.001 0.0265
0.61 -7.2 0.405 0.046 0.025 0.0005 0.0455 0.0005 0.0245
1.15 -3.3 0.404 0.0435 0.034 0.0015 0.042 0.001 0.033
1.19 -8.4 0.387 0.035 0.026 0.0005 0.0345 0.0005 0.0255
1.33 -4.8 0.392 0.0435 0.032 0.0025 0.0415 0.0015 0.031
1.45 -4.2 0.387 0.038 0.0345 0.001 0.037 0.001 0.0335
1.33 -7.5 0.386 0.038 0.027 0.001 0.037 0.0005 0.0265
0.55 -5.4 0.427 0.057 0.035 0.001 0.056 0.0005 0.0345
1.43 -6.0 0.4045 0.043 0.0315 0.0005 0.0425 0.0 0.0315
1.17 -8.7 0.393 0.0375 0.027 0.0015 0.036 0.001 0.026
1.31 -9.0 0.379 0.036 0.0265 0.002 0.034 0.001 0.0255
0.91 -4.2 0.4085 0.051 0.0395 0.0005 0.0505 0.0005 0.039
0.55 -6.9 0.4115 0.0565 0.032 0.0015 0.055 0.001 0.031
1.43 -9.0 0.3905 0.0375 0.031 0.001 0.0375 0.001 0.031
0.55 -6.6 0.4215 0.0485 0.0315 0.0015 0.047 0.0015 0.03
1.15 -5.7 0.4 0.043 0.031 0.0005 0.0425 0.0005 0.0305
1.31 -6.0 0.3815 0.038 0.027 0.001 0.037 0.001 0.026
0.57 -8.4 0.4105 0.0515 0.0325 0.001 0.0505 0.0005 0.032
1.23 -5.4 0.403 0.039 0.028 0.002 0.037 0.0005 0.0275
0.51 -9.0 0.4075 0.0415 0.027 0.0005 0.0415 0.0 0.027
0.61 -8.7 0.408 0.0435 0.0285 0.0 0.0435 0.0 0.0285
1.23 -6.9 0.3925 0.0355 0.0245 0.0025 0.033 0.001 0.0235
0.83 -8.1 0.4145 0.034 0.025 0.0 0.034 0.0 0.025
0.45 -4.8 0.431 0.051 0.0305 0.0005 0.0505 0.0 0.0305
0.81 -6.3 0.402 0.0415 0.0275 0.0005 0.041 0.0005 0.027
0.33 -4.2 0.46 0.047 0.0265 0.0005 0.0465 0.0005 0.026
0.45 -7.5 0.429 0.0485 0.0305 0.0015 0.047 0.0005 0.03
0.51 -6.0 0.432 0.0485 0.03 0.0015 0.047 0.0005 0.0295
1.23 -6.6 0.3975 0.0335 0.0235 0.0015 0.032 0.0005 0.023
0.63 -5.7 0.414 0.05 0.031 0.002 0.048 0.0005 0.0305
1.21 -8.4 0.378 0.0435 0.0295 0.0015 0.042 0.001 0.0285
0.59 -7.2 0.4005 0.0405 0.031 0.001 0.0395 0.0005 0.0305
0.81 -5.1 0.414 0.0555 0.0415 0.0025 0.053 0.001 0.0405
0.89 -3.0 0.407 0.05 0.0355 0.002 0.048 0.001 0.0345
1.17 -7.2 0.395 0.036 0.025 0.0005 0.0355 0.0005 0.0245
0.63 -3.3 0.413 0.0505 0.036 0.002 0.0485 0.0005 0.0355
0.95 -5.1 0.4185 0.05 0.0405 0.002 0.048 0.0005 0.04
1.39 -3.3 0.399 0.0495 0.038 0.0005 0.049 0.0 0.038
1.35 -8.4 0.3755 0.0365 0.028 0.0025 0.034 0.0015 0.0265
1.41 -5.1 0.388 0.0495 0.0395 0.0 0.0495 0.0 0.0395
1.37 -6.6 0.3855 0.0395 0.03 0.0025 0.037 0.0005 0.0295
0.77 -5.7 0.412 0.0495 0.0315 0.0025 0.047 0.0015 0.03
0.51 -7.5 0.422 0.0575 0.034 0.0 0.0575 0.0 0.034
0.27 -4.2 0.4865 0.0445 0.0195 0.002 0.0425 0.001 0.0185
0.95 -6.3 0.409 0.0445 0.031 0.0015 0.043 0.001 0.03
0.51 -4.8 0.45 0.055 0.034 0.001 0.054 0.0005 0.0335
0.97 -8.1 0.3835 0.0345 0.0275 0.0015 0.033 0.001 0.0265
1.37 -6.9 0.3615 0.04 0.0285 0.0 0.04 0.0 0.0285
0.75 -8.7 0.3875 0.0405 0.026 0.001 0.0395 0.0 0.026
1.43 -8.1 0.3935 0.04 0.0295 0.0025 0.038 0.001 0.029
1.41 -6.3 0.3675 0.042 0.0315 0.0025 0.0395 0.0015 0.03
1.37 -5.4 0.398 0.0525 0.043 0.0015 0.051 0.0005 0.0425
1.03 -7.2 0.3955 0.0425 0.033 0.0 0.0425 0.0 0.033
0.77 -3.3 0.422 0.0505 0.038 0.002 0.0485 0.001 0.037
0.79 -6.6 0.3815 0.047 0.03 0.002 0.045 0.001 0.029
1.39 -5.7 0.3915 0.04 0.032 0.002 0.038 0.0015 0.0305
0.79 -5.4 0.394 0.0515 0.0355 0.0005 0.051 0.0005 0.035
1.11 -3.0 0.3955 0.0515 0.041 0.002 0.05 0.0005 0.0405
0.79 -6.9 0.3805 0.045 0.029 0.0015 0.044 0.001 0.0285
0.75 -7.2 0.398 0.0375 0.024 0.001 0.0365 0.0 0.024
1.01 -3.3 0.4305 0.038 0.031 0.0005 0.0375 0.0005 0.0305
0.71 -3.0 0.4155 0.0555 0.0405 0.0015 0.054 0.0005 0.04
0.69 -4.8 0.4035 0.0495 0.0325 0.0025 0.047 0.002 0.0305
0.69 -7.5 0.387 0.0435 0.028 0.0005 0.043 0.0005 0.0275
0.99 -7.8 0.3935 0.0495 0.0345 0.0015 0.048 0.0005 0.034
0.43 -8.4 0.43 0.0445 0.0225 0.002 0.0425 0.0 0.0225
0.37 -5.1 0.4735 0.0805 0.047 0.002 0.0785 0.001 0.046
0.41 -6.6 0.44 0.0575 0.034 0.001 0.0565 0.0005 0.0335
1.01 -5.7 0.4225 0.0345 0.0255 0.001 0.034 0.001 0.025
0.99 -4.5 0.4045 0.0455 0.033 0.0005 0.045 0.0 0.033
0.39 -3.9 0.462 0.0605 0.0355 0.0015 0.059 0.0005 0.035
0.41 -6.9 0.4415 0.059 0.035 0.0015 0.0575 0.0015 0.0335
0.85 -4.2 0.412 0.047 0.0355 0.002 0.0455 0.002 0.034
1.03 -8.7 0.4065 0.041 0.0295 0.002 0.039 0.0015 0.028
0.35 -8.1 0.468 0.0835 0.047 0.0025 0.0815 0.0025 0.045
0.37 -6.3 0.442 0.0595 0.04 0.0005 0.059 0.0 0.04
0.41 -5.4 0.466 0.056 0.034 0.0005 0.0555 0.0005 0.0335
0.39 -3.6 0.4735 0.0635 0.0395 0.002 0.0615 0.0015 0.038
1.27 -7.5 0.384 0.0425 0.034 0.001 0.0415 0.0005 0.0335
1.27 -4.8 0.392 0.053 0.0425 0.002 0.051 0.0015 0.041
0.95 -3.0 0.414 0.053 0.04 0.002 0.0515 0.002 0.0385
0.63 -8.4 0.397 0.044 0.0315 0.002 0.042 0.001 0.0305
1.21 -5.7 0.403 0.048 0.0365 0.001 0.047 0.001 0.0355
0.61 -6.6 0.4125 0.041 0.028 0.001 0.0405 0.0005 0.028
0.61 -6.9 0.414 0.0525 0.036 0.001 0.0515 0.001 0.035
1.23 -8.7 0.395 0.0295 0.0195 0.001 0.0285 0.0005 0.019
0.61 -5.4 0.43 0.051 0.037 0.0015 0.0495 0.0015 0.0355
1.07 -7.5 0.409 0.037 0.032 0.001 0.036 0.001 0.031
1.07 -4.8 0.4205 0.044 0.0315 0.0005 0.0435 0.0 0.0315
0.83 -3.9 0.4225 0.0455 0.0335 0.002 0.0435 0.0005 0.033
1.21 -3.3 0.3995 0.051 0.0365 0.0005 0.0505 0.0 0.0365
0.55 -7.2 0.4215 0.054 0.032 0.001 0.053 0.0005 0.0315
1.15 -6.0 0.396 0.0405 0.032 0.0015 0.039 0.001 0.031
0.83 -3.6 0.4115 0.0415 0.0265 0.0015 0.04 0.0 0.0265
1.29 -3.0 0.3975 0.0385 0.0275 0.0005 0.038 0.0005 0.027
0.49 -4.8 0.423 0.069 0.045 0.0015 0.0675 0.001 0.044
1.15 -9.0 0.3805 0.0375 0.026 0.0005 0.037 0.0 0.026
0.49 -7.5 0.42 0.067 0.0385 0.0005 0.0665 0.0005 0.038
0.75 -6.0 0.3925 0.0455 0.026 0.001 0.0445 0.0 0.026
0.57 -3.3 0.424 0.066 0.0415 0.0005 0.0655 0.0005 0.041
1.23 -7.2 0.389 0.029 0.0205 0.0015 0.0275 0.0015 0.019
0.81 -4.5 0.408 0.05 0.0345 0.003 0.047 0.0005 0.034
1.19 -5.7 0.399 0.046 0.035 0.002 0.044 0.002 0.033
0.59 -6.6 0.4055 0.057 0.034 0.001 0.056 0.0005 0.0335
0.81 -7.8 0.4255 0.0485 0.036 0.0015 0.047 0.0005 0.0355
0.75 -9.0 0.394 0.042 0.028 0.002 0.04 0.002 0.026
1.49 -4.2 0.357 0.0445 0.0335 0.002 0.0425 0.0015 0.032
0.59 -5.4 0.4335 0.059 0.0385 0.0015 0.0575 0.0005 0.038
0.49 -3.0 0.4405 0.06 0.04 0.0015 0.059 0.001 0.0395
0.59 -6.9 0.4025 0.0435 0.0255 0.0005 0.043 0.0005 0.025
1.19 -3.3 0.388 0.038 0.0305 0.001 0.037 0.001 0.0295
1.15 -8.4 0.3815 0.036 0.0225 0.0005 0.0355 0.0005 0.022
0.91 -6.0 0.407 0.045 0.029 0.001 0.044 0.0005 0.0285
0.57 -5.7 0.4345 0.0445 0.028 0.0005 0.044 0.0 0.028
1.17 -6.6 0.396 0.041 0.03 0.0025 0.039 0.0015 0.0285
0.71 -7.5 0.406 0.0375 0.0255 0.001 0.0365 0.001 0.0245
0.71 -4.8 0.425 0.0535 0.04 0.0015 0.0525 0.0005 0.0395
1.17 -6.9 0.397 0.035 0.029 0.001 0.034 0.0005 0.0285
0.91 -9.0 0.41 0.042 0.0315 0.001 0.041 0.0005 0.031
0.55 -8.7 0.411 0.0435 0.028 0.0005 0.043 0.0 0.028
1.17 -5.4 0.4065 0.0505 0.038 0.0015 0.0495 0.001 0.0375
0.89 -4.2 0.4065 0.0495 0.034 0.0025 0.0475 0.0015 0.033
0.39 -8.1 0.4425 0.0555 0.03 0.0015 0.054 0.0005 0.0295
0.35 -3.6 0.4855 0.057 0.039 0.001 0.056 0.001 0.038
0.95 -7.8 0.4035 0.0415 0.027 0.001 0.0405 0.0 0.027
0.95 -4.5 0.407 0.054 0.04 0.002 0.052 0.001 0.039
1.41 -7.8 0.3675 0.0415 0.0325 0.002 0.0395 0.0005 0.032
0.35 -3.9 0.478 0.059 0.0325 0.001 0.058 0.0 0.0325
0.43 -3.3 0.4315 0.0535 0.0295 0.0015 0.052 0.0005 0.029
1.37 -7.2 0.3805 0.041 0.03 0.0 0.041 0.0 0.03
1.41 -4.5 0.3885 0.0505 0.0425 0.0015 0.049 0.0015 0.041
1.03 -5.4 0.4085 0.0475 0.035 0.0005 0.047 0.0005 0.0345
1.09 -9.0 0.4085 0.036 0.027 0.002 0.0345 0.001 0.0265
0.41 -8.7 0.44 0.055 0.0345 0.0005 0.0545 0.0 0.0345
1.03 -6.9 0.399 0.042 0.0305 0.001 0.041 0.0005 0.03
1.35 -3.0 0.389 0.0425 0.0315 0.001 0.0415 0.0005 0.031
0.65 -4.8 0.407 0.0445 0.0285 0.002 0.0425 0.0015 0.027
0.65 -7.5 0.4015 0.036 0.0225 0.0005 0.0355 0.0 0.0225
1.09 -6.0 0.42 0.041 0.029 0.0015 0.0395 0.0005 0.0285
0.43 -5.7 0.44 0.055 0.03 0.001 0.054 0.0005 0.0295
1.03 -6.6 0.3985 0.041 0.032 0.0015 0.0395 0.0005 0.0315
1.01 -8.4 0.416 0.031 0.023 0.0005 0.0305 0.0005 0.0225
0.79 -7.2 0.3865 0.046 0.0315 0.0005 0.0455 0.0005 0.031
1.47 -3.0 0.3955 0.038 0.0315 0.0005 0.0375 0.0 0.0315
1.13 -4.8 0.3955 0.0385 0.0265 0.0015 0.037 0.0005 0.026
1.13 -7.5 0.387 0.039 0.027 0.0015 0.0375 0.001 0.026
0.55 -3.0 0.421 0.049 0.034 0.0035 0.0455 0.0025 0.0315
0.75 -5.4 0.4085 0.0455 0.0305 0.0015 0.044 0.0005 0.03
1.37 -8.7 0.3815 0.044 0.0315 0.003 0.041 0.0005 0.031
0.69 -9.0 0.4055 0.051 0.0315 0.0015 0.0495 0.0 0.0315
0.75 -6.9 0.3845 0.0415 0.0285 0.0015 0.04 0.0005 0.028
0.27 -3.0 0.4905 0.0425 0.021 0.001 0.0415 0.001 0.02
1.35 -5.7 0.3955 0.045 0.031 0.0005 0.0445 0.0 0.031
0.75 -6.6 0.3935 0.0365 0.02 0.0005 0.036 0.0 0.02
0.77 -8.4 0.3985 0.033 0.0225 0.0 0.033 0.0 0.0225
0.69 -6.0 0.414 0.0455 0.031 0.001 0.0445 0.001 0.03
1.43 -3.6 0.413 0.043 0.0365 0.001 0.042 0.001 0.0355
0.99 -6.3 0.3845 0.0435 0.0315 0.0 0.0435 0.0 0.0315
0.97 -3.6 0.3975 0.0375 0.029 0.001 0.0365 0.001 0.028
0.79 -8.7 0.3835 0.0375 0.0285 0.002 0.0355 0.002 0.0265
0.99 -5.1 0.402 0.0475 0.034 0.001 0.0465 0.0005 0.0335
0.37 -7.8 0.4525 0.061 0.0385 0.001 0.06 0.0005 0.038
1.43 -3.9 0.421 0.046 0.038 0.0015 0.0445 0.0015 0.0365
1.35 -3.3 0.3785 0.0475 0.0355 0.0025 0.0455 0.002 0.034
0.41 -7.2 0.438 0.0585 0.0315 0.0005 0.058 0.0 0.0315
0.37 -4.5 0.4675 0.058 0.034 0.001 0.0575 0.0005 0.0335
1.39 -8.4 0.389 0.0335 0.0225 0.0005 0.033 0.0005 0.022
0.97 -3.9 0.4095 0.0455 0.035 0.0015 0.044 0.001 0.034
0.89 -5.1 0.4135 0.045 0.031 0.0005 0.0445 0.0 0.031
0.27 -7.8 0.4645 0.05 0.021 0.0 0.05 0.0 0.021
0.51 -7.2 0.4155 0.056 0.033 0.0005 0.0555 0.0005 0.0325
1.25 -3.3 0.394 0.043 0.0285 0.0005 0.0425 0.0005 0.028
0.27 -4.5 0.4945 0.0585 0.0245 0.001 0.0575 0.0 0.0245
1.29 -8.4 0.3795 0.037 0.025 0.0 0.037 0.0 0.025
0.87 -3.9 0.4035 0.0455 0.0335 0.0 0.0455 0.0 0.0335
0.89 -6.3 0.3965 0.0445 0.0265 0.0025 0.0425 0.001 0.026
0.87 -3.6 0.399 0.0495 0.0355 0.0005 0.049 0.0 0.0355
0.69 -8.7 0.4035 0.0445 0.0305 0.0015 0.043 0.0 0.0305
1.27 -3.0 0.387 0.053 0.042 0.0015 0.0515 0.0015 0.0405
0.65 -6.6 0.4145 0.0465 0.03 0.0005 0.046 0.0005 0.0295
1.25 -5.7 0.397 0.0375 0.0265 0.001 0.037 0.0 0.0265
0.67 -8.4 0.393 0.041 0.0245 0.0015 0.0395 0.0005 0.024
1.03 -4.8 0.4035 0.0525 0.0395 0.0015 0.052 0.001 0.039
1.03 -7.5 0.4065 0.044 0.031 0.0015 0.043 0.0005 0.0305
0.65 -5.4 0.4205 0.0455 0.029 0.0015 0.044 0.0015 0.0275
1.27 -8.7 0.3825 0.0395 0.0305 0.001 0.0385 0.001 0.0295
0.65 -6.9 0.4075 0.035 0.0215 0.002 0.0335 0.0015 0.0205
1.13 -6.6 0.3805 0.034 0.0225 0.001 0.033 0.0005 0.022
0.53 -5.7 0.4105 0.05 0.0325 0.0 0.05 0.0 0.0325
1.11 -8.4 0.3815 0.04 0.027 0.0015 0.039 0.001 0.026
0.69 -7.2 0.3815 0.0435 0.0285 0.0005 0.043 0.0 0.0285
0.47 -3.0 0.409 0.0705 0.041 0.0005 0.07 0.0005 0.0405
1.13 -5.4 0.4 0.04 0.0325 0.001 0.039 0.0005 0.032
0.51 -8.7 0.4155 0.057 0.035 0.0005 0.0565 0.0 0.035
1.13 -6.9 0.3635 0.0325 0.024 0.0015 0.031 0.001 0.023
0.35 -3.0 0.485 0.0495 0.033 0.0 0.0495 0.0 0.033
0.75 -4.8 0.41 0.047 0.032 0.0 0.047 0.0 0.032
0.75 -7.5 0.4045 0.044 0.029 0.001 0.043 0.0005 0.0285
0.85 -7.8 0.399 0.0445 0.031 0.002 0.0425 0.0015 0.0295
0.85 -4.5 0.427 0.051 0.0405 0.0 0.051 0.0 0.0405
0.25 -3.9 0.498 0.042 0.0155 0.001 0.041 0.0005 0.015
1.27 -7.2 0.376 0.0435 0.0305 0.0005 0.043 0.0005 0.03
0.53 -3.3 0.4205 0.0515 0.0305 0.0005 0.051 0.0 0.0305
0.99 -4.2 0.4065 0.049 0.0365 0.002 0.047 0.0005 0.036
0.29 -8.1 0.4895 0.067 0.032 0.001 0.066 0.0 0.032
0.25 -3.6 0.501 0.039 0.016 0.0015 0.038 0.0015 0.015
0.61 -7.5 0.4225 0.0445 0.0285 0.0005 0.044 0.0005 0.028
0.61 -4.8 0.417 0.0505 0.033 0.0025 0.048 0.002 0.031
1.07 -6.9 0.402 0.041 0.0305 0.001 0.04 0.0005 0.03
0.22 -9.0 0.5835 0.016 0.0095 0.0025 0.0135 0.0025 0.007
0.45 -8.7 0.428 0.05 0.0325 0.0025 0.0475 0.0005 0.032
1.07 -5.4 0.412 0.045 0.0325 0.003 0.042 0.002 0.0305
1.09 -3.3 0.4145 0.0485 0.0385 0.0005 0.048 0.0005 0.038
1.05 -8.4 0.4015 0.0425 0.0325 0.0025 0.04 0.0015 0.031
1.07 -6.6 0.3975 0.0395 0.03 0.0015 0.038 0.001 0.029
0.22 -6.0 0.576 0.0175 0.005 0.002 0.0155 0.0005 0.0045
0.47 -5.7 0.406 0.057 0.0305 0.0005 0.0565 0.0005 0.03
0.31 -3.6 0.47 0.047 0.0275 0.002 0.045 0.001 0.0265
1.07 -6.0 0.397 0.0445 0.0285 0.0015 0.043 0.001 0.0275
0.49 -5.4 0.4435 0.072 0.0435 0.001 0.071 0.0 0.0435
1.49 -3.0 0.368 0.0395 0.03 0.0005 0.0395 0.0 0.03
0.49 -6.9 0.428 0.044 0.028 0.0005 0.0435 0.0005 0.0275
1.45 -4.5 0.3815 0.041 0.032 0.0025 0.039 0.001 0.0315
1.33 -7.2 0.396 0.039 0.029 0.001 0.038 0.0005 0.0285
0.47 -3.3 0.4145 0.069 0.041 0.0015 0.0675 0.001 0.04
1.07 -9.0 0.3865 0.0415 0.0265 0.0015 0.04 0.001 0.0255
0.31 -3.9 0.488 0.05 0.0275 0.0015 0.0485 0.0015 0.026
1.45 -7.8 0.3645 0.0365 0.027 0.001 0.0355 0.0005 0.0265
0.91 -4.5 0.4285 0.055 0.0405 0.0025 0.053 0.0015 0.0395
0.49 -6.6 0.4185 0.045 0.026 0.0005 0.045 0.0 0.026
1.09 -5.7 0.423 0.0385 0.0285 0.0005 0.038 0.0005 0.028
0.91 -7.8 0.414 0.0455 0.035 0.001 0.0445 0.0 0.035
0.22 -8.4 0.5905 0.014 0.0065 0.001 0.013 0.0005 0.006
1.49 -6.3 0.3475 0.0335 0.0265 0.0005 0.033 0.0 0.0265
0.93 -3.6 0.398 0.049 0.0385 0.003 0.047 0.002 0.037
0.29 -3.0 0.4925 0.0645 0.033 0.0005 0.064 0.0 0.033
0.59 -4.8 0.4235 0.0475 0.032 0.0015 0.0465 0.0005 0.0315
0.67 -6.0 0.3885 0.049 0.029 0.002 0.047 0.002 0.027
0.59 -7.5 0.4155 0.043 0.0295 0.0005 0.0425 0.0 0.0295
1.47 -3.6 0.3985 0.0385 0.028 0.0005 0.038 0.0005 0.0275
1.49 -5.1 0.367 0.0395 0.0315 0.001 0.0385 0.0005 0.031
0.93 -3.9 0.39 0.0415 0.03 0.001 0.041 0.0 0.03
0.67 -9.0 0.387 0.0375 0.0215 0.001 0.0365 0.001 0.0205
0.33 -4.5 0.469 0.049 0.0265 0.003 0.0465 0.001 0.026
0.45 -7.2 0.4295 0.05 0.0295 0.0005 0.0495 0.0005 0.029
1.31 -3.3 0.3875 0.0345 0.0295 0.001 0.034 0.001 0.029
1.47 -3.9 0.3985 0.041 0.0305 0.001 0.04 0.001 0.0295
0.33 -7.8 0.463 0.0625 0.0315 0.0005 0.062 0.0005 0.031
0.71 -6.9 0.416 0.0485 0.0275 0.0005 0.048 0.0005 0.027
0.83 -6.0 0.407 0.045 0.027 0.0 0.045 0.0 0.027
1.33 -8.7 0.399 0.0375 0.0275 0.0 0.0375 0.0 0.0275
0.71 -5.4 0.4335 0.047 0.033 0.0015 0.0455 0.001 0.032
1.17 -7.5 0.3995 0.0435 0.034 0.001 0.0425 0.001 0.033
1.17 -4.8 0.4035 0.0525 0.0405 0.001 0.0515 0.0005 0.04
0.73 -8.4 0.41 0.039 0.024 0.0 0.039 0.0 0.024
0.83 -9.0 0.405 0.042 0.0265 0.0015 0.0405 0.0015 0.025
0.71 -6.6 0.4045 0.041 0.0295 0.0015 0.0395 0.001 0.0285
1.31 -5.7 0.389 0.0445 0.0345 0.0035 0.041 0.0015 0.033
0.97 -4.2 0.3995 0.0465 0.036 0.0015 0.045 0.001 0.035
0.53 -6.9 0.4045 0.0575 0.0335 0.0025 0.055 0.0015 0.032
0.27 -8.1 0.4845 0.047 0.0225 0.0015 0.0455 0.001 0.0215
0.53 -3.0 0.413 0.0645 0.0395 0.001 0.0635 0.0005 0.039
1.11 -8.7 0.3985 0.0395 0.0325 0.0 0.0395 0.0 0.0325
0.53 -5.4 0.405 0.045 0.03 0.0005 0.0445 0.0 0.03
0.25 -6.3 0.5155 0.05 0.0245 0.002 0.048 0.0015 0.023
1.43 -4.2 0.418 0.0405 0.029 0.0 0.0405 0.0 0.029
1.35 -7.5 0.3755 0.0355 0.027 0.0 0.0355 0.0 0.027
1.35 -4.8 0.3815 0.0505 0.0385 0.004 0.047 0.0025 0.0365
0.51 -8.4 0.417 0.061 0.042 0.0 0.061 0.0 0.042
1.13 -5.7 0.395 0.037 0.0275 0.0 0.037 0.0 0.0275
0.53 -6.6 0.395 0.042 0.0255 0.0 0.042 0.0 0.0255
0.25 -5.1 0.518 0.043 0.019 0.0 0.043 0.0 0.019
1.29 -7.2 0.39 0.0375 0.0295 0.0005 0.037 0.0005 0.029
1.13 -3.3 0.3915 0.0475 0.0325 0.0005 0.047 0.0 0.0325
0.67 -7.2 0.3905 0.0405 0.0255 0.0005 0.04 0.0005 0.025
1.29 -8.7 0.392 0.04 0.0295 0.001 0.0395 0.001 0.029
0.65 -3.3 0.412 0.0555 0.0355 0.001 0.0545 0.0 0.0355
1.11 -7.2 0.3845 0.04 0.031 0.001 0.039 0.0005 0.0305
0.69 -8.4 0.3845 0.0415 0.0275 0.0015 0.04 0.0005 0.027
0.35 -4.2 0.483 0.0535 0.032 0.0005 0.053 0.0005 0.0315
0.43 -7.5 0.428 0.0505 0.028 0.0015 0.0495 0.0015 0.027
0.43 -4.8 0.431 0.0525 0.031 0.0005 0.052 0.0005 0.0305
0.87 -6.3 0.4075 0.0405 0.0265 0.0015 0.0395 0.0005 0.026
0.85 -8.1 0.4035 0.0385 0.028 0.002 0.0365 0.0015 0.0265
1.33 -3.0 0.3955 0.051 0.037 0.003 0.048 0.0005 0.0365
1.25 -6.9 0.3855 0.0345 0.028 0.001 0.0335 0.001 0.027
0.89 -3.6 0.4045 0.047 0.0325 0.0 0.047 0.0 0.0325
0.67 -8.7 0.3905 0.049 0.032 0.0015 0.0475 0.001 0.031
1.25 -5.4 0.3925 0.0455 0.031 0.0005 0.045 0.0005 0.0305
0.87 -5.1 0.4025 0.0435 0.036 0.0 0.0435 0.0 0.036
0.29 -7.8 0.461 0.072 0.035 0.0 0.072 0.0 0.035
0.29 -4.5 0.489 0.067 0.035 0.001 0.066 0.001 0.034
1.27 -8.4 0.381 0.043 0.0305 0.001 0.042 0.001 0.0295
0.89 -3.9 0.4105 0.0515 0.0405 0.001 0.0505 0.0005 0.04
0.65 -5.7 0.4155 0.0385 0.0265 0.001 0.0375 0.001 0.0255
1.25 -6.6 0.384 0.041 0.032 0.0 0.041 0.0 0.032
1.41 -3.0 0.378 0.0525 0.0405 0.002 0.0505 0.0015 0.039
0.73 -6.0 0.4285 0.0395 0.0265 0.0015 0.038 0.001 0.0255
0.22 -8.7 0.5915 0.0165 0.007 0.0005 0.016 0.0005 0.0065
0.71 -3.3 0.419 0.0465 0.034 0.002 0.045 0.002 0.0325
1.05 -7.2 0.387 0.0365 0.0285 0.0025 0.0345 0.001 0.0275
0.73 -9.0 0.404 0.041 0.0295 0.0005 0.0405 0.0005 0.029
1.19 -7.5 0.3755 0.0355 0.028 0.001 0.0345 0.0005 0.0275
1.19 -4.8 0.3815 0.0385 0.0265 0.001 0.0375 0.0005 0.026
1.47 -5.1 0.3985 0.04 0.033 0.001 0.039 0.0 0.033
0.71 -5.7 0.4315 0.057 0.036 0.002 0.0555 0.0 0.036
1.31 -6.6 0.384 0.035 0.0225 0.0015 0.0335 0.0 0.0225
1.33 -8.4 0.3955 0.036 0.026 0.0015 0.0345 0.0005 0.0255
0.97 -6.0 0.4095 0.032 0.022 0.0 0.032 0.0 0.022
1.49 -3.9 0.3705 0.0385 0.03 0.001 0.0375 0.0005 0.0295
0.93 -5.1 0.4005 0.0435 0.0345 0.0015 0.042 0.0005 0.034
1.47 -6.3 0.385 0.0355 0.025 0.001 0.0345 0.0005 0.0245
1.31 -5.4 0.394 0.043 0.0325 0.002 0.041 0.0005 0.032
0.73 -8.7 0.4165 0.0455 0.028 0.0 0.0455 0.0 0.028
1.45 -8.1 0.37 0.0375 0.0295 0.001 0.0365 0.0005 0.029
1.31 -6.9 0.3675 0.0385 0.0275 0.0025 0.036 0.001 0.0265
0.97 -9.0 0.379 0.037 0.026 0.0005 0.0365 0.0 0.026
0.91 -8.1 0.4075 0.0405 0.025 0.0005 0.04 0.0005 0.0245
0.93 -6.3 0.382 0.03 0.02 0.0005 0.0295 0.0 0.02
0.57 -4.8 0.4355 0.0665 0.043 0.002 0.0645 0.001 0.042
0.57 -7.5 0.421 0.047 0.0295 0.0005 0.0465 0.0005 0.029
1.49 -3.6 0.3665 0.0375 0.0245 0.003 0.0345 0.003 0.0215
0.49 -3.3 0.4405 0.052 0.032 0.0 0.052 0.0 0.032
0.31 -5.1 0.488 0.048 0.024 0.0 0.048 0.0 0.024
1.07 -5.7 0.4125 0.044 0.0335 0.002 0.0425 0.001 0.033
0.47 -6.6 0.402 0.0645 0.035 0.0005 0.064 0.0005 0.0345
0.45 -8.4 0.4285 0.067 0.0425 0.0005 0.0665 0.0005 0.042
1.21 -4.8 0.393 0.049 0.0405 0.004 0.046 0.0015 0.0395
0.22 -7.2 0.588 0.0135 0.0085 0.0005 0.013 0.0005 0.008
1.21 -7.5 0.3905 0.039 0.029 0.0 0.039 0.0 0.029
0.31 -6.3 0.4855 0.062 0.0355 0.0005 0.062 0.0005 0.0355
0.47 -5.4 0.4075 0.05 0.0265 0.0005 0.0495 0.0 0.0265
1.05 -8.7 0.398 0.036 0.0305 0.0005 0.0355 0.0005 0.03
0.33 -8.1 0.4615 0.044 0.024 0.001 0.043 0.001 0.023
0.47 -6.9 0.3935 0.0695 0.036 0.001 0.0685 0.0005 0.0355
0.83 -4.2 0.4145 0.045 0.0295 0.001 0.044 0.0 0.0295
1.07 -3.3 0.4055 0.048 0.034 0.0035 0.0445 0.0005 0.0335
0.73 -7.2 0.4155 0.038 0.0285 0.001 0.037 0.0005 0.028
0.49 -5.7 0.43 0.0635 0.036 0.0015 0.062 0.001 0.035
1.09 -6.6 0.399 0.038 0.026 0.0015 0.0365 0.0005 0.0255
1.13 -6.0 0.384 0.037 0.026 0.0015 0.036 0.001 0.0255
1.09 -6.9 0.3965 0.0405 0.028 0.0015 0.039 0.0015 0.0265
1.09 -5.4 0.4195 0.0445 0.0365 0.0015 0.0435 0.001 0.036
1.13 -9.0 0.376 0.0385 0.03 0.003 0.036 0.003 0.0275
0.61 -6.0 0.413 0.0425 0.028 0.001 0.0415 0.001 0.027
1.19 -6.9 0.3815 0.036 0.0245 0.0005 0.0355 0.0 0.0245
1.19 -5.4 0.404 0.04 0.033 0.0005 0.0395 0.0005 0.0325
0.63 -7.2 0.4085 0.0545 0.037 0.0005 0.054 0.0005 0.0365
1.17 -3.3 0.405 0.059 0.045 0.003 0.056 0.002 0.043
1.19 -6.6 0.376 0.0395 0.028 0.0005 0.039 0.0005 0.0275
0.61 -9.0 0.414 0.0495 0.029 0.0015 0.048 0.0005 0.0285
0.59 -5.7 0.4065 0.044 0.03 0.0 0.044 0.0 0.03
1.31 -4.8 0.3865 0.0405 0.032 0.0025 0.0385 0.0015 0.031
0.85 -6.0 0.4165 0.036 0.028 0.0015 0.0345 0.001 0.027
1.31 -7.5 0.372 0.0355 0.026 0.001 0.0345 0.0005 0.0255
1.47 -4.2 0.387 0.041 0.0295 0.001 0.0405 0.001 0.029
0.57 -5.4 0.442 0.0515 0.032 0.0015 0.05 0.0 0.032
1.15 -8.7 0.381 0.038 0.028 0.001 0.037 0.0 0.028
0.57 -6.9 0.4075 0.036 0.0175 0.0005 0.0355 0.0005 0.017
0.93 -4.2 0.3925 0.0355 0.0255 0.0005 0.0355 0.0005 0.0255
0.85 -9.0 0.414 0.033 0.0215 0.001 0.0325 0.0 0.0215
0.59 -3.3 0.4445 0.054 0.0375 0.0 0.054 0.0 0.0375
0.57 -6.6 0.425 0.049 0.0275 0.001 0.048 0.0 0.0275
1.17 -5.7 0.41 0.0445 0.033 0.0015 0.0435 0.001 0.0325
0.55 -8.4 0.424 0.051 0.0335 0.0 0.051 0.0 0.0335
1.21 -5.4 0.387 0.0505 0.035 0.0015 0.049 0.0 0.035
0.63 -8.7 0.4105 0.0495 0.032 0.002 0.0475 0.0005 0.0315
1.21 -6.9 0.383 0.0405 0.0275 0.0015 0.039 0.0015 0.026
0.81 -8.1 0.4165 0.048 0.034 0.001 0.047 0.001 0.033
0.83 -6.3 0.407 0.0355 0.0215 0.0 0.0355 0.0 0.0215
0.47 -4.8 0.4165 0.067 0.041 0.002 0.065 0.002 0.039
0.47 -7.5 0.3935 0.0635 0.035 0.0015 0.062 0.001 0.034
0.31 -4.2 0.474 0.065 0.035 0.0025 0.0625 0.001 0.034
1.21 -6.6 0.3855 0.0425 0.0295 0.002 0.0405 0.001 0.0285
0.61 -5.7 0.4105 0.045 0.0265 0.001 0.044 0.0005 0.026
1.23 -8.4 0.391 0.033 0.026 0.0005 0.0325 0.0005 0.0255
0.83 -5.1 0.4175 0.0455 0.0295 0.0025 0.043 0.0015 0.028
1.01 -6.0 0.424 0.034 0.0265 0.0005 0.0335 0.0 0.0265
1.09 -7.5 0.4125 0.0335 0.0255 0.0015 0.032 0.001 0.0245
1.09 -4.8 0.4155 0.0475 0.035 0.0015 0.046 0.0005 0.0345
1.01 -9.0 0.411 0.029 0.0235 0.001 0.028 0.001 0.0225
1.15 -7.2 0.3955 0.0395 0.0275 0.0025 0.037 0.0005 0.027
0.61 -3.3 0.4325 0.049 0.0365 0.001 0.048 0.0005 0.036
0.97 -5.1 0.4095 0.0445 0.0315 0.0005 0.044 0.0 0.0315
0.39 -7.8 0.4505 0.071 0.042 0.001 0.07 0.0005 0.0415
0.39 -4.5 0.4735 0.058 0.038 0.0015 0.0565 0.001 0.037
1.37 -8.4 0.3835 0.0435 0.0315 0.0005 0.043 0.0005 0.031
0.99 -3.9 0.394 0.0445 0.033 0.001 0.0435 0.0 0.033
1.35 -6.6 0.3795 0.0385 0.03 0.002 0.037 0.002 0.0285
0.75 -5.7 0.4195 0.042 0.03 0.001 0.041 0.0005 0.0295
1.43 -5.1 0.421 0.043 0.0325 0.002 0.041 0.0005 0.032
0.41 -3.0 0.4535 0.055 0.0335 0.001 0.054 0.0 0.0335
0.25 -4.2 0.51 0.0435 0.0245 0.003 0.0405 0.0015 0.023
0.53 -7.5 0.3995 0.0615 0.038 0.0015 0.06 0.001 0.037
0.53 -4.8 0.397 0.055 0.036 0.0005 0.0545 0.0 0.036
0.97 -6.3 0.398 0.0315 0.023 0.0005 0.031 0.0 0.023
0.95 -8.1 0.396 0.0425 0.0255 0.001 0.0415 0.0005 0.025
0.33 -3.0 0.459 0.0645 0.0365 0.0015 0.063 0.0005 0.036
1.35 -6.9 0.3675 0.0395 0.028 0.001 0.0385 0.0 0.028
0.99 -3.6 0.3985 0.0515 0.0395 0.001 0.0505 0.0 0.0395
1.41 -8.1 0.372 0.0405 0.035 0.001 0.04 0.001 0.0345
0.77 -8.7 0.415 0.0395 0.0235 0.002 0.0375 0.001 0.0225
1.35 -5.4 0.3895 0.045 0.037 0.001 0.044 0.001 0.036
1.43 -6.3 0.3935 0.04 0.0295 0.0005 0.0395 0.0005 0.029
1.01 -7.2 0.407 0.0345 0.025 0.002 0.0325 0.001 0.024
0.75 -3.3 0.417 0.048 0.033 0.0005 0.0475 0.0005 0.0325
0.99 -9.0 0.394 0.0435 0.0285 0.0015 0.0425 0.001 0.028
0.79 -8.4 0.3855 0.0435 0.03 0.001 0.0425 0.001 0.029
1.39 -8.7 0.385 0.0345 0.026 0.002 0.0325 0.002 0.024
0.99 -6.0 0.3965 0.0435 0.034 0.002 0.0415 0.0005 0.0335
0.77 -7.2 0.412 0.0395 0.024 0.0015 0.038 0.001 0.023
1.03 -3.3 0.396 0.051 0.037 0.0015 0.0495 0.0005 0.0365
1.21 -3.0 0.3925 0.054 0.0405 0.003 0.0515 0.001 0.0395
0.41 -8.4 0.444 0.0695 0.038 0.001 0.0685 0.001 0.037
0.43 -6.6 0.4335 0.0485 0.0265 0.0 0.0485 0.0 0.0265
1.03 -5.7 0.4205 0.054 0.044 0.001 0.053 0.0005 0.0435
0.35 -5.1 0.4795 0.076 0.04 0.002 0.074 0.001 0.039
1.39 -7.2 0.395 0.035 0.0265 0.0015 0.0335 0.001 0.0255
0.87 -4.2 0.4 0.0445 0.0335 0.0005 0.044 0.0 0.0335
0.43 -6.9 0.429 0.047 0.025 0.0 0.047 0.0 0.025
0.37 -8.1 0.4465 0.07 0.0405 0.0015 0.0685 0.0015 0.039
1.01 -8.7 0.4145 0.0315 0.024 0.001 0.0305 0.001 0.023
0.43 -5.4 0.449 0.0635 0.032 0.001 0.063 0.001 0.0315
0.35 -6.3 0.4695 0.0565 0.0265 0.0005 0.056 0.0 0.0265
1.25 -7.5 0.3815 0.0365 0.0265 0.001 0.0355 0.0 0.0265
1.25 -4.8 0.4 0.047 0.0335 0.0025 0.0445 0.0025 0.031
0.61 -8.4 0.4165 0.0395 0.0285 0.001 0.0385 0.001 0.0275
0.79 -3.0 0.4015 0.055 0.0365 0.0015 0.0535 0.0005 0.036
1.23 -5.7 0.4065 0.0405 0.032 0.003 0.0375 0.002 0.03
0.63 -6.6 0.4135 0.049 0.031 0.002 0.047 0.001 0.03
0.45 -9.0 0.423 0.0505 0.0335 0.0005 0.05 0.0 0.0335
1.19 -7.2 0.4025 0.0375 0.028 0.001 0.037 0.001 0.0275
0.37 -6.0 0.448 0.0565 0.033 0.0015 0.055 0.0005 0.0325
0.63 -6.9 0.3935 0.055 0.036 0.001 0.054 0.0005 0.0355
1.21 -8.7 0.393 0.042 0.0335 0.0005 0.0415 0.0 0.0335
0.63 -5.4 0.4105 0.047 0.0325 0.001 0.046 0.0005 0.032
1.05 -7.5 0.395 0.038 0.029 0.0005 0.0375 0.0005 0.0285
0.45 -6.0 0.429 0.049 0.0285 0.0015 0.0475 0.001 0.0275
1.05 -4.8 0.3985 0.041 0.0295 0.0035 0.0375 0.002 0.0275
0.37 -9.0 0.446 0.076 0.0445 0.0005 0.0755 0.0005 0.044
0.81 -3.9 0.41 0.057 0.038 0.001 0.056 0.0 0.038
1.23 -3.3 0.4035 0.0475 0.0345 0.001 0.0465 0.0005 0.034
0.57 -7.2 0.415 0.0385 0.0225 0.0015 0.037 0.0005 0.022
0.81 -3.6 0.408 0.053 0.0385 0.0015 0.0515 0.0005 0.038
0.55 -3.3 0.4345 0.054 0.04 0.001 0.053 0.0005 0.0395
1.21 -7.2 0.386 0.047 0.035 0.003 0.044 0.0005 0.0345
0.22 -7.5 0.5615 0.019 0.0065 0.0005 0.0185 0.0 0.0065
0.22 -4.8 0.5785 0.016 0.009 0.0015 0.0145 0.001 0.008
0.83 -4.5 0.413 0.0485 0.0365 0.0015 0.047 0.0005 0.036
0.59 -8.4 0.4145 0.0425 0.0275 0.001 0.0415 0.0 0.0275
0.83 -7.8 0.409 0.032 0.0245 0.0 0.032 0.0 0.0245
1.19 -8.7 0.397 0.0345 0.026 0.0005 0.034 0.0005 0.0255
1.25 -9.0 0.391 0.0395 0.028 0.0015 0.038 0.0015 0.0265
1.17 -8.4 0.4 0.038 0.028 0.0005 0.0375 0.0 0.028
0.55 -5.7 0.4205 0.047 0.0295 0.0005 0.0465 0.0 0.0295
1.15 -6.6 0.3775 0.0445 0.033 0.0025 0.042 0.0015 0.0315
1.19 -3.0 0.3915 0.042 0.0325 0.0025 0.0395 0.002 0.0305
0.73 -7.5 0.411 0.043 0.029 0.001 0.042 0.001 0.028
0.73 -4.8 0.4325 0.0435 0.0305 0.002 0.042 0.0015 0.029
1.25 -6.0 0.411 0.04 0.032 0.0015 0.0385 0.0005 0.0315
1.15 -6.9 0.3975 0.033 0.025 0.0005 0.0325 0.0005 0.0245
0.57 -8.7 0.41 0.0405 0.0205 0.0 0.0405 0.0 0.0205
1.15 -5.4 0.3875 0.0485 0.0355 0.002 0.0465 0.0005 0.035
0.39 -6.3 0.446 0.0685 0.041 0.0005 0.068 0.0 0.041
0.59 -6.0 0.4135 0.0555 0.036 0.0005 0.055 0.0005 0.0355
0.37 -3.6 0.4665 0.0685 0.041 0.0015 0.067 0.0015 0.0395
1.29 -7.5 0.3795 0.035 0.0235 0.0015 0.0335 0.0005 0.023
1.29 -4.8 0.396 0.0405 0.0335 0.0015 0.0395 0.001 0.033
0.97 -7.8 0.399 0.035 0.023 0.002 0.033 0.0005 0.0225
0.39 -5.1 0.471 0.0685 0.045 0.0005 0.068 0.0 0.045
0.59 -9.0 0.409 0.0465 0.0275 0.0005 0.046 0.0 0.0275
0.97 -4.5 0.399 0.0395 0.03 0.001 0.0385 0.0005 0.0295
1.43 -7.8 0.4005 0.038 0.031 0.0005 0.0375 0.0005 0.0305
0.37 -3.9 0.4645 0.062 0.0375 0.002 0.06 0.0015 0.036
1.43 -4.5 0.4165 0.044 0.036 0.002 0.042 0.001 0.035
0.41 -3.3 0.461 0.0705 0.0435 0.0005 0.07 0.0005 0.043
1.35 -7.2 0.3735 0.041 0.029 0.0025 0.0385 0.0015 0.0275
0.65 -3.0 0.4155 0.048 0.031 0.004 0.044 0.0025 0.0285
1.01 -5.4 0.418 0.038 0.0305 0.001 0.037 0.0005 0.03
0.43 -8.7 0.4275 0.0465 0.025 0.001 0.0455 0.001 0.024
1.01 -6.9 0.419 0.031 0.0215 0.002 0.029 0.001 0.0205
0.67 -4.8 0.388 0.055 0.036 0.0005 0.0545 0.0005 0.0355
0.67 -7.5 0.384 0.0465 0.0295 0.0005 0.046 0.0 0.0295
0.81 -3.0 0.4135 0.0545 0.0345 0.0015 0.053 0.0015 0.033
0.41 -5.7 0.449 0.056 0.032 0.001 0.055 0.0005 0.0315
1.01 -6.6 0.4155 0.032 0.0245 0.0 0.032 0.0 0.0245
1.03 -8.4 0.4015 0.042 0.0285 0.0015 0.041 0.0 0.0285
1.11 -4.8 0.3995 0.055 0.043 0.002 0.0535 0.0015 0.042
1.11 -7.5 0.375 0.042 0.031 0.0 0.042 0.0 0.031
0.77 -5.4 0.409 0.038 0.028 0.0 0.038 0.0 0.028
1.35 -8.7 0.3765 0.0365 0.0285 0.0005 0.036 0.0005 0.028
0.77 -6.9 0.396 0.0415 0.027 0.0005 0.041 0.0 0.027
0.79 -3.3 0.3995 0.06 0.041 0.0025 0.058 0.0015 0.04
1.37 -5.7 0.3975 0.048 0.037 0.002 0.046 0.001 0.036
0.77 -6.6 0.4155 0.035 0.02 0.0025 0.0325 0.0015 0.0185
0.75 -8.4 0.4015 0.036 0.023 0.0015 0.0345 0.001 0.022
1.41 -3.6 0.3785 0.0505 0.0395 0.0015 0.049 0.0 0.0395
0.29 -4.2 0.4815 0.065 0.0295 0.002 0.063 0.0015 0.028
0.99 -8.1 0.393 0.0465 0.035 0.0005 0.046 0.0005 0.0345
1.39 -6.9 0.3865 0.0355 0.025 0.0015 0.0345 0.0005 0.025
0.95 -3.6 0.415 0.0525 0.0385 0.001 0.0515 0.001 0.0375
1.39 -6.0 0.3865 0.034 0.023 0.002 0.032 0.0015 0.0215
1.39 -5.4 0.391 0.0405 0.032 0.002 0.039 0.0005 0.032
1.05 -3.0 0.404 0.04 0.0305 0.0015 0.0385 0.001 0.0295
0.35 -7.8 0.4525 0.059 0.032 0.0 0.059 0.0 0.032
1.41 -3.9 0.3765 0.047 0.0385 0.002 0.045 0.0015 0.037
0.35 -4.5 0.4915 0.072 0.046 0.0025 0.0695 0.0015 0.0445
1.37 -3.3 0.393 0.052 0.0415 0.0025 0.05 0.0015 0.04
0.43 -7.2 0.419 0.0515 0.0245 0.002 0.0495 0.001 0.0235
1.39 -9.0 0.3765 0.036 0.027 0.0005 0.0355 0.0 0.027
0.95 -3.9 0.4155 0.0515 0.041 0.0005 0.051 0.0005 0.0405
0.79 -5.7 0.398 0.051 0.0345 0.001 0.0505 0.001 0.034
1.39 -6.6 0.3835 0.036 0.026 0.002 0.034 0.001 0.025
0.25 -7.8 0.518 0.049 0.0205 0.001 0.048 0.0005 0.02
0.25 -4.5 0.5235 0.05 0.0225 0.001 0.049 0.0 0.0225
0.53 -7.2 0.405 0.045 0.027 0.001 0.044 0.001 0.026
1.27 -3.3 0.39 0.0495 0.0365 0.001 0.0485 0.001 0.0355
0.39 -9.0 0.459 0.0485 0.0275 0.0 0.0485 0.0 0.0275
0.85 -3.9 0.4145 0.0485 0.0325 0.001 0.0475 0.0 0.0325
1.29 -6.6 0.3795 0.039 0.027 0.0015 0.0375 0.001 0.026
0.69 -5.7 0.415 0.053 0.0375 0.0015 0.0515 0.001 0.0365
0.39 -4.2 0.468 0.0725 0.044 0.002 0.0705 0.001 0.043
0.89 -8.1 0.4005 0.0485 0.034 0.001 0.0475 0.001 0.033
0.77 -3.0 0.416 0.0475 0.029 0.002 0.046 0.0015 0.0275
1.29 -6.9 0.383 0.037 0.031 0.0015 0.0355 0.001 0.03
0.85 -3.6 0.416 0.0485 0.0355 0.0015 0.047 0.001 0.0345
0.39 -6.0 0.4405 0.07 0.041 0.0015 0.0685 0.0005 0.0405
1.29 -5.4 0.394 0.045 0.0355 0.0005 0.045 0.0005 0.0355
0.69 -3.3 0.413 0.049 0.0335 0.001 0.048 0.0005 0.033
0.67 -6.6 0.385 0.04 0.0255 0.0015 0.0385 0.001 0.0245
1.27 -5.7 0.3945 0.043 0.0315 0.001 0.042 0.0005 0.031
0.65 -8.4 0.408 0.045 0.029 0.002 0.043 0.002 0.027
1.01 -4.8 0.4235 0.042 0.03 0.001 0.041 0.0005 0.0295
1.01 -7.5 0.4115 0.0315 0.0205 0.0015 0.03 0.0005 0.02
0.67 -5.4 0.3935 0.053 0.036 0.001 0.052 0.001 0.035
1.25 -8.7 0.3955 0.0345 0.027 0.0015 0.033 0.001 0.026
0.93 -3.0 0.3955 0.0445 0.035 0.001 0.0435 0.0005 0.0345
0.67 -6.9 0.3945 0.043 0.027 0.002 0.041 0.0 0.027
1.11 -6.6 0.3865 0.0425 0.0315 0.001 0.0415 0.001 0.0305
0.51 -5.7 0.4225 0.057 0.0355 0.002 0.055 0.001 0.0345
1.13 -8.4 0.366 0.033 0.021 0.001 0.032 0.0005 0.0205
1.11 -5.4 0.4045 0.0505 0.0345 0.0015 0.049 0.0005 0.034
0.53 -8.7 0.4055 0.0565 0.032 0.001 0.0555 0.0005 0.0315
1.11 -6.9 0.3785 0.045 0.031 0.002 0.043 0.0015 0.0295
0.77 -4.8 0.4135 0.0465 0.0345 0.001 0.0455 0.0005 0.034
0.77 -7.5 0.413 0.031 0.0225 0.0015 0.03 0.0005 0.0225
0.87 -7.8 0.3875 0.0455 0.0345 0.001 0.045 0.001 0.034
0.29 -5.1 0.493 0.063 0.0355 0.002 0.061 0.0015 0.034
0.87 -4.5 0.4 0.048 0.0355 0.0025 0.0455 0.002 0.0335
0.27 -3.9 0.4945 0.0445 0.02 0.0005 0.044 0.0 0.02
1.25 -7.2 0.3815 0.037 0.028 0.0015 0.0355 0.001 0.027
0.51 -3.3 0.431 0.058 0.0335 0.0015 0.0565 0.0005 0.033
0.29 -6.3 0.4725 0.066 0.0355 0.0005 0.0655 0.0005 0.035
0.27 -3.6 0.49 0.058 0.029 0.002 0.0565 0.0015 0.028
1.17 -3.0 0.406 0.053 0.0405 0.001 0.052 0.0005 0.04
1.39 -7.5 0.371 0.0375 0.026 0.0025 0.035 0.0015 0.0245
1.39 -4.8 0.401 0.0405 0.03 0.001 0.0395 0.0 0.03
0.57 -9.0 0.41 0.0435 0.025 0.0015 0.042 0.0005 0.0245
0.63 -7.5 0.3995 0.045 0.0295 0.001 0.044 0.001 0.0285
0.63 -4.8 0.4185 0.052 0.032 0.0015 0.0505 0.0005 0.0315
0.25 -6.0 0.5165 0.0425 0.0185 0.0015 0.041 0.0 0.0185
1.05 -6.9 0.389 0.036 0.027 0.0005 0.0355 0.0 0.027
0.47 -8.7 0.385 0.0555 0.0305 0.0015 0.054 0.001 0.0295
1.05 -5.4 0.392 0.041 0.026 0.0005 0.0405 0.0 0.026
0.57 -6.0 0.415 0.0375 0.021 0.0 0.0375 0.0 0.021
0.25 -9.0 0.5135 0.0485 0.0235 0.002 0.0465 0.0005 0.023
1.07 -8.4 0.387 0.042 0.028 0.001 0.041 0.0 0.028
1.05 -6.6 0.389 0.0375 0.026 0.002 0.036 0.0005 0.026
0.45 -5.7 0.438 0.065 0.0365 0.0005 0.0645 0.0 0.0365
0.33 -3.6 0.464 0.071 0.0445 0.002 0.069 0.002 0.0425
1.09 -8.7 0.4 0.0355 0.0265 0.0015 0.034 0.0015 0.025
1.31 -7.2 0.3775 0.0385 0.028 0.0015 0.037 0.0015 0.0265
0.45 -3.3 0.438 0.06 0.0415 0.003 0.057 0.0025 0.039
1.47 -4.5 0.3945 0.0415 0.033 0.0015 0.04 0.001 0.032
0.33 -3.9 0.463 0.0485 0.027 0.001 0.0475 0.0005 0.0265
1.47 -7.8 0.386 0.035 0.022 0.0015 0.0335 0.0005 0.0215
0.93 -4.5 0.397 0.045 0.0325 0.0015 0.0435 0.0 0.0325
0.49 -8.4 0.44 0.044 0.03 0.001 0.043 0.001 0.029
0.93 -7.8 0.385 0.035 0.0245 0.0005 0.035 0.0 0.0245
1.49 -8.1 0.3545 0.0335 0.024 0.0025 0.0315 0.002 0.0225
0.22 -6.6 0.5865 0.0175 0.0065 0.004 0.0135 0.002 0.0045
0.91 -3.6 0.4065 0.0545 0.0375 0.0025 0.053 0.0015 0.037
1.45 -3.6 0.3925 0.0425 0.0335 0.0005 0.042 0.0 0.0335
0.22 -6.9 0.5855 0.012 0.008 0.0005 0.0115 0.0005 0.0075
0.91 -3.9 0.4175 0.0545 0.034 0.002 0.0525 0.0015 0.0325
0.22 -5.4 0.5815 0.022 0.009 0.0015 0.0205 0.0005 0.0085
0.47 -7.2 0.398 0.0655 0.037 0.0005 0.065 0.0 0.037
1.33 -3.3 0.393 0.0475 0.0345 0.0045 0.0435 0.001 0.0335
0.31 -4.5 0.475 0.0515 0.0255 0.0005 0.051 0.0 0.0255
1.45 -3.9 0.3895 0.043 0.0335 0.0005 0.0425 0.0005 0.033
0.31 -7.8 0.4705 0.0705 0.0365 0.002 0.0685 0.0015 0.035
0.73 -6.9 0.4115 0.047 0.029 0.002 0.045 0.001 0.028
1.31 -8.7 0.379 0.0335 0.0235 0.0015 0.032 0.0005 0.023
0.73 -5.4 0.4235 0.0465 0.0315 0.001 0.0455 0.0005 0.031
1.15 -7.5 0.388 0.039 0.0295 0.0005 0.0385 0.0 0.0295
1.45 -6.0 0.381 0.04 0.032 0.001 0.039 0.0005 0.0315
1.15 -4.8 0.399 0.0415 0.0335 0.0025 0.0395 0.0 0.0335
1.37 -9.0 0.386 0.0415 0.0335 0.0025 0.039 0.002 0.0315
0.71 -8.4 0.4195 0.0495 0.0345 0.001 0.0485 0.0005 0.034
0.73 -6.6 0.4155 0.048 0.0325 0.0015 0.047 0.001 0.032
1.33 -5.7 0.41 0.0455 0.0345 0.0005 0.045 0.0005 0.034
1.45 -9.0 0.3695 0.0355 0.026 0.0 0.0355 0.0 0.026
1.09 -7.2 0.3965 0.035 0.0255 0.0015 0.0335 0.0005 0.025
1.37 -6.0 0.379 0.048 0.0365 0.002 0.046 0.0015 0.035
1.09 -8.1 0.4005 0.032 0.0235 0.0 0.032 0.0 0.0235
1.05 -3.6 0.3945 0.0405 0.0265 0.002 0.039 0.001 0.026
0.71 -4.5 0.418 0.0495 0.033 0.003 0.0465 0.0025 0.0305
1.05 -3.9 0.4035 0.039 0.0285 0.0015 0.0375 0.0005 0.028
0.71 -7.8 0.416 0.0375 0.0275 0.0015 0.036 0.001 0.0265
0.33 -6.9 0.443 0.041 0.018 0.0 0.041 0.0 0.018
0.81 -7.5 0.41 0.049 0.0325 0.0015 0.048 0.001 0.032
0.47 -8.1 0.402 0.0475 0.025 0.0005 0.047 0.0 0.025
0.45 -6.3 0.427 0.064 0.0375 0.0015 0.0625 0.0005 0.037
0.81 -4.8 0.4155 0.043 0.032 0.0015 0.0415 0.0005 0.0315
0.33 -5.4 0.4665 0.0505 0.03 0.002 0.049 0.002 0.0285
0.31 -3.0 0.4755 0.0455 0.0225 0.0015 0.044 0.0 0.0225
1.23 -4.2 0.411 0.04 0.034 0.001 0.0395 0.001 0.0335
0.31 -8.4 0.474 0.045 0.02 0.001 0.044 0.0005 0.0195
0.45 -5.1 0.4445 0.048 0.031 0.001 0.047 0.001 0.03
0.43 -3.0 0.4355 0.0565 0.033 0.0005 0.056 0.0 0.033
0.33 -6.6 0.4555 0.061 0.031 0.0005 0.061 0.0005 0.031
1.49 -7.2 0.3525 0.037 0.027 0.0005 0.0365 0.0005 0.0265
0.91 -6.9 0.393 0.0465 0.0315 0.0025 0.0445 0.0015 0.0305
0.55 -4.2 0.4225 0.0495 0.036 0.0025 0.047 0.0015 0.0345
0.22 -3.9 0.557 0.0175 0.008 0.0025 0.015 0.0005 0.0075
0.91 -5.4 0.4315 0.048 0.04 0.0005 0.0475 0.0005 0.0395
1.45 -6.9 0.3675 0.039 0.0295 0.001 0.038 0.0005 0.029
1.31 -8.1 0.3715 0.0385 0.025 0.001 0.038 0.0005 0.025
1.33 -6.3 0.3895 0.036 0.0295 0.001 0.035 0.0 0.0295
1.45 -5.4 0.376 0.0415 0.029 0.0015 0.04 0.001 0.028
0.91 -6.6 0.405 0.0465 0.0305 0.002 0.045 0.002 0.029
0.93 -8.4 0.3835 0.038 0.027 0.001 0.037 0.0005 0.0265
0.49 -7.8 0.4255 0.0675 0.043 0.0005 0.067 0.0 0.043
0.49 -4.5 0.439 0.0495 0.032 0.001 0.0485 0.001 0.031
0.22 -3.6 0.5705 0.018 0.009 0.0005 0.0175 0.0005 0.0085
1.47 -8.4 0.386 0.034 0.024 0.001 0.033 0.0005 0.0235
1.33 -5.1 0.4115 0.046 0.034 0.0005 0.0455 0.0005 0.0335
1.45 -6.6 0.378 0.038 0.0275 0.0015 0.0365 0.0005 0.027
1.23 -3.0 0.4035 0.045 0.0355 0.001 0.044 0.0005 0.035
0.73 -3.6 0.429 0.043 0.033 0.0015 0.0415 0.001 0.032
1.49 -8.7 0.3485 0.04 0.0295 0.0005 0.0395 0.0 0.0295
1.07 -4.5 0.412 0.051 0.039 0.0005 0.0505 0.0005 0.0385
0.73 -3.9 0.416 0.046 0.032 0.0025 0.0435 0.001 0.031
1.07 -7.8 0.3975 0.04 0.0265 0.002 0.038 0.0015 0.025
1.27 -5.1 0.394 0.052 0.0415 0.0 0.052 0.0 0.0415
1.29 -3.9 0.3945 0.0425 0.0315 0.0015 0.0415 0.001 0.031
0.87 -8.4 0.3885 0.0375 0.026 0.0005 0.037 0.0 0.026
0.85 -6.6 0.409 0.0395 0.0275 0.004 0.036 0.002 0.026
0.87 -9.0 0.4035 0.0415 0.0325 0.0015 0.04 0.0015 0.031
1.27 -6.3 0.3815 0.041 0.0295 0.001 0.041 0.001 0.0295
1.25 -8.1 0.3765 0.0375 0.026 0.002 0.0355 0.0005 0.0255
0.37 -4.8 0.4725 0.057 0.0375 0.0005 0.057 0.0005 0.0375
0.85 -5.4 0.4195 0.05 0.0365 0.0005 0.0495 0.0 0.0365
0.41 -4.2 0.4565 0.07 0.0415 0.0005 0.0695 0.0 0.0415
0.87 -6.0 0.406 0.0405 0.0295 0.0015 0.039 0.0005 0.029
0.85 -6.9 0.406 0.036 0.024 0.001 0.035 0.0005 0.0235
0.37 -7.5 0.445 0.074 0.0445 0.002 0.072 0.001 0.0435
1.29 -3.6 0.4 0.047 0.0385 0.0015 0.0455 0.0005 0.038
0.69 -5.1 0.4055 0.046 0.0315 0.0 0.046 0.0 0.0315
0.63 -9.0 0.3955 0.0475 0.031 0.0005 0.047 0.0 0.031
0.67 -3.9 0.394 0.0545 0.0345 0.003 0.0525 0.001 0.034
1.13 -7.8 0.3875 0.0385 0.023 0.0005 0.038 0.0005 0.0225
1.13 -4.5 0.4005 0.046 0.035 0.0025 0.044 0.001 0.034
0.69 -6.3 0.394 0.0465 0.0305 0.001 0.046 0.001 0.03
0.63 -6.0 0.409 0.0565 0.0395 0.001 0.0555 0.0 0.0395
0.67 -3.6 0.404 0.0515 0.035 0.0005 0.051 0.0 0.035
0.89 -8.7 0.391 0.036 0.025 0.0 0.036 0.0 0.025
1.11 -3.9 0.398 0.0505 0.0375 0.002 0.049 0.0015 0.0365
0.65 -7.8 0.408 0.0485 0.028 0.0015 0.047 0.0 0.028
0.65 -4.5 0.4085 0.0475 0.0305 0.0025 0.045 0.0005 0.03
1.03 -9.0 0.4085 0.044 0.0345 0.0025 0.0415 0.0015 0.033
0.29 -5.7 0.473 0.054 0.0265 0.0025 0.0515 0.0015 0.025
1.11 -3.6 0.3975 0.045 0.0345 0.002 0.043 0.0005 0.034
0.79 -4.2 0.3935 0.053 0.0375 0.001 0.052 0.001 0.0365
1.03 -6.0 0.407 0.047 0.036 0.001 0.046 0.0005 0.0355
0.29 -3.3 0.4895 0.0545 0.029 0.002 0.0525 0.001 0.028
0.89 -7.2 0.397 0.0395 0.025 0.001 0.0385 0.0005 0.0245
0.27 -6.6 0.495 0.0595 0.0285 0.001 0.0585 0.0 0.0285
0.51 -5.1 0.4375 0.0555 0.03 0.0005 0.055 0.0005 0.0295
0.25 -8.4 0.514 0.041 0.017 0.0005 0.0405 0.0 0.017
1.41 -4.8 0.3775 0.047 0.0375 0.001 0.0465 0.0 0.0375
1.37 -4.2 0.3855 0.0515 0.039 0.0025 0.05 0.0015 0.038
1.41 -7.5 0.3565 0.041 0.0325 0.0005 0.0405 0.0005 0.032
0.27 -5.4 0.501 0.0655 0.0305 0.0005 0.065 0.0005 0.03
0.95 -4.8 0.398 0.0535 0.039 0.0005 0.053 0.0005 0.0385
0.51 -6.3 0.4255 0.0415 0.0265 0.001 0.0405 0.0005 0.026
0.53 -8.1 0.4 0.045 0.027 0.0015 0.0435 0.0005 0.0265
0.95 -7.5 0.4035 0.0425 0.0315 0.001 0.0415 0.0005 0.031
0.27 -6.9 0.4875 0.045 0.0225 0.0005 0.0445 0.0005 0.022
1.27 -4.2 0.398 0.0535 0.042 0.0005 0.053 0.0005 0.0415
0.95 -9.0 0.4015 0.0445 0.0265 0.0 0.0445 0.0 0.0265
0.37 -5.4 0.4705 0.075 0.045 0.002 0.074 0.0 0.045
0.85 -4.8 0.4155 0.05 0.038 0.0015 0.0485 0.001 0.037
0.41 -6.3 0.4625 0.057 0.034 0.002 0.0555 0.001 0.033
0.43 -8.1 0.438 0.057 0.0285 0.0 0.057 0.0 0.0285
0.85 -7.5 0.4015 0.0355 0.025 0.0015 0.034 0.001 0.024
0.37 -6.9 0.457 0.064 0.041 0.0005 0.0635 0.0005 0.0405
0.39 -3.3 0.459 0.0555 0.0315 0.0025 0.0535 0.001 0.0305
0.95 -6.0 0.4095 0.0445 0.0265 0.0005 0.044 0.0005 0.026
0.99 -7.2 0.3935 0.0385 0.0275 0.0 0.0385 0.0 0.0275
0.37 -6.6 0.4475 0.0705 0.0445 0.001 0.0695 0.0005 0.044
0.41 -5.1 0.4555 0.056 0.0295 0.0015 0.0545 0.001 0.0285
0.35 -8.4 0.465 0.0575 0.031 0.0015 0.056 0.0015 0.0295
1.01 -3.6 0.4215 0.042 0.0295 0.001 0.041 0.0005 0.029
0.69 -4.2 0.395 0.0465 0.031 0.001 0.0455 0.0005 0.0305
0.71 -9.0 0.4225 0.046 0.0295 0.001 0.0455 0.0 0.0295
0.75 -7.8 0.393 0.0415 0.0275 0.001 0.0405 0.0005 0.027
1.01 -3.9 0.4195 0.0445 0.036 0.0025 0.0425 0.002 0.0345
0.75 -4.5 0.4105 0.046 0.032 0.001 0.0455 0.0005 0.032
0.39 -5.7 0.455 0.0525 0.033 0.0015 0.051 0.001 0.032
0.71 -6.0 0.435 0.048 0.034 0.002 0.0465 0.001 0.033
1.11 -9.0 0.379 0.037 0.026 0.0025 0.0345 0.001 0.025
0.79 -6.3 0.3945 0.037 0.024 0.001 0.036 0.0005 0.0235
0.77 -3.6 0.407 0.053 0.0355 0.0015 0.0515 0.001 0.0345
0.99 -8.7 0.3925 0.045 0.032 0.0 0.045 0.0 0.032
0.79 -5.1 0.4035 0.0545 0.04 0.0025 0.052 0.002 0.038
1.11 -6.0 0.381 0.0415 0.03 0.0015 0.04 0.0005 0.0295
1.03 -7.8 0.4 0.0455 0.0325 0.002 0.0435 0.0005 0.032
0.77 -3.9 0.414 0.0505 0.033 0.0015 0.049 0.001 0.032
1.03 -4.5 0.413 0.057 0.0465 0.0015 0.0555 0.001 0.0455
1.41 -5.4 0.388 0.0465 0.041 0.0 0.0465 0.0 0.041
1.37 -6.3 0.3855 0.042 0.0315 0.001 0.041 0.0 0.0315
1.35 -8.1 0.369 0.0365 0.024 0.0 0.0365 0.0 0.024
1.41 -6.9 0.3625 0.039 0.0345 0.0005 0.0385 0.0 0.0345
0.27 -4.8 0.491 0.042 0.0195 0.0005 0.0415 0.0 0.0195
0.95 -5.4 0.4175 0.0485 0.0325 0.001 0.048 0.0005 0.032
0.51 -4.2 0.424 0.0565 0.033 0.0015 0.0555 0.0005 0.033
0.95 -6.9 0.405 0.044 0.0305 0.0 0.044 0.0 0.0305
0.27 -7.5 0.486 0.0495 0.0245 0.001 0.0485 0.0005 0.024
1.39 -3.6 0.3915 0.042 0.0345 0.0015 0.0405 0.0005 0.034
1.41 -6.6 0.3615 0.039 0.031 0.0005 0.0385 0.0005 0.0305
1.37 -5.1 0.3875 0.0475 0.039 0.0025 0.046 0.002 0.038
1.43 -8.4 0.395 0.0395 0.0305 0.003 0.037 0.001 0.03
1.39 -3.9 0.3915 0.0435 0.0355 0.0015 0.042 0.0005 0.035
0.97 -8.4 0.397 0.032 0.0205 0.001 0.0315 0.0005 0.02
0.95 -6.6 0.405 0.0415 0.0315 0.0 0.0415 0.0 0.0315
1.17 -4.5 0.401 0.0575 0.0435 0.003 0.055 0.0015 0.042
1.17 -7.8 0.398 0.0375 0.027 0.0005 0.037 0.0 0.027
0.63 -3.9 0.4045 0.0485 0.0345 0.002 0.0465 0.001 0.0335
0.89 -6.0 0.4155 0.045 0.032 0.001 0.044 0.0005 0.0315
0.63 -3.6 0.413 0.0545 0.0355 0.003 0.0515 0.001 0.0345
0.89 -9.0 0.4065 0.043 0.029 0.0 0.043 0.0 0.029
0.81 -6.6 0.4095 0.037 0.023 0.0015 0.0355 0.0015 0.0215
0.83 -8.4 0.408 0.0435 0.0265 0.0 0.0435 0.0 0.0265
0.59 -7.8 0.399 0.042 0.026 0.0005 0.0415 0.0 0.026
0.59 -4.5 0.431 0.0455 0.032 0.001 0.0445 0.0005 0.0315
1.23 -5.1 0.4065 0.0425 0.033 0.003 0.0395 0.0015 0.0315
0.33 -7.5 0.4715 0.045 0.025 0.0015 0.0435 0.001 0.024
0.81 -6.9 0.4065 0.0395 0.024 0.0015 0.038 0.001 0.023
0.45 -4.2 0.436 0.0505 0.03 0.0015 0.049 0.001 0.029
0.81 -5.4 0.408 0.0495 0.0315 0.002 0.0475 0.0015 0.03
0.33 -4.8 0.463 0.043 0.027 0.0005 0.0425 0.0005 0.0265
0.51 -3.0 0.4215 0.0615 0.0395 0.0005 0.061 0.0 0.0395
1.21 -8.1 0.3755 0.0445 0.0295 0.0015 0.043 0.001 0.0285
1.23 -6.3 0.3825 0.0365 0.0275 0.0005 0.036 0.0005 0.027
0.55 -5.1 0.427 0.061 0.0375 0.001 0.06 0.0 0.0375
1.43 -3.0 0.415 0.038 0.03 0.0015 0.0365 0.001 0.029
0.91 -7.5 0.4165 0.0495 0.0365 0.002 0.0475 0.001 0.0355
0.57 -8.1 0.416 0.0415 0.0245 0.0005 0.041 0.0005 0.024
0.55 -6.3 0.417 0.0515 0.0355 0.0015 0.05 0.001 0.0345
0.91 -4.8 0.425 0.0505 0.0385 0.0005 0.0505 0.0005 0.0385
1.31 -3.0 0.396 0.035 0.029 0.0005 0.0345 0.0005 0.0285
1.45 -7.5 0.376 0.0375 0.028 0.0025 0.035 0.002 0.026
1.33 -4.2 0.403 0.049 0.0395 0.002 0.047 0.0015 0.038
1.45 -4.8 0.3775 0.044 0.0325 0.0015 0.0425 0.0015 0.031
0.61 -4.5 0.417 0.06 0.0415 0.0015 0.059 0.0005 0.041
0.61 -7.8 0.4075 0.043 0.029 0.001 0.042 0.001 0.028
1.15 -3.9 0.4025 0.046 0.0355 0.002 0.045 0.002 0.0345
1.19 -8.1 0.384 0.0385 0.025 0.0005 0.038 0.0005 0.0245
1.15 -3.6 0.403 0.0465 0.0365 0.001 0.046 0.0005 0.0365
0.97 -3.3 0.3865 0.0415 0.029 0.0015 0.0405 0.0015 0.028
0.41 -4.5 0.4485 0.0565 0.029 0.0005 0.056 0.0005 0.0285
0.37 -7.2 0.445 0.072 0.0455 0.001 0.071 0.0 0.0455
1.43 -3.3 0.4165 0.045 0.0375 0.0035 0.0415 0.002 0.0355
1.35 -3.9 0.3825 0.0475 0.0375 0.002 0.046 0.001 0.037
0.41 -7.8 0.4435 0.0765 0.045 0.001 0.0755 0.0005 0.0445
0.99 -6.6 0.3955 0.044 0.0315 0.0035 0.0405 0.002 0.0295
1.39 -8.1 0.391 0.035 0.027 0.001 0.034 0.0005 0.0265
0.99 -5.4 0.394 0.0405 0.029 0.0005 0.0405 0.0005 0.029
0.99 -6.9 0.3885 0.0475 0.0335 0.001 0.0465 0.0005 0.033
1.35 -3.6 0.392 0.0475 0.038 0.002 0.046 0.001 0.037
0.75 -5.1 0.3995 0.0425 0.0285 0.0015 0.041 0.0005 0.028
1.43 -5.7 0.4195 0.0465 0.038 0.001 0.0455 0.001 0.037
0.97 -5.7 0.397 0.034 0.0235 0.002 0.032 0.001 0.0225
0.27 -9.0 0.487 0.048 0.022 0.0025 0.0455 0.001 0.021
0.55 -6.0 0.433 0.048 0.0305 0.0015 0.0465 0.0005 0.03
1.41 -8.7 0.363 0.0415 0.033 0.002 0.04 0.0015 0.032
0.77 -8.1 0.4025 0.031 0.021 0.0015 0.03 0.0015 0.02
0.69 -3.0 0.405 0.0445 0.0275 0.001 0.0435 0.0005 0.027
0.75 -6.3 0.4 0.0485 0.0295 0.0015 0.047 0.0015 0.028
0.27 -6.0 0.481 0.05 0.0235 0.0015 0.0485 0.0005 0.023
1.13 -4.2 0.3955 0.045 0.035 0.002 0.043 0.0015 0.0335
0.95 -8.7 0.4155 0.0475 0.0315 0.0015 0.046 0.0015 0.03
0.55 -9.0 0.4145 0.057 0.034 0.0015 0.0555 0.001 0.033
1.35 -6.0 0.386 0.0385 0.029 0.001 0.0375 0.0005 0.0285
0.79 -7.8 0.389 0.042 0.03 0.0005 0.0415 0.0005 0.0295
0.79 -4.5 0.3885 0.048 0.0345 0.0015 0.0465 0.0005 0.034
1.47 -9.0 0.3915 0.032 0.0245 0.001 0.031 0.0005 0.024
1.03 -5.1 0.42 0.0585 0.047 0.002 0.0565 0.001 0.046
0.35 -5.7 0.469 0.0545 0.0305 0.0 0.0545 0.0 0.0305
0.65 -4.2 0.4055 0.0415 0.0275 0.0015 0.0405 0.0005 0.027
1.35 -9.0 0.37 0.036 0.029 0.0005 0.0355 0.0005 0.0285
1.47 -6.0 0.4075 0.0365 0.0265 0.0005 0.036 0.0 0.0265
1.09 -3.0 0.414 0.047 0.0345 0.0005 0.0465 0.0005 0.034
0.37 -8.7 0.4315 0.056 0.034 0.001 0.055 0.0005 0.0335
1.01 -8.1 0.401 0.0295 0.019 0.0 0.0295 0.0 0.019
1.03 -6.3 0.402 0.0425 0.033 0.002 0.0405 0.0005 0.0325
1.37 -4.5 0.3935 0.0515 0.0395 0.0015 0.05 0.001 0.0385
1.41 -7.2 0.3695 0.041 0.0335 0.0015 0.0395 0.0015 0.032
0.35 -3.3 0.4765 0.056 0.0355 0.001 0.055 0.0 0.0355
0.43 -3.9 0.433 0.0625 0.036 0.0015 0.061 0.0 0.036
1.37 -7.8 0.377 0.041 0.03 0.0015 0.0405 0.0015 0.0295
0.95 -7.2 0.412 0.0435 0.0305 0.0015 0.042 0.0005 0.03
0.39 -8.4 0.4425 0.0565 0.036 0.0015 0.055 0.001 0.035
0.43 -3.6 0.437 0.0535 0.0345 0.0025 0.051 0.0015 0.033
0.89 -4.8 0.4105 0.0515 0.039 0.0015 0.0505 0.001 0.0385
0.89 -7.5 0.4065 0.045 0.033 0.0 0.045 0.0 0.033
1.17 -6.3 0.3955 0.0405 0.028 0.001 0.0395 0.0005 0.0275
1.15 -8.1 0.412 0.0375 0.0305 0.0005 0.037 0.0 0.0305
0.91 -3.0 0.4245 0.0535 0.041 0.0005 0.0535 0.0005 0.041
0.71 -4.2 0.4145 0.055 0.0355 0.0015 0.054 0.001 0.035
1.19 -3.6 0.4 0.0385 0.0315 0.001 0.0375 0.0005 0.031
1.17 -5.1 0.414 0.053 0.04 0.0 0.053 0.0 0.04
1.19 -3.9 0.393 0.041 0.031 0.0025 0.0385 0.002 0.029
0.49 -9.0 0.417 0.0625 0.0395 0.0015 0.0615 0.001 0.039
0.59 -6.3 0.4015 0.0585 0.035 0.0015 0.057 0.0005 0.0345
0.75 -3.0 0.404 0.047 0.033 0.0005 0.0465 0.0005 0.0325
0.57 -3.6 0.4235 0.0575 0.0355 0.0025 0.055 0.002 0.0335
1.49 -7.5 0.3455 0.039 0.0255 0.0015 0.0375 0.0005 0.025
1.49 -4.8 0.3595 0.0405 0.0285 0.0015 0.0395 0.001 0.028
0.49 -6.0 0.4185 0.048 0.0305 0.0005 0.0475 0.0 0.0305
0.59 -5.1 0.423 0.05 0.031 0.0005 0.0495 0.0005 0.0305
0.81 -7.2 0.4045 0.0415 0.0275 0.0015 0.04 0.0015 0.026
0.57 -3.9 0.4175 0.049 0.0315 0.0025 0.0465 0.0015 0.03
1.23 -7.8 0.386 0.026 0.0215 0.0005 0.0255 0.0005 0.021
1.23 -4.5 0.406 0.041 0.0315 0.0 0.041 0.0 0.0315
1.21 -3.6 0.395 0.05 0.038 0.0 0.05 0.0 0.038
0.49 -4.2 0.44 0.051 0.03 0.0005 0.0505 0.0 0.03
1.15 -3.0 0.3935 0.0475 0.0325 0.002 0.0455 0.001 0.0315
1.29 -9.0 0.3815 0.037 0.0285 0.001 0.036 0.0005 0.028
1.21 -3.9 0.3915 0.049 0.04 0.001 0.048 0.0 0.04
0.55 -7.8 0.416 0.0425 0.0225 0.0 0.0425 0.0 0.0225
0.55 -4.5 0.4365 0.054 0.0345 0.002 0.052 0.002 0.0325
1.29 -6.0 0.395 0.0425 0.032 0.0025 0.04 0.0015 0.0305
0.83 -3.3 0.4095 0.041 0.0265 0.002 0.039 0.001 0.0255
0.81 -8.7 0.41 0.036 0.0235 0.0005 0.0355 0.0 0.0235
1.07 -4.2 0.4115 0.0445 0.0295 0.0 0.0445 0.0 0.0295
0.61 -6.3 0.4205 0.046 0.031 0.0 0.046 0.0 0.031
0.63 -8.1 0.399 0.0495 0.0305 0.001 0.0485 0.001 0.0295
0.83 -5.7 0.43 0.045 0.028 0.001 0.044 0.0005 0.0275
0.61 -5.1 0.4295 0.0495 0.033 0.0015 0.048 0.001 0.032
0.93 -5.7 0.3795 0.0425 0.029 0.002 0.041 0.0005 0.0285
0.83 -3.0 0.411 0.0455 0.0345 0.0035 0.042 0.0015 0.033
1.47 -5.7 0.403 0.0375 0.0275 0.0 0.0375 0.0 0.0275
0.71 -5.1 0.4365 0.049 0.037 0.002 0.047 0.0015 0.0355
0.91 -8.7 0.4135 0.049 0.033 0.003 0.046 0.001 0.032
1.17 -4.2 0.411 0.056 0.0455 0.001 0.055 0.001 0.0445
0.71 -6.3 0.4055 0.049 0.0335 0.0005 0.0485 0.0005 0.033
0.73 -8.1 0.403 0.045 0.029 0.0015 0.0435 0.001 0.028
1.45 -8.7 0.3695 0.035 0.0255 0.0005 0.0345 0.0 0.0255
0.67 -3.0 0.3965 0.0425 0.0295 0.0015 0.0415 0.001 0.029
0.45 -7.8 0.424 0.0555 0.0335 0.0005 0.055 0.0005 0.033
1.31 -3.9 0.3895 0.0365 0.0275 0.002 0.0345 0.001 0.0265
1.47 -3.3 0.3915 0.0385 0.03 0.001 0.038 0.0005 0.0295
0.33 -7.2 0.449 0.059 0.0285 0.001 0.058 0.0 0.0285
0.45 -4.5 0.436 0.067 0.036 0.0 0.067 0.0 0.036
0.22 -8.1 0.5815 0.013 0.0065 0.0005 0.013 0.0005 0.0065
1.49 -6.6 0.348 0.0415 0.024 0.0025 0.039 0.0 0.024
0.29 -6.0 0.4725 0.0515 0.0275 0.0005 0.051 0.0005 0.027
0.93 -3.3 0.403 0.042 0.0315 0.0015 0.0405 0.001 0.0305
1.31 -3.6 0.395 0.041 0.0315 0.001 0.0405 0.001 0.031
0.59 -4.2 0.421 0.062 0.038 0.002 0.06 0.001 0.037
1.49 -6.9 0.347 0.0345 0.0245 0.0015 0.033 0.001 0.0235
1.49 -5.4 0.3735 0.0385 0.0305 0.002 0.037 0.0015 0.0295
0.29 -9.0 0.466 0.056 0.029 0.001 0.055 0.0 0.029
1.49 -6.0 0.3585 0.038 0.0285 0.0005 0.0375 0.0005 0.028
0.49 -5.1 0.4425 0.058 0.036 0.0 0.058 0.0 0.036
0.91 -7.2 0.4055 0.0465 0.0345 0.0025 0.044 0.001 0.0335
1.33 -7.8 0.394 0.041 0.029 0.002 0.039 0.0015 0.0275
0.47 -3.9 0.416 0.05 0.0315 0.001 0.049 0.0005 0.031
1.07 -3.0 0.405 0.048 0.0325 0.0015 0.0465 0.0005 0.032
0.31 -3.3 0.488 0.0635 0.0305 0.001 0.0625 0.0005 0.03
1.45 -7.2 0.371 0.038 0.024 0.0015 0.0365 0.001 0.023
1.33 -4.5 0.403 0.0475 0.037 0.0025 0.045 0.001 0.036
1.49 -9.0 0.351 0.034 0.024 0.002 0.032 0.0 0.024
0.49 -6.3 0.4235 0.0435 0.03 0.0 0.0435 0.0 0.03
0.47 -3.6 0.411 0.0595 0.036 0.001 0.0585 0.0005 0.0355
0.31 -5.7 0.48 0.0435 0.022 0.0005 0.043 0.0005 0.0215
1.07 -5.1 0.4145 0.0415 0.031 0.001 0.0405 0.001 0.03
1.09 -3.9 0.403 0.0465 0.036 0.0015 0.045 0.001 0.035
1.07 -6.3 0.4075 0.039 0.027 0.0015 0.0375 0.0015 0.0255
0.22 -3.0 0.5685 0.0245 0.011 0.0005 0.024 0.0005 0.0105
1.05 -8.1 0.3925 0.0405 0.03 0.001 0.04 0.001 0.0295
0.33 -8.7 0.467 0.059 0.032 0.0015 0.0575 0.001 0.031
0.61 -4.2 0.423 0.055 0.034 0.0005 0.055 0.0005 0.034
1.09 -3.6 0.4225 0.0475 0.039 0.002 0.046 0.001 0.038
0.53 -3.6 0.417 0.06 0.0385 0.002 0.058 0.001 0.0375
0.99 -4.8 0.4015 0.055 0.0375 0.003 0.052 0.002 0.0355
0.99 -7.5 0.4005 0.0415 0.0305 0.002 0.0395 0.0005 0.03
1.27 -4.5 0.3975 0.0465 0.0365 0.0005 0.0465 0.0005 0.0365
0.25 -3.3 0.523 0.032 0.0175 0.0 0.032 0.0 0.0175
1.27 -7.8 0.3765 0.041 0.0325 0.0005 0.0405 0.0 0.0325
0.53 -3.9 0.419 0.0525 0.0365 0.003 0.0495 0.0025 0.034
0.85 -7.2 0.397 0.034 0.0245 0.0015 0.0325 0.001 0.0235
0.29 -8.4 0.473 0.072 0.0325 0.001 0.071 0.0005 0.032
0.75 -4.2 0.4085 0.0455 0.0325 0.0 0.0455 0.0 0.0325
0.35 -9.0 0.4755 0.0585 0.0325 0.0005 0.0585 0.0005 0.0325
0.47 -6.0 0.404 0.0665 0.035 0.0 0.0665 0.0 0.035
0.27 -8.7 0.487 0.0465 0.024 0.001 0.0455 0.0005 0.0235
1.11 -8.1 0.3835 0.0435 0.031 0.002 0.042 0.002 0.0295
1.13 -6.3 0.3815 0.0385 0.0265 0.0015 0.037 0.0015 0.025
0.35 -6.0 0.469 0.0575 0.033 0.0 0.0575 0.0 0.033
0.69 -7.8 0.3735 0.0395 0.023 0.001 0.0385 0.0005 0.0225
0.69 -4.5 0.4025 0.057 0.035 0.001 0.056 0.0005 0.0345
0.47 -9.0 0.4065 0.0695 0.0435 0.0015 0.068 0.0005 0.043
1.13 -5.1 0.3965 0.042 0.0285 0.001 0.041 0.001 0.0275
0.25 -5.7 0.5075 0.041 0.0215 0.0005 0.0405 0.0005 0.021
0.67 -8.1 0.3795 0.044 0.0235 0.0025 0.0415 0.001 0.0225
0.65 -6.3 0.4055 0.033 0.021 0.001 0.032 0.0 0.021
1.27 -6.0 0.389 0.0415 0.032 0.001 0.0405 0.001 0.031
1.03 -4.2 0.419 0.0475 0.0355 0.0015 0.046 0.001 0.0345
0.85 -8.7 0.402 0.0415 0.0305 0.0005 0.041 0.0 0.0305
0.65 -5.1 0.4105 0.049 0.0305 0.0 0.049 0.0 0.0305
0.87 -5.7 0.3965 0.045 0.031 0.0035 0.0415 0.002 0.029
1.27 -9.0 0.379 0.0435 0.0315 0.0015 0.042 0.0005 0.031
1.29 -8.1 0.3715 0.0395 0.027 0.001 0.0385 0.0 0.027
0.89 -5.4 0.408 0.0465 0.034 0.0005 0.046 0.0 0.034
0.89 -6.9 0.394 0.0445 0.031 0.0015 0.043 0.0005 0.0305
1.25 -3.6 0.4025 0.05 0.039 0.004 0.047 0.0035 0.0365
0.87 -3.3 0.4025 0.0445 0.029 0.001 0.0435 0.0 0.029
0.51 -4.5 0.435 0.051 0.031 0.0015 0.0495 0.0005 0.0305
0.27 -7.2 0.4945 0.051 0.0235 0.001 0.05 0.0005 0.023
0.51 -7.8 0.4155 0.0535 0.031 0.003 0.0505 0.002 0.029
1.25 -3.9 0.401 0.044 0.03 0.002 0.042 0.0015 0.0285
0.89 -6.6 0.394 0.0395 0.026 0.0025 0.037 0.001 0.025
