0.001 1.00e-09 [0.05323823]
0.002 1.00e-09 [0.05321798]
0.003 1.00e-09 [0.05317415]
0.004 1.00e-09 [0.05311287]
0.005 1.00e-09 [0.0530341]
0.007 1.00e-09 [0.05282464]
0.010 1.00e-09 [0.05238103]
0.020 1.00e-09 [0.04982301]
0.040 1.00e-09 [0.04042066]
0.060 1.00e-09 [0.02751884]
0.080 1.00e-09 [0.01455936]
0.100 1.00e-09 [0.00492077]
0.120 1.00e-09 [0.00051915]
0.001 2.00e-09 [0.21295293]
0.002 2.00e-09 [0.21287191]
0.003 2.00e-09 [0.21269662]
0.004 2.00e-09 [0.21245148]
0.005 2.00e-09 [0.21213641]
0.007 2.00e-09 [0.21129856]
0.010 2.00e-09 [0.2095241]
0.020 2.00e-09 [0.19929203]
0.040 2.00e-09 [0.16168264]
0.060 2.00e-09 [0.11007536]
0.080 2.00e-09 [0.05823745]
0.100 2.00e-09 [0.01968307]
0.120 2.00e-09 [0.0020766]
0.001 4.00e-09 [0.85181172]
0.002 4.00e-09 [0.85148764]
0.003 4.00e-09 [0.85078648]
0.004 4.00e-09 [0.84980594]
0.005 4.00e-09 [0.84854566]
0.007 4.00e-09 [0.84519426]
0.010 4.00e-09 [0.83809642]
0.020 4.00e-09 [0.79716813]
0.040 4.00e-09 [0.64673056]
0.060 4.00e-09 [0.44030145]
0.080 4.00e-09 [0.2329498]
0.100 4.00e-09 [0.07873229]
0.120 4.00e-09 [0.00830641]
0.001 8.00e-09 [3.40724687]
0.002 8.00e-09 [3.40595055]
0.003 8.00e-09 [3.40314591]
0.004 8.00e-09 [3.39922375]
0.005 8.00e-09 [3.39418263]
0.007 8.00e-09 [3.38077703]
0.010 8.00e-09 [3.35238567]
0.020 8.00e-09 [3.18867252]
0.040 8.00e-09 [2.58692225]
0.060 8.00e-09 [1.76120578]
0.080 8.00e-09 [0.93179918]
0.100 8.00e-09 [0.31492915]
0.120 8.00e-09 [0.03322566]
0.001 1.60e-08 [13.62898749]
0.002 1.60e-08 [13.62380219]
0.003 1.60e-08 [13.61258365]
0.004 1.60e-08 [13.596895]
0.005 1.60e-08 [13.57673053]
0.007 1.60e-08 [13.52310813]
0.010 1.60e-08 [13.40954268]
0.020 1.60e-08 [12.75469007]
0.040 1.60e-08 [10.347689]
0.060 1.60e-08 [7.04482313]
0.080 1.60e-08 [3.72719673]
0.100 1.60e-08 [1.25971659]
0.120 1.60e-08 [0.13290264]
0.001 3.20e-08 [54.51594995]
0.002 3.20e-08 [54.49520874]
0.003 3.20e-08 [54.45033458]
0.004 3.20e-08 [54.38758]
0.005 3.20e-08 [54.30692212]
0.007 3.20e-08 [54.0924325]
0.010 3.20e-08 [53.63817071]
0.020 3.20e-08 [51.01876028]
0.040 3.20e-08 [41.390756]
0.060 3.20e-08 [28.1792925]
0.080 3.20e-08 [14.9087869]
0.100 3.20e-08 [5.03886638]
0.120 3.20e-08 [0.53161055]
0.001 6.30e-08 [211.30254429]
0.002 6.30e-08 [211.22215185]
0.003 6.30e-08 [211.04822066]
0.004 6.30e-08 [210.80498537]
0.005 6.30e-08 [210.49235731]
0.007 6.30e-08 [209.6610006]
0.010 6.30e-08 [207.90029251]
0.020 6.30e-08 [197.7475191]
0.040 6.30e-08 [160.42960015]
0.060 6.30e-08 [109.22227729]
0.080 6.30e-08 [57.78610862]
0.100 6.30e-08 [19.53052797]
0.120 6.30e-08 [2.06051004]
0.001 1.26e-07 [845.21017715]
0.002 1.26e-07 [844.88860741]
0.003 1.26e-07 [844.19288263]
0.004 1.26e-07 [843.21994148]
0.005 1.26e-07 [841.96942922]
0.007 1.26e-07 [838.64400239]
0.010 1.26e-07 [831.60117005]
0.020 1.26e-07 [790.9900764]
0.040 1.26e-07 [641.71840061]
0.060 1.26e-07 [436.88910915]
0.080 1.26e-07 [231.14443447]
0.100 1.26e-07 [78.12211189]
0.120 1.26e-07 [8.24204015]
0.001 2.51e-07 [3354.06187773]
0.002 2.51e-07 [3352.78578707]
0.003 2.51e-07 [3350.02493063]
0.004 2.51e-07 [3346.16399178]
0.005 2.51e-07 [3341.20156276]
0.007 2.51e-07 [3328.00521507]
0.010 2.51e-07 [3300.05702407]
0.020 2.51e-07 [3138.89933252]
0.040 2.51e-07 [2546.54201038]
0.060 2.51e-07 [1733.71445991]
0.080 2.51e-07 [917.2543787]
0.100 2.51e-07 [310.01330127]
0.120 2.51e-07 [32.70702767]
0.001 5.01e-07 [13362.84956385]
0.002 5.01e-07 [13357.76551705]
0.003 5.01e-07 [13346.76604518]
0.004 5.01e-07 [13331.38375741]
0.005 5.01e-07 [13311.6130451]
0.007 5.01e-07 [13259.03774522]
0.010 5.01e-07 [13147.68992713]
0.020 5.01e-07 [12505.62485295]
0.040 5.01e-07 [10145.62611937]
0.060 5.01e-07 [6907.25644278]
0.080 5.01e-07 [3654.41447451]
0.100 5.01e-07 [1235.11767484]
0.120 5.01e-07 [130.3074023]
0.001 1.00e-06 [53238.23237298]
0.002 1.00e-06 [53217.97728712]
0.003 1.00e-06 [53174.15486464]
0.004 1.00e-06 [53112.87109378]
0.005 1.00e-06 [53034.10362947]
0.007 1.00e-06 [52824.64111786]
0.010 1.00e-06 [52381.02608011]
0.020 1.00e-06 [49823.00808742]
0.040 1.00e-06 [40420.66015421]
0.060 1.00e-06 [27518.84033443]
0.080 1.00e-06 [14559.36221174]
0.100 1.00e-06 [4920.76794453]
0.120 1.00e-06 [519.15092886]
0.001 1.99e-06 [211889.49580026]
0.002 1.99e-06 [211808.88005218]
0.003 1.99e-06 [211634.46571514]
0.004 1.99e-06 [211390.55477501]
0.005 1.99e-06 [211077.05829787]
0.007 1.99e-06 [210243.39226512]
0.010 1.99e-06 [208477.79332448]
0.020 1.99e-06 [198296.81776312]
0.040 1.99e-06 [160875.23793026]
0.060 1.99e-06 [109525.67250204]
0.080 1.99e-06 [57946.62558677]
0.100 1.99e-06 [19584.77943842]
0.120 1.99e-06 [2066.23367564]
0.001 3.98e-06 [843738.72564883]
0.002 3.98e-06 [843417.71573612]
0.003 3.98e-06 [842723.20216473]
0.004 3.98e-06 [841751.95484065]
0.005 3.98e-06 [840503.6196312]
0.007 3.98e-06 [837183.98213134]
0.010 3.98e-06 [830153.41086796]
0.020 3.98e-06 [789613.0182753]
0.040 3.98e-06 [640601.21398224]
0.060 3.98e-06 [436128.51592142]
0.080 3.98e-06 [230742.02826138]
0.100 3.98e-06 [77986.10678211]
0.120 3.98e-06 [8227.69133408]
0.001 7.94e-06 [3358866.57496337]
0.002 7.94e-06 [3357588.6562982]
0.003 7.94e-06 [3354823.8449296]
0.004 7.94e-06 [3350957.37528242]
0.005 7.94e-06 [3345987.83757848]
0.007 7.94e-06 [3332772.58610274]
0.010 7.94e-06 [3304784.35929556]
0.020 7.94e-06 [3143395.80917223]
0.040 7.94e-06 [2550189.93453366]
0.060 7.94e-06 [1736198.00773083]
0.080 7.94e-06 [918568.34658193]
0.100 7.94e-06 [310457.39565946]
0.120 7.94e-06 [32753.88052136]
0.001 1.58e-05 [13372954.2335923]
0.002 1.58e-05 [13367866.34235214]
0.003 1.58e-05 [13356858.55294711]
0.004 1.58e-05 [13341464.63345571]
0.005 1.58e-05 [13321678.97100271]
0.007 1.58e-05 [13269063.91493356]
0.010 1.58e-05 [13157631.89826411]
0.020 1.58e-05 [12515081.30970771]
0.040 1.58e-05 [10153298.00108485]
0.060 1.58e-05 [6912479.54619682]
0.080 1.58e-05 [3657177.85601553]
0.100 1.58e-05 [1236051.64152123]
0.120 1.58e-05 [130405.93766052]
0.001 3.16e-05 [53238984.57596248]
0.002 3.16e-05 [53218729.2039237]
0.003 3.16e-05 [53174906.16227467]
0.004 3.16e-05 [53113621.52553318]
0.005 3.16e-05 [53034852.94831672]
0.007 3.16e-05 [52825387.47721744]
0.010 3.16e-05 [52381766.17162507]
0.020 3.16e-05 [49823712.0366981]
0.040 3.16e-05 [40421231.25771756]
0.060 3.16e-05 [27519229.14812605]
0.080 3.16e-05 [14559567.9209664]
0.100 3.16e-05 [4920837.47005875]
0.120 3.16e-05 [519158.2639446]
0.001 6.31e-05 [2.11947005e+08]
0.002 6.31e-05 [2.11866367e+08]
0.003 6.31e-05 [2.11691905e+08]
0.004 6.31e-05 [2.11447928e+08]
0.005 6.31e-05 [2.11134347e+08]
0.007 6.31e-05 [2.10300454e+08]
0.010 6.31e-05 [2.08534376e+08]
0.020 6.31e-05 [1.98350637e+08]
0.040 6.31e-05 [1.60918901e+08]
0.060 6.31e-05 [1.09555399e+08]
0.080 6.31e-05 [57962352.8427823]
0.100 6.31e-05 [19590094.93068784]
0.120 6.31e-05 [2066794.47078027]
0.001 1.26e-04 [8.43775271e+08]
0.002 1.26e-04 [8.43454247e+08]
0.003 1.26e-04 [8.42759704e+08]
0.004 1.26e-04 [8.41788414e+08]
0.005 1.26e-04 [8.40540025e+08]
0.007 1.26e-04 [8.37220244e+08]
0.010 1.26e-04 [8.30189368e+08]
0.020 1.26e-04 [7.89647219e+08]
0.040 1.26e-04 [6.40628961e+08]
0.060 1.26e-04 [4.36147406e+08]
0.080 1.26e-04 [2.30752023e+08]
0.100 1.26e-04 [77989484.63834973]
0.120 1.26e-04 [8228047.70471239]
0.001 2.51e-04 [3.35911492e+09]
0.002 2.51e-04 [3.3578369e+09]
0.003 2.51e-04 [3.35507189e+09]
0.004 2.51e-04 [3.35120513e+09]
0.005 2.51e-04 [3.34623523e+09]
0.007 2.51e-04 [3.333019e+09]
0.010 2.51e-04 [3.3050287e+09]
0.020 2.51e-04 [3.14362822e+09]
0.040 2.51e-04 [2.55037849e+09]
0.060 2.51e-04 [1.73632638e+09]
0.080 2.51e-04 [9.18636262e+08]
0.100 2.51e-04 [3.1048035e+08]
0.120 2.51e-04 [32756302.21559853]
0.001 5.01e-04 [1.33728269e+10]
0.002 5.01e-04 [1.3367739e+10]
0.003 5.01e-04 [1.33567314e+10]
0.004 5.01e-04 [1.33413376e+10]
0.005 5.01e-04 [1.33215521e+10]
0.007 5.01e-04 [1.32689376e+10]
0.010 5.01e-04 [1.31575066e+10]
0.020 5.01e-04 [1.25149621e+10]
0.040 5.01e-04 [1.01532013e+10]
0.060 5.01e-04 [6.91241372e+09]
0.080 5.01e-04 [3.65714303e+09]
0.100 5.01e-04 [1.23603987e+09]
0.120 5.01e-04 [1.30404696e+08]
0.001 1.00e-03 [5.32382324e+10]
0.002 1.00e-03 [5.32179773e+10]
0.003 1.00e-03 [5.31741549e+10]
0.004 1.00e-03 [5.31128711e+10]
0.005 1.00e-03 [5.30341036e+10]
0.007 1.00e-03 [5.28246411e+10]
0.010 1.00e-03 [5.23810261e+10]
0.020 1.00e-03 [4.98230081e+10]
0.040 1.00e-03 [4.04206602e+10]
0.060 1.00e-03 [2.75188403e+10]
0.080 1.00e-03 [1.45593622e+10]
0.100 1.00e-03 [4.92076794e+09]
0.120 1.00e-03 [5.19150929e+08]
0.001 1.00e-09 [0.05323823]
0.002 1.00e-09 [0.05321798]
0.003 1.00e-09 [0.05317415]
0.004 1.00e-09 [0.05311287]
0.005 1.00e-09 [0.0530341]
0.007 1.00e-09 [0.05282464]
0.010 1.00e-09 [0.05238103]
0.020 1.00e-09 [0.04982301]
0.040 1.00e-09 [0.04042066]
0.060 1.00e-09 [0.02751884]
0.080 1.00e-09 [0.01455936]
0.100 1.00e-09 [0.00492077]
0.120 1.00e-09 [0.00051915]
0.001 2.00e-09 [0.21295293]
0.002 2.00e-09 [0.21287191]
0.003 2.00e-09 [0.21269662]
0.004 2.00e-09 [0.21245148]
0.005 2.00e-09 [0.21213641]
0.007 2.00e-09 [0.21129856]
0.010 2.00e-09 [0.2095241]
0.020 2.00e-09 [0.19929203]
0.040 2.00e-09 [0.16168264]
0.060 2.00e-09 [0.11007536]
0.080 2.00e-09 [0.05823745]
0.100 2.00e-09 [0.01968307]
0.120 2.00e-09 [0.0020766]
0.001 4.00e-09 [0.85181172]
0.002 4.00e-09 [0.85148764]
0.003 4.00e-09 [0.85078648]
0.004 4.00e-09 [0.84980594]
0.005 4.00e-09 [0.84854566]
0.007 4.00e-09 [0.84519426]
0.010 4.00e-09 [0.83809642]
0.020 4.00e-09 [0.79716813]
0.040 4.00e-09 [0.64673056]
0.060 4.00e-09 [0.44030145]
0.080 4.00e-09 [0.2329498]
0.100 4.00e-09 [0.07873229]
0.120 4.00e-09 [0.00830641]
0.001 8.00e-09 [3.40724687]
0.002 8.00e-09 [3.40595055]
0.003 8.00e-09 [3.40314591]
0.004 8.00e-09 [3.39922375]
0.005 8.00e-09 [3.39418263]
0.007 8.00e-09 [3.38077703]
0.010 8.00e-09 [3.35238567]
0.020 8.00e-09 [3.18867252]
0.040 8.00e-09 [2.58692225]
0.060 8.00e-09 [1.76120578]
0.080 8.00e-09 [0.93179918]
0.100 8.00e-09 [0.31492915]
0.120 8.00e-09 [0.03322566]
0.001 1.60e-08 [13.62898749]
0.002 1.60e-08 [13.62380219]
0.003 1.60e-08 [13.61258365]
0.004 1.60e-08 [13.596895]
0.005 1.60e-08 [13.57673053]
0.007 1.60e-08 [13.52310813]
0.010 1.60e-08 [13.40954268]
0.020 1.60e-08 [12.75469007]
0.040 1.60e-08 [10.347689]
0.060 1.60e-08 [7.04482313]
0.080 1.60e-08 [3.72719673]
0.100 1.60e-08 [1.25971659]
0.120 1.60e-08 [0.13290264]
0.001 3.20e-08 [54.51594995]
0.002 3.20e-08 [54.49520874]
0.003 3.20e-08 [54.45033458]
0.004 3.20e-08 [54.38758]
0.005 3.20e-08 [54.30692212]
0.007 3.20e-08 [54.0924325]
0.010 3.20e-08 [53.63817071]
0.020 3.20e-08 [51.01876028]
0.040 3.20e-08 [41.390756]
0.060 3.20e-08 [28.1792925]
0.080 3.20e-08 [14.9087869]
0.100 3.20e-08 [5.03886638]
0.120 3.20e-08 [0.53161055]
0.001 6.30e-08 [211.30254429]
0.002 6.30e-08 [211.22215185]
0.003 6.30e-08 [211.04822066]
0.004 6.30e-08 [210.80498537]
0.005 6.30e-08 [210.49235731]
0.007 6.30e-08 [209.6610006]
0.010 6.30e-08 [207.90029251]
0.020 6.30e-08 [197.7475191]
0.040 6.30e-08 [160.42960015]
0.060 6.30e-08 [109.22227729]
0.080 6.30e-08 [57.78610862]
0.100 6.30e-08 [19.53052797]
0.120 6.30e-08 [2.06051004]
0.001 1.26e-07 [845.21017715]
0.002 1.26e-07 [844.88860741]
0.003 1.26e-07 [844.19288263]
0.004 1.26e-07 [843.21994148]
0.005 1.26e-07 [841.96942922]
0.007 1.26e-07 [838.64400239]
0.010 1.26e-07 [831.60117005]
0.020 1.26e-07 [790.9900764]
0.040 1.26e-07 [641.71840061]
0.060 1.26e-07 [436.88910915]
0.080 1.26e-07 [231.14443447]
0.100 1.26e-07 [78.12211189]
0.120 1.26e-07 [8.24204015]
0.001 2.51e-07 [3354.06187773]
0.002 2.51e-07 [3352.78578707]
0.003 2.51e-07 [3350.02493063]
0.004 2.51e-07 [3346.16399178]
0.005 2.51e-07 [3341.20156276]
0.007 2.51e-07 [3328.00521507]
0.010 2.51e-07 [3300.05702407]
0.020 2.51e-07 [3138.89933252]
0.040 2.51e-07 [2546.54201038]
0.060 2.51e-07 [1733.71445991]
0.080 2.51e-07 [917.2543787]
0.100 2.51e-07 [310.01330127]
0.120 2.51e-07 [32.70702767]
0.001 5.01e-07 [13362.84956385]
0.002 5.01e-07 [13357.76551705]
0.003 5.01e-07 [13346.76604518]
0.004 5.01e-07 [13331.38375741]
0.005 5.01e-07 [13311.6130451]
0.007 5.01e-07 [13259.03774522]
0.010 5.01e-07 [13147.68992713]
0.020 5.01e-07 [12505.62485295]
0.040 5.01e-07 [10145.62611937]
0.060 5.01e-07 [6907.25644278]
0.080 5.01e-07 [3654.41447451]
0.100 5.01e-07 [1235.11767484]
0.120 5.01e-07 [130.3074023]
0.001 1.00e-06 [53238.23237298]
0.002 1.00e-06 [53217.97728712]
0.003 1.00e-06 [53174.15486464]
0.004 1.00e-06 [53112.87109378]
0.005 1.00e-06 [53034.10362947]
0.007 1.00e-06 [52824.64111786]
0.010 1.00e-06 [52381.02608011]
0.020 1.00e-06 [49823.00808742]
0.040 1.00e-06 [40420.66015421]
0.060 1.00e-06 [27518.84033443]
0.080 1.00e-06 [14559.36221174]
0.100 1.00e-06 [4920.76794453]
0.120 1.00e-06 [519.15092886]
0.001 1.99e-06 [211889.49580026]
0.002 1.99e-06 [211808.88005218]
0.003 1.99e-06 [211634.46571514]
0.004 1.99e-06 [211390.55477501]
0.005 1.99e-06 [211077.05829787]
0.007 1.99e-06 [210243.39226512]
0.010 1.99e-06 [208477.79332448]
0.020 1.99e-06 [198296.81776312]
0.040 1.99e-06 [160875.23793026]
0.060 1.99e-06 [109525.67250204]
0.080 1.99e-06 [57946.62558677]
0.100 1.99e-06 [19584.77943842]
0.120 1.99e-06 [2066.23367564]
0.001 3.98e-06 [843738.72564883]
0.002 3.98e-06 [843417.71573612]
0.003 3.98e-06 [842723.20216473]
0.004 3.98e-06 [841751.95484065]
0.005 3.98e-06 [840503.6196312]
0.007 3.98e-06 [837183.98213134]
0.010 3.98e-06 [830153.41086796]
0.020 3.98e-06 [789613.0182753]
0.040 3.98e-06 [640601.21398224]
0.060 3.98e-06 [436128.51592142]
0.080 3.98e-06 [230742.02826138]
0.100 3.98e-06 [77986.10678211]
0.120 3.98e-06 [8227.69133408]
0.001 7.94e-06 [3358866.57496337]
0.002 7.94e-06 [3357588.6562982]
0.003 7.94e-06 [3354823.8449296]
0.004 7.94e-06 [3350957.37528242]
0.005 7.94e-06 [3345987.83757848]
0.007 7.94e-06 [3332772.58610274]
0.010 7.94e-06 [3304784.35929556]
0.020 7.94e-06 [3143395.80917223]
0.040 7.94e-06 [2550189.93453366]
0.060 7.94e-06 [1736198.00773083]
0.080 7.94e-06 [918568.34658193]
0.100 7.94e-06 [310457.39565946]
0.120 7.94e-06 [32753.88052136]
0.001 1.58e-05 [13372954.2335923]
0.002 1.58e-05 [13367866.34235214]
0.003 1.58e-05 [13356858.55294711]
0.004 1.58e-05 [13341464.63345571]
0.005 1.58e-05 [13321678.97100271]
0.007 1.58e-05 [13269063.91493356]
0.010 1.58e-05 [13157631.89826411]
0.020 1.58e-05 [12515081.30970771]
0.040 1.58e-05 [10153298.00108485]
0.060 1.58e-05 [6912479.54619682]
0.080 1.58e-05 [3657177.85601553]
0.100 1.58e-05 [1236051.64152123]
0.120 1.58e-05 [130405.93766052]
0.001 3.16e-05 [53238984.57596248]
0.002 3.16e-05 [53218729.2039237]
0.003 3.16e-05 [53174906.16227467]
0.004 3.16e-05 [53113621.52553318]
0.005 3.16e-05 [53034852.94831672]
0.007 3.16e-05 [52825387.47721744]
0.010 3.16e-05 [52381766.17162507]
0.020 3.16e-05 [49823712.0366981]
0.040 3.16e-05 [40421231.25771756]
0.060 3.16e-05 [27519229.14812605]
0.080 3.16e-05 [14559567.9209664]
0.100 3.16e-05 [4920837.47005875]
0.120 3.16e-05 [519158.2639446]
0.001 6.31e-05 [2.11947005e+08]
0.002 6.31e-05 [2.11866367e+08]
0.003 6.31e-05 [2.11691905e+08]
0.004 6.31e-05 [2.11447928e+08]
0.005 6.31e-05 [2.11134347e+08]
0.007 6.31e-05 [2.10300454e+08]
0.010 6.31e-05 [2.08534376e+08]
0.020 6.31e-05 [1.98350637e+08]
0.040 6.31e-05 [1.60918901e+08]
0.060 6.31e-05 [1.09555399e+08]
0.080 6.31e-05 [57962352.8427823]
0.100 6.31e-05 [19590094.93068784]
0.120 6.31e-05 [2066794.47078027]
0.001 1.26e-04 [8.43775271e+08]
0.002 1.26e-04 [8.43454247e+08]
0.003 1.26e-04 [8.42759704e+08]
0.004 1.26e-04 [8.41788414e+08]
0.005 1.26e-04 [8.40540025e+08]
0.007 1.26e-04 [8.37220244e+08]
0.010 1.26e-04 [8.30189368e+08]
0.020 1.26e-04 [7.89647219e+08]
0.040 1.26e-04 [6.40628961e+08]
0.060 1.26e-04 [4.36147406e+08]
0.080 1.26e-04 [2.30752023e+08]
0.100 1.26e-04 [77989484.63834973]
0.120 1.26e-04 [8228047.70471239]
0.001 2.51e-04 [3.35911492e+09]
0.002 2.51e-04 [3.3578369e+09]
0.003 2.51e-04 [3.35507189e+09]
0.004 2.51e-04 [3.35120513e+09]
0.005 2.51e-04 [3.34623523e+09]
0.007 2.51e-04 [3.333019e+09]
0.010 2.51e-04 [3.3050287e+09]
0.020 2.51e-04 [3.14362822e+09]
0.040 2.51e-04 [2.55037849e+09]
0.060 2.51e-04 [1.73632638e+09]
0.080 2.51e-04 [9.18636262e+08]
0.100 2.51e-04 [3.1048035e+08]
0.120 2.51e-04 [32756302.21559853]
0.001 5.01e-04 [1.33728269e+10]
0.002 5.01e-04 [1.3367739e+10]
0.003 5.01e-04 [1.33567314e+10]
0.004 5.01e-04 [1.33413376e+10]
0.005 5.01e-04 [1.33215521e+10]
0.007 5.01e-04 [1.32689376e+10]
0.010 5.01e-04 [1.31575066e+10]
0.020 5.01e-04 [1.25149621e+10]
0.040 5.01e-04 [1.01532013e+10]
0.060 5.01e-04 [6.91241372e+09]
0.080 5.01e-04 [3.65714303e+09]
0.100 5.01e-04 [1.23603987e+09]
0.120 5.01e-04 [1.30404696e+08]
0.001 1.00e-03 [5.32382324e+10]
0.002 1.00e-03 [5.32179773e+10]
0.003 1.00e-03 [5.31741549e+10]
0.004 1.00e-03 [5.31128711e+10]
0.005 1.00e-03 [5.30341036e+10]
0.007 1.00e-03 [5.28246411e+10]
0.010 1.00e-03 [5.23810261e+10]
0.020 1.00e-03 [4.98230081e+10]
0.040 1.00e-03 [4.04206602e+10]
0.060 1.00e-03 [2.75188403e+10]
0.080 1.00e-03 [1.45593622e+10]
0.100 1.00e-03 [4.92076794e+09]
0.120 1.00e-03 [5.19150929e+08]
0.001 1.00e-09 [0.05323823]
0.002 1.00e-09 [0.05321798]
0.003 1.00e-09 [0.05317415]
0.004 1.00e-09 [0.05311287]
0.005 1.00e-09 [0.0530341]
0.007 1.00e-09 [0.05282464]
0.010 1.00e-09 [0.05238103]
0.020 1.00e-09 [0.04982301]
0.040 1.00e-09 [0.04042066]
0.060 1.00e-09 [0.02751884]
0.080 1.00e-09 [0.01455936]
0.100 1.00e-09 [0.00492077]
0.120 1.00e-09 [0.00051915]
0.001 2.00e-09 [0.21295293]
0.002 2.00e-09 [0.21287191]
0.003 2.00e-09 [0.21269662]
0.004 2.00e-09 [0.21245148]
0.005 2.00e-09 [0.21213641]
0.007 2.00e-09 [0.21129856]
0.010 2.00e-09 [0.2095241]
0.020 2.00e-09 [0.19929203]
0.040 2.00e-09 [0.16168264]
0.060 2.00e-09 [0.11007536]
0.080 2.00e-09 [0.05823745]
0.100 2.00e-09 [0.01968307]
0.120 2.00e-09 [0.0020766]
0.001 4.00e-09 [0.85181172]
0.002 4.00e-09 [0.85148764]
0.003 4.00e-09 [0.85078648]
0.004 4.00e-09 [0.84980594]
0.005 4.00e-09 [0.84854566]
0.007 4.00e-09 [0.84519426]
0.010 4.00e-09 [0.83809642]
0.020 4.00e-09 [0.79716813]
0.040 4.00e-09 [0.64673056]
0.060 4.00e-09 [0.44030145]
0.080 4.00e-09 [0.2329498]
0.100 4.00e-09 [0.07873229]
0.120 4.00e-09 [0.00830641]
0.001 8.00e-09 [3.40724687]
0.002 8.00e-09 [3.40595055]
0.003 8.00e-09 [3.40314591]
0.004 8.00e-09 [3.39922375]
0.005 8.00e-09 [3.39418263]
0.007 8.00e-09 [3.38077703]
0.010 8.00e-09 [3.35238567]
0.020 8.00e-09 [3.18867252]
0.040 8.00e-09 [2.58692225]
0.060 8.00e-09 [1.76120578]
0.080 8.00e-09 [0.93179918]
0.100 8.00e-09 [0.31492915]
0.120 8.00e-09 [0.03322566]
0.001 1.60e-08 [13.62898749]
0.002 1.60e-08 [13.62380219]
0.003 1.60e-08 [13.61258365]
0.004 1.60e-08 [13.596895]
0.005 1.60e-08 [13.57673053]
0.007 1.60e-08 [13.52310813]
0.010 1.60e-08 [13.40954268]
0.020 1.60e-08 [12.75469007]
0.040 1.60e-08 [10.347689]
0.060 1.60e-08 [7.04482313]
0.080 1.60e-08 [3.72719673]
0.100 1.60e-08 [1.25971659]
0.120 1.60e-08 [0.13290264]
0.001 3.20e-08 [54.51594995]
0.002 3.20e-08 [54.49520874]
0.003 3.20e-08 [54.45033458]
0.004 3.20e-08 [54.38758]
0.005 3.20e-08 [54.30692212]
0.007 3.20e-08 [54.0924325]
0.010 3.20e-08 [53.63817071]
0.020 3.20e-08 [51.01876028]
0.040 3.20e-08 [41.390756]
0.060 3.20e-08 [28.1792925]
0.080 3.20e-08 [14.9087869]
0.100 3.20e-08 [5.03886638]
0.120 3.20e-08 [0.53161055]
0.001 6.30e-08 [211.30254429]
0.002 6.30e-08 [211.22215185]
0.003 6.30e-08 [211.04822066]
0.004 6.30e-08 [210.80498537]
0.005 6.30e-08 [210.49235731]
0.007 6.30e-08 [209.6610006]
0.010 6.30e-08 [207.90029251]
0.020 6.30e-08 [197.7475191]
0.040 6.30e-08 [160.42960015]
0.060 6.30e-08 [109.22227729]
0.080 6.30e-08 [57.78610862]
0.100 6.30e-08 [19.53052797]
0.120 6.30e-08 [2.06051004]
0.001 1.26e-07 [845.21017715]
0.002 1.26e-07 [844.88860741]
0.003 1.26e-07 [844.19288263]
0.004 1.26e-07 [843.21994148]
0.005 1.26e-07 [841.96942922]
0.007 1.26e-07 [838.64400239]
0.010 1.26e-07 [831.60117005]
0.020 1.26e-07 [790.9900764]
0.040 1.26e-07 [641.71840061]
0.060 1.26e-07 [436.88910915]
0.080 1.26e-07 [231.14443447]
0.100 1.26e-07 [78.12211189]
0.120 1.26e-07 [8.24204015]
0.001 2.51e-07 [3354.06187773]
0.002 2.51e-07 [3352.78578707]
0.003 2.51e-07 [3350.02493063]
0.004 2.51e-07 [3346.16399178]
0.005 2.51e-07 [3341.20156276]
0.007 2.51e-07 [3328.00521507]
0.010 2.51e-07 [3300.05702407]
0.020 2.51e-07 [3138.89933252]
0.040 2.51e-07 [2546.54201038]
0.060 2.51e-07 [1733.71445991]
0.080 2.51e-07 [917.2543787]
0.100 2.51e-07 [310.01330127]
0.120 2.51e-07 [32.70702767]
0.001 5.01e-07 [13362.84956385]
0.002 5.01e-07 [13357.76551705]
0.003 5.01e-07 [13346.76604518]
0.004 5.01e-07 [13331.38375741]
0.005 5.01e-07 [13311.6130451]
0.007 5.01e-07 [13259.03774522]
0.010 5.01e-07 [13147.68992713]
0.020 5.01e-07 [12505.62485295]
0.040 5.01e-07 [10145.62611937]
0.060 5.01e-07 [6907.25644278]
0.080 5.01e-07 [3654.41447451]
0.100 5.01e-07 [1235.11767484]
0.120 5.01e-07 [130.3074023]
0.001 1.00e-06 [53238.23237298]
0.002 1.00e-06 [53217.97728712]
0.003 1.00e-06 [53174.15486464]
0.004 1.00e-06 [53112.87109378]
0.005 1.00e-06 [53034.10362947]
0.007 1.00e-06 [52824.64111786]
0.010 1.00e-06 [52381.02608011]
0.020 1.00e-06 [49823.00808742]
0.040 1.00e-06 [40420.66015421]
0.060 1.00e-06 [27518.84033443]
0.080 1.00e-06 [14559.36221174]
0.100 1.00e-06 [4920.76794453]
0.120 1.00e-06 [519.15092886]
0.001 1.99e-06 [211889.49580026]
0.002 1.99e-06 [211808.88005218]
0.003 1.99e-06 [211634.46571514]
0.004 1.99e-06 [211390.55477501]
0.005 1.99e-06 [211077.05829787]
0.007 1.99e-06 [210243.39226512]
0.010 1.99e-06 [208477.79332448]
0.020 1.99e-06 [198296.81776312]
0.040 1.99e-06 [160875.23793026]
0.060 1.99e-06 [109525.67250204]
0.080 1.99e-06 [57946.62558677]
0.100 1.99e-06 [19584.77943842]
0.120 1.99e-06 [2066.23367564]
0.001 3.98e-06 [843738.72564883]
0.002 3.98e-06 [843417.71573612]
0.003 3.98e-06 [842723.20216473]
0.004 3.98e-06 [841751.95484065]
0.005 3.98e-06 [840503.6196312]
0.007 3.98e-06 [837183.98213134]
0.010 3.98e-06 [830153.41086796]
0.020 3.98e-06 [789613.0182753]
0.040 3.98e-06 [640601.21398224]
0.060 3.98e-06 [436128.51592142]
0.080 3.98e-06 [230742.02826138]
0.100 3.98e-06 [77986.10678211]
0.120 3.98e-06 [8227.69133408]
0.001 7.94e-06 [3358866.57496337]
0.002 7.94e-06 [3357588.6562982]
0.003 7.94e-06 [3354823.8449296]
0.004 7.94e-06 [3350957.37528242]
0.005 7.94e-06 [3345987.83757848]
0.007 7.94e-06 [3332772.58610274]
0.010 7.94e-06 [3304784.35929556]
0.020 7.94e-06 [3143395.80917223]
0.040 7.94e-06 [2550189.93453366]
0.060 7.94e-06 [1736198.00773083]
0.080 7.94e-06 [918568.34658193]
0.100 7.94e-06 [310457.39565946]
0.120 7.94e-06 [32753.88052136]
0.001 1.58e-05 [13372954.2335923]
0.002 1.58e-05 [13367866.34235214]
0.003 1.58e-05 [13356858.55294711]
0.004 1.58e-05 [13341464.63345571]
0.005 1.58e-05 [13321678.97100271]
0.007 1.58e-05 [13269063.91493356]
0.010 1.58e-05 [13157631.89826411]
0.020 1.58e-05 [12515081.30970771]
0.040 1.58e-05 [10153298.00108485]
0.060 1.58e-05 [6912479.54619682]
0.080 1.58e-05 [3657177.85601553]
0.100 1.58e-05 [1236051.64152123]
0.120 1.58e-05 [130405.93766052]
0.001 3.16e-05 [53238984.57596248]
0.002 3.16e-05 [53218729.2039237]
0.003 3.16e-05 [53174906.16227467]
0.004 3.16e-05 [53113621.52553318]
0.005 3.16e-05 [53034852.94831672]
0.007 3.16e-05 [52825387.47721744]
0.010 3.16e-05 [52381766.17162507]
0.020 3.16e-05 [49823712.0366981]
0.040 3.16e-05 [40421231.25771756]
0.060 3.16e-05 [27519229.14812605]
0.080 3.16e-05 [14559567.9209664]
0.100 3.16e-05 [4920837.47005875]
0.120 3.16e-05 [519158.2639446]
0.001 6.31e-05 [2.11947005e+08]
0.002 6.31e-05 [2.11866367e+08]
0.003 6.31e-05 [2.11691905e+08]
0.004 6.31e-05 [2.11447928e+08]
0.005 6.31e-05 [2.11134347e+08]
0.007 6.31e-05 [2.10300454e+08]
0.010 6.31e-05 [2.08534376e+08]
0.020 6.31e-05 [1.98350637e+08]
0.040 6.31e-05 [1.60918901e+08]
0.060 6.31e-05 [1.09555399e+08]
0.080 6.31e-05 [57962352.8427823]
0.100 6.31e-05 [19590094.93068784]
0.120 6.31e-05 [2066794.47078027]
0.001 1.26e-04 [8.43775271e+08]
0.002 1.26e-04 [8.43454247e+08]
0.003 1.26e-04 [8.42759704e+08]
0.004 1.26e-04 [8.41788414e+08]
0.005 1.26e-04 [8.40540025e+08]
0.007 1.26e-04 [8.37220244e+08]
0.010 1.26e-04 [8.30189368e+08]
0.020 1.26e-04 [7.89647219e+08]
0.040 1.26e-04 [6.40628961e+08]
0.060 1.26e-04 [4.36147406e+08]
0.080 1.26e-04 [2.30752023e+08]
0.100 1.26e-04 [77989484.63834973]
0.120 1.26e-04 [8228047.70471239]
0.001 2.51e-04 [3.35911492e+09]
0.002 2.51e-04 [3.3578369e+09]
0.003 2.51e-04 [3.35507189e+09]
0.004 2.51e-04 [3.35120513e+09]
0.005 2.51e-04 [3.34623523e+09]
0.007 2.51e-04 [3.333019e+09]
0.010 2.51e-04 [3.3050287e+09]
0.020 2.51e-04 [3.14362822e+09]
0.040 2.51e-04 [2.55037849e+09]
0.060 2.51e-04 [1.73632638e+09]
0.080 2.51e-04 [9.18636262e+08]
0.100 2.51e-04 [3.1048035e+08]
0.120 2.51e-04 [32756302.21559853]
0.001 5.01e-04 [1.33728269e+10]
0.002 5.01e-04 [1.3367739e+10]
0.003 5.01e-04 [1.33567314e+10]
0.004 5.01e-04 [1.33413376e+10]
0.005 5.01e-04 [1.33215521e+10]
0.007 5.01e-04 [1.32689376e+10]
0.010 5.01e-04 [1.31575066e+10]
0.020 5.01e-04 [1.25149621e+10]
0.040 5.01e-04 [1.01532013e+10]
0.060 5.01e-04 [6.91241372e+09]
0.080 5.01e-04 [3.65714303e+09]
0.100 5.01e-04 [1.23603987e+09]
0.120 5.01e-04 [1.30404696e+08]
0.001 1.00e-03 [5.32382324e+10]
0.002 1.00e-03 [5.32179773e+10]
0.003 1.00e-03 [5.31741549e+10]
0.004 1.00e-03 [5.31128711e+10]
0.005 1.00e-03 [5.30341036e+10]
0.007 1.00e-03 [5.28246411e+10]
0.010 1.00e-03 [5.23810261e+10]
0.020 1.00e-03 [4.98230081e+10]
0.040 1.00e-03 [4.04206602e+10]
0.060 1.00e-03 [2.75188403e+10]
0.080 1.00e-03 [1.45593622e+10]
0.100 1.00e-03 [4.92076794e+09]
0.120 1.00e-03 [5.19150929e+08]
0.001 1.00e-09 [0.05323823]
0.002 1.00e-09 [0.05321798]
0.003 1.00e-09 [0.05317415]
0.004 1.00e-09 [0.05311287]
0.005 1.00e-09 [0.0530341]
0.007 1.00e-09 [0.05282464]
0.010 1.00e-09 [0.05238103]
0.020 1.00e-09 [0.04982301]
0.040 1.00e-09 [0.04042066]
0.060 1.00e-09 [0.02751884]
0.080 1.00e-09 [0.01455936]
0.100 1.00e-09 [0.00492077]
0.120 1.00e-09 [0.00051915]
0.001 2.00e-09 [0.21295293]
0.002 2.00e-09 [0.21287191]
0.003 2.00e-09 [0.21269662]
0.004 2.00e-09 [0.21245148]
0.005 2.00e-09 [0.21213641]
0.007 2.00e-09 [0.21129856]
0.010 2.00e-09 [0.2095241]
0.020 2.00e-09 [0.19929203]
0.040 2.00e-09 [0.16168264]
0.060 2.00e-09 [0.11007536]
0.080 2.00e-09 [0.05823745]
0.100 2.00e-09 [0.01968307]
0.120 2.00e-09 [0.0020766]
0.001 4.00e-09 [0.85181172]
0.002 4.00e-09 [0.85148764]
0.003 4.00e-09 [0.85078648]
0.004 4.00e-09 [0.84980594]
0.005 4.00e-09 [0.84854566]
0.007 4.00e-09 [0.84519426]
0.010 4.00e-09 [0.83809642]
0.020 4.00e-09 [0.79716813]
0.040 4.00e-09 [0.64673056]
0.060 4.00e-09 [0.44030145]
0.080 4.00e-09 [0.2329498]
0.100 4.00e-09 [0.07873229]
0.120 4.00e-09 [0.00830641]
0.001 8.00e-09 [3.40724687]
0.002 8.00e-09 [3.40595055]
0.003 8.00e-09 [3.40314591]
0.004 8.00e-09 [3.39922375]
0.005 8.00e-09 [3.39418263]
0.007 8.00e-09 [3.38077703]
0.010 8.00e-09 [3.35238567]
0.020 8.00e-09 [3.18867252]
0.040 8.00e-09 [2.58692225]
0.060 8.00e-09 [1.76120578]
0.080 8.00e-09 [0.93179918]
0.100 8.00e-09 [0.31492915]
0.120 8.00e-09 [0.03322566]
0.001 1.60e-08 [13.62898749]
0.002 1.60e-08 [13.62380219]
0.003 1.60e-08 [13.61258365]
0.004 1.60e-08 [13.596895]
0.005 1.60e-08 [13.57673053]
0.007 1.60e-08 [13.52310813]
0.010 1.60e-08 [13.40954268]
0.020 1.60e-08 [12.75469007]
0.040 1.60e-08 [10.347689]
0.060 1.60e-08 [7.04482313]
0.080 1.60e-08 [3.72719673]
0.100 1.60e-08 [1.25971659]
0.120 1.60e-08 [0.13290264]
0.001 3.20e-08 [54.51594995]
0.002 3.20e-08 [54.49520874]
0.003 3.20e-08 [54.45033458]
0.004 3.20e-08 [54.38758]
0.005 3.20e-08 [54.30692212]
0.007 3.20e-08 [54.0924325]
0.010 3.20e-08 [53.63817071]
0.020 3.20e-08 [51.01876028]
0.040 3.20e-08 [41.390756]
0.060 3.20e-08 [28.1792925]
0.080 3.20e-08 [14.9087869]
0.100 3.20e-08 [5.03886638]
0.120 3.20e-08 [0.53161055]
0.001 6.30e-08 [211.30254429]
0.002 6.30e-08 [211.22215185]
0.003 6.30e-08 [211.04822066]
0.004 6.30e-08 [210.80498537]
0.005 6.30e-08 [210.49235731]
0.007 6.30e-08 [209.6610006]
0.010 6.30e-08 [207.90029251]
0.020 6.30e-08 [197.7475191]
0.040 6.30e-08 [160.42960015]
0.060 6.30e-08 [109.22227729]
0.080 6.30e-08 [57.78610862]
0.100 6.30e-08 [19.53052797]
0.120 6.30e-08 [2.06051004]
0.001 1.26e-07 [845.21017715]
0.002 1.26e-07 [844.88860741]
0.003 1.26e-07 [844.19288263]
0.004 1.26e-07 [843.21994148]
0.005 1.26e-07 [841.96942922]
0.007 1.26e-07 [838.64400239]
0.010 1.26e-07 [831.60117005]
0.020 1.26e-07 [790.9900764]
0.040 1.26e-07 [641.71840061]
0.060 1.26e-07 [436.88910915]
0.080 1.26e-07 [231.14443447]
0.100 1.26e-07 [78.12211189]
0.120 1.26e-07 [8.24204015]
0.001 2.51e-07 [3354.06187773]
0.002 2.51e-07 [3352.78578707]
0.003 2.51e-07 [3350.02493063]
0.004 2.51e-07 [3346.16399178]
0.005 2.51e-07 [3341.20156276]
0.007 2.51e-07 [3328.00521507]
0.010 2.51e-07 [3300.05702407]
0.020 2.51e-07 [3138.89933252]
0.040 2.51e-07 [2546.54201038]
0.060 2.51e-07 [1733.71445991]
0.080 2.51e-07 [917.2543787]
0.100 2.51e-07 [310.01330127]
0.120 2.51e-07 [32.70702767]
0.001 5.01e-07 [13362.84956385]
0.002 5.01e-07 [13357.76551705]
0.003 5.01e-07 [13346.76604518]
0.004 5.01e-07 [13331.38375741]
0.005 5.01e-07 [13311.6130451]
0.007 5.01e-07 [13259.03774522]
0.010 5.01e-07 [13147.68992713]
0.020 5.01e-07 [12505.62485295]
0.040 5.01e-07 [10145.62611937]
0.060 5.01e-07 [6907.25644278]
0.080 5.01e-07 [3654.41447451]
0.100 5.01e-07 [1235.11767484]
0.120 5.01e-07 [130.3074023]
0.001 1.00e-06 [53238.23237298]
0.002 1.00e-06 [53217.97728712]
0.003 1.00e-06 [53174.15486464]
0.004 1.00e-06 [53112.87109378]
0.005 1.00e-06 [53034.10362947]
0.007 1.00e-06 [52824.64111786]
0.010 1.00e-06 [52381.02608011]
0.020 1.00e-06 [49823.00808742]
0.040 1.00e-06 [40420.66015421]
0.060 1.00e-06 [27518.84033443]
0.080 1.00e-06 [14559.36221174]
0.100 1.00e-06 [4920.76794453]
0.120 1.00e-06 [519.15092886]
0.001 1.99e-06 [211889.49580026]
0.002 1.99e-06 [211808.88005218]
0.003 1.99e-06 [211634.46571514]
0.004 1.99e-06 [211390.55477501]
0.005 1.99e-06 [211077.05829787]
0.007 1.99e-06 [210243.39226512]
0.010 1.99e-06 [208477.79332448]
0.020 1.99e-06 [198296.81776312]
0.040 1.99e-06 [160875.23793026]
0.060 1.99e-06 [109525.67250204]
0.080 1.99e-06 [57946.62558677]
0.100 1.99e-06 [19584.77943842]
0.120 1.99e-06 [2066.23367564]
0.001 3.98e-06 [843738.72564883]
0.002 3.98e-06 [843417.71573612]
0.003 3.98e-06 [842723.20216473]
0.004 3.98e-06 [841751.95484065]
0.005 3.98e-06 [840503.6196312]
0.007 3.98e-06 [837183.98213134]
0.010 3.98e-06 [830153.41086796]
0.020 3.98e-06 [789613.0182753]
0.040 3.98e-06 [640601.21398224]
0.060 3.98e-06 [436128.51592142]
0.080 3.98e-06 [230742.02826138]
0.100 3.98e-06 [77986.10678211]
0.120 3.98e-06 [8227.69133408]
0.001 7.94e-06 [3358866.57496337]
0.002 7.94e-06 [3357588.6562982]
0.003 7.94e-06 [3354823.8449296]
0.004 7.94e-06 [3350957.37528242]
0.005 7.94e-06 [3345987.83757848]
0.007 7.94e-06 [3332772.58610274]
0.010 7.94e-06 [3304784.35929556]
0.020 7.94e-06 [3143395.80917223]
0.040 7.94e-06 [2550189.93453366]
0.060 7.94e-06 [1736198.00773083]
0.080 7.94e-06 [918568.34658193]
0.100 7.94e-06 [310457.39565946]
0.120 7.94e-06 [32753.88052136]
0.001 1.58e-05 [13372954.2335923]
0.002 1.58e-05 [13367866.34235214]
0.003 1.58e-05 [13356858.55294711]
0.004 1.58e-05 [13341464.63345571]
0.005 1.58e-05 [13321678.97100271]
0.007 1.58e-05 [13269063.91493356]
0.010 1.58e-05 [13157631.89826411]
0.020 1.58e-05 [12515081.30970771]
0.040 1.58e-05 [10153298.00108485]
0.060 1.58e-05 [6912479.54619682]
0.080 1.58e-05 [3657177.85601553]
0.100 1.58e-05 [1236051.64152123]
0.120 1.58e-05 [130405.93766052]
0.001 3.16e-05 [53238984.57596248]
0.002 3.16e-05 [53218729.2039237]
0.003 3.16e-05 [53174906.16227467]
0.004 3.16e-05 [53113621.52553318]
0.005 3.16e-05 [53034852.94831672]
0.007 3.16e-05 [52825387.47721744]
0.010 3.16e-05 [52381766.17162507]
0.020 3.16e-05 [49823712.0366981]
0.040 3.16e-05 [40421231.25771756]
0.060 3.16e-05 [27519229.14812605]
0.080 3.16e-05 [14559567.9209664]
0.100 3.16e-05 [4920837.47005875]
0.120 3.16e-05 [519158.2639446]
0.001 6.31e-05 [2.11947005e+08]
0.002 6.31e-05 [2.11866367e+08]
0.003 6.31e-05 [2.11691905e+08]
0.004 6.31e-05 [2.11447928e+08]
0.005 6.31e-05 [2.11134347e+08]
0.007 6.31e-05 [2.10300454e+08]
0.010 6.31e-05 [2.08534376e+08]
0.020 6.31e-05 [1.98350637e+08]
0.040 6.31e-05 [1.60918901e+08]
0.060 6.31e-05 [1.09555399e+08]
0.080 6.31e-05 [57962352.8427823]
0.100 6.31e-05 [19590094.93068784]
0.120 6.31e-05 [2066794.47078027]
0.001 1.26e-04 [8.43775271e+08]
0.002 1.26e-04 [8.43454247e+08]
0.003 1.26e-04 [8.42759704e+08]
0.004 1.26e-04 [8.41788414e+08]
0.005 1.26e-04 [8.40540025e+08]
0.007 1.26e-04 [8.37220244e+08]
0.010 1.26e-04 [8.30189368e+08]
0.020 1.26e-04 [7.89647219e+08]
0.040 1.26e-04 [6.40628961e+08]
0.060 1.26e-04 [4.36147406e+08]
0.080 1.26e-04 [2.30752023e+08]
0.100 1.26e-04 [77989484.63834973]
0.120 1.26e-04 [8228047.70471239]
0.001 2.51e-04 [3.35911492e+09]
0.002 2.51e-04 [3.3578369e+09]
0.003 2.51e-04 [3.35507189e+09]
0.004 2.51e-04 [3.35120513e+09]
0.005 2.51e-04 [3.34623523e+09]
0.007 2.51e-04 [3.333019e+09]
0.010 2.51e-04 [3.3050287e+09]
0.020 2.51e-04 [3.14362822e+09]
0.040 2.51e-04 [2.55037849e+09]
0.060 2.51e-04 [1.73632638e+09]
0.080 2.51e-04 [9.18636262e+08]
0.100 2.51e-04 [3.1048035e+08]
0.120 2.51e-04 [32756302.21559853]
0.001 5.01e-04 [1.33728269e+10]
0.002 5.01e-04 [1.3367739e+10]
0.003 5.01e-04 [1.33567314e+10]
0.004 5.01e-04 [1.33413376e+10]
0.005 5.01e-04 [1.33215521e+10]
0.007 5.01e-04 [1.32689376e+10]
0.010 5.01e-04 [1.31575066e+10]
0.020 5.01e-04 [1.25149621e+10]
0.040 5.01e-04 [1.01532013e+10]
0.060 5.01e-04 [6.91241372e+09]
0.080 5.01e-04 [3.65714303e+09]
0.100 5.01e-04 [1.23603987e+09]
0.120 5.01e-04 [1.30404696e+08]
0.001 1.00e-03 [5.32382324e+10]
0.002 1.00e-03 [5.32179773e+10]
0.003 1.00e-03 [5.31741549e+10]
0.004 1.00e-03 [5.31128711e+10]
0.005 1.00e-03 [5.30341036e+10]
0.007 1.00e-03 [5.28246411e+10]
0.010 1.00e-03 [5.23810261e+10]
0.020 1.00e-03 [4.98230081e+10]
0.040 1.00e-03 [4.04206602e+10]
0.060 1.00e-03 [2.75188403e+10]
0.080 1.00e-03 [1.45593622e+10]
0.100 1.00e-03 [4.92076794e+09]
0.120 1.00e-03 [5.19150929e+08]
0.001 1.00e-09 [0.05323823]
0.002 1.00e-09 [0.05321798]
0.003 1.00e-09 [0.05317415]
0.004 1.00e-09 [0.05311287]
0.005 1.00e-09 [0.0530341]
0.007 1.00e-09 [0.05282464]
0.010 1.00e-09 [0.05238103]
0.020 1.00e-09 [0.04982301]
0.040 1.00e-09 [0.04042066]
0.060 1.00e-09 [0.02751884]
0.080 1.00e-09 [0.01455936]
0.100 1.00e-09 [0.00492077]
0.120 1.00e-09 [0.00051915]
0.001 2.00e-09 [0.21295293]
0.002 2.00e-09 [0.21287191]
0.003 2.00e-09 [0.21269662]
0.004 2.00e-09 [0.21245148]
0.005 2.00e-09 [0.21213641]
0.007 2.00e-09 [0.21129856]
0.010 2.00e-09 [0.2095241]
0.020 2.00e-09 [0.19929203]
0.040 2.00e-09 [0.16168264]
0.060 2.00e-09 [0.11007536]
0.080 2.00e-09 [0.05823745]
0.100 2.00e-09 [0.01968307]
0.120 2.00e-09 [0.0020766]
0.001 4.00e-09 [0.85181172]
0.002 4.00e-09 [0.85148764]
0.003 4.00e-09 [0.85078648]
0.004 4.00e-09 [0.84980594]
0.005 4.00e-09 [0.84854566]
0.007 4.00e-09 [0.84519426]
0.010 4.00e-09 [0.83809642]
0.020 4.00e-09 [0.79716813]
0.040 4.00e-09 [0.64673056]
0.060 4.00e-09 [0.44030145]
0.080 4.00e-09 [0.2329498]
0.100 4.00e-09 [0.07873229]
0.120 4.00e-09 [0.00830641]
0.001 8.00e-09 [3.40724687]
0.002 8.00e-09 [3.40595055]
0.003 8.00e-09 [3.40314591]
0.004 8.00e-09 [3.39922375]
0.005 8.00e-09 [3.39418263]
0.007 8.00e-09 [3.38077703]
0.010 8.00e-09 [3.35238567]
0.020 8.00e-09 [3.18867252]
0.040 8.00e-09 [2.58692225]
0.060 8.00e-09 [1.76120578]
0.080 8.00e-09 [0.93179918]
0.100 8.00e-09 [0.31492915]
0.120 8.00e-09 [0.03322566]
0.001 1.60e-08 [13.62898749]
0.002 1.60e-08 [13.62380219]
0.003 1.60e-08 [13.61258365]
0.004 1.60e-08 [13.596895]
0.005 1.60e-08 [13.57673053]
0.007 1.60e-08 [13.52310813]
0.010 1.60e-08 [13.40954268]
0.020 1.60e-08 [12.75469007]
0.040 1.60e-08 [10.347689]
0.060 1.60e-08 [7.04482313]
0.080 1.60e-08 [3.72719673]
0.100 1.60e-08 [1.25971659]
0.120 1.60e-08 [0.13290264]
0.001 3.20e-08 [54.51594995]
0.002 3.20e-08 [54.49520874]
0.003 3.20e-08 [54.45033458]
0.004 3.20e-08 [54.38758]
0.005 3.20e-08 [54.30692212]
0.007 3.20e-08 [54.0924325]
0.010 3.20e-08 [53.63817071]
0.020 3.20e-08 [51.01876028]
0.040 3.20e-08 [41.390756]
0.060 3.20e-08 [28.1792925]
0.080 3.20e-08 [14.9087869]
0.100 3.20e-08 [5.03886638]
0.120 3.20e-08 [0.53161055]
0.001 6.30e-08 [211.30254429]
0.002 6.30e-08 [211.22215185]
0.003 6.30e-08 [211.04822066]
0.004 6.30e-08 [210.80498537]
0.005 6.30e-08 [210.49235731]
0.007 6.30e-08 [209.6610006]
0.010 6.30e-08 [207.90029251]
0.020 6.30e-08 [197.7475191]
0.040 6.30e-08 [160.42960015]
0.060 6.30e-08 [109.22227729]
0.080 6.30e-08 [57.78610862]
0.100 6.30e-08 [19.53052797]
0.120 6.30e-08 [2.06051004]
0.001 1.26e-07 [845.21017715]
0.002 1.26e-07 [844.88860741]
0.003 1.26e-07 [844.19288263]
0.004 1.26e-07 [843.21994148]
0.005 1.26e-07 [841.96942922]
0.007 1.26e-07 [838.64400239]
0.010 1.26e-07 [831.60117005]
0.020 1.26e-07 [790.9900764]
0.040 1.26e-07 [641.71840061]
0.060 1.26e-07 [436.88910915]
0.080 1.26e-07 [231.14443447]
0.100 1.26e-07 [78.12211189]
0.120 1.26e-07 [8.24204015]
0.001 2.51e-07 [3354.06187773]
0.002 2.51e-07 [3352.78578707]
0.003 2.51e-07 [3350.02493063]
0.004 2.51e-07 [3346.16399178]
0.005 2.51e-07 [3341.20156276]
0.007 2.51e-07 [3328.00521507]
0.010 2.51e-07 [3300.05702407]
0.020 2.51e-07 [3138.89933252]
0.040 2.51e-07 [2546.54201038]
0.060 2.51e-07 [1733.71445991]
0.080 2.51e-07 [917.2543787]
0.100 2.51e-07 [310.01330127]
0.120 2.51e-07 [32.70702767]
0.001 5.01e-07 [13362.84956385]
0.002 5.01e-07 [13357.76551705]
0.003 5.01e-07 [13346.76604518]
0.004 5.01e-07 [13331.38375741]
0.005 5.01e-07 [13311.6130451]
0.007 5.01e-07 [13259.03774522]
0.010 5.01e-07 [13147.68992713]
0.020 5.01e-07 [12505.62485295]
0.040 5.01e-07 [10145.62611937]
0.060 5.01e-07 [6907.25644278]
0.080 5.01e-07 [3654.41447451]
0.100 5.01e-07 [1235.11767484]
0.120 5.01e-07 [130.3074023]
0.001 1.00e-06 [53238.23237298]
0.002 1.00e-06 [53217.97728712]
0.003 1.00e-06 [53174.15486464]
0.004 1.00e-06 [53112.87109378]
0.005 1.00e-06 [53034.10362947]
0.007 1.00e-06 [52824.64111786]
0.010 1.00e-06 [52381.02608011]
0.020 1.00e-06 [49823.00808742]
0.040 1.00e-06 [40420.66015421]
0.060 1.00e-06 [27518.84033443]
0.080 1.00e-06 [14559.36221174]
0.100 1.00e-06 [4920.76794453]
0.120 1.00e-06 [519.15092886]
0.001 1.99e-06 [211889.49580026]
0.002 1.99e-06 [211808.88005218]
0.003 1.99e-06 [211634.46571514]
0.004 1.99e-06 [211390.55477501]
0.005 1.99e-06 [211077.05829787]
0.007 1.99e-06 [210243.39226512]
0.010 1.99e-06 [208477.79332448]
0.020 1.99e-06 [198296.81776312]
0.040 1.99e-06 [160875.23793026]
0.060 1.99e-06 [109525.67250204]
0.080 1.99e-06 [57946.62558677]
0.100 1.99e-06 [19584.77943842]
0.120 1.99e-06 [2066.23367564]
0.001 3.98e-06 [843738.72564883]
0.002 3.98e-06 [843417.71573612]
0.003 3.98e-06 [842723.20216473]
0.004 3.98e-06 [841751.95484065]
0.005 3.98e-06 [840503.6196312]
0.007 3.98e-06 [837183.98213134]
0.010 3.98e-06 [830153.41086796]
0.020 3.98e-06 [789613.0182753]
0.040 3.98e-06 [640601.21398224]
0.060 3.98e-06 [436128.51592142]
0.080 3.98e-06 [230742.02826138]
0.100 3.98e-06 [77986.10678211]
0.120 3.98e-06 [8227.69133408]
0.001 7.94e-06 [3358866.57496337]
0.002 7.94e-06 [3357588.6562982]
0.003 7.94e-06 [3354823.8449296]
0.004 7.94e-06 [3350957.37528242]
0.005 7.94e-06 [3345987.83757848]
0.007 7.94e-06 [3332772.58610274]
0.010 7.94e-06 [3304784.35929556]
0.020 7.94e-06 [3143395.80917223]
0.040 7.94e-06 [2550189.93453366]
0.060 7.94e-06 [1736198.00773083]
0.080 7.94e-06 [918568.34658193]
0.100 7.94e-06 [310457.39565946]
0.120 7.94e-06 [32753.88052136]
0.001 1.58e-05 [13372954.2335923]
0.002 1.58e-05 [13367866.34235214]
0.003 1.58e-05 [13356858.55294711]
0.004 1.58e-05 [13341464.63345571]
0.005 1.58e-05 [13321678.97100271]
0.007 1.58e-05 [13269063.91493356]
0.010 1.58e-05 [13157631.89826411]
0.020 1.58e-05 [12515081.30970771]
0.040 1.58e-05 [10153298.00108485]
0.060 1.58e-05 [6912479.54619682]
0.080 1.58e-05 [3657177.85601553]
0.100 1.58e-05 [1236051.64152123]
0.120 1.58e-05 [130405.93766052]
0.001 3.16e-05 [53238984.57596248]
0.002 3.16e-05 [53218729.2039237]
0.003 3.16e-05 [53174906.16227467]
0.004 3.16e-05 [53113621.52553318]
0.005 3.16e-05 [53034852.94831672]
0.007 3.16e-05 [52825387.47721744]
0.010 3.16e-05 [52381766.17162507]
0.020 3.16e-05 [49823712.0366981]
0.040 3.16e-05 [40421231.25771756]
0.060 3.16e-05 [27519229.14812605]
0.080 3.16e-05 [14559567.9209664]
0.100 3.16e-05 [4920837.47005875]
0.120 3.16e-05 [519158.2639446]
0.001 6.31e-05 [2.11947005e+08]
0.002 6.31e-05 [2.11866367e+08]
0.003 6.31e-05 [2.11691905e+08]
0.004 6.31e-05 [2.11447928e+08]
0.005 6.31e-05 [2.11134347e+08]
0.007 6.31e-05 [2.10300454e+08]
0.010 6.31e-05 [2.08534376e+08]
0.020 6.31e-05 [1.98350637e+08]
0.040 6.31e-05 [1.60918901e+08]
0.060 6.31e-05 [1.09555399e+08]
0.080 6.31e-05 [57962352.8427823]
0.100 6.31e-05 [19590094.93068784]
0.120 6.31e-05 [2066794.47078027]
0.001 1.26e-04 [8.43775271e+08]
0.002 1.26e-04 [8.43454247e+08]
0.003 1.26e-04 [8.42759704e+08]
0.004 1.26e-04 [8.41788414e+08]
0.005 1.26e-04 [8.40540025e+08]
0.007 1.26e-04 [8.37220244e+08]
0.010 1.26e-04 [8.30189368e+08]
0.020 1.26e-04 [7.89647219e+08]
0.040 1.26e-04 [6.40628961e+08]
0.060 1.26e-04 [4.36147406e+08]
0.080 1.26e-04 [2.30752023e+08]
0.100 1.26e-04 [77989484.63834973]
0.120 1.26e-04 [8228047.70471239]
0.001 2.51e-04 [3.35911492e+09]
0.002 2.51e-04 [3.3578369e+09]
0.003 2.51e-04 [3.35507189e+09]
0.004 2.51e-04 [3.35120513e+09]
0.005 2.51e-04 [3.34623523e+09]
0.007 2.51e-04 [3.333019e+09]
0.010 2.51e-04 [3.3050287e+09]
0.020 2.51e-04 [3.14362822e+09]
0.040 2.51e-04 [2.55037849e+09]
0.060 2.51e-04 [1.73632638e+09]
0.080 2.51e-04 [9.18636262e+08]
0.100 2.51e-04 [3.1048035e+08]
0.120 2.51e-04 [32756302.21559853]
0.001 5.01e-04 [1.33728269e+10]
0.002 5.01e-04 [1.3367739e+10]
0.003 5.01e-04 [1.33567314e+10]
0.004 5.01e-04 [1.33413376e+10]
0.005 5.01e-04 [1.33215521e+10]
0.007 5.01e-04 [1.32689376e+10]
0.010 5.01e-04 [1.31575066e+10]
0.020 5.01e-04 [1.25149621e+10]
0.040 5.01e-04 [1.01532013e+10]
0.060 5.01e-04 [6.91241372e+09]
0.080 5.01e-04 [3.65714303e+09]
0.100 5.01e-04 [1.23603987e+09]
0.120 5.01e-04 [1.30404696e+08]
0.001 1.00e-03 [5.32382324e+10]
0.002 1.00e-03 [5.32179773e+10]
0.003 1.00e-03 [5.31741549e+10]
0.004 1.00e-03 [5.31128711e+10]
0.005 1.00e-03 [5.30341036e+10]
0.007 1.00e-03 [5.28246411e+10]
0.010 1.00e-03 [5.23810261e+10]
0.020 1.00e-03 [4.98230081e+10]
0.040 1.00e-03 [4.04206602e+10]
0.060 1.00e-03 [2.75188403e+10]
0.080 1.00e-03 [1.45593622e+10]
0.100 1.00e-03 [4.92076794e+09]
0.120 1.00e-03 [5.19150929e+08]
