0.250 1.00e-03 [8.90877642e+08]
0.350 1.00e-03 [1.0776408e+09]
0.450 1.00e-03 [1.51650007e+09]
0.550 1.00e-03 [2.71197981e+09]
0.650 1.00e-03 [7.51425268e+09]
0.750 1.00e-03 [6.00738401e+11]
0.850 1.00e-03 [1.69286575e+10]
0.950 1.00e-03 [4.92634958e+09]
1.050 1.00e-03 [2.76764351e+09]
1.150 1.00e-03 [2.20129156e+09]
1.250 1.00e-03 [1.59795017e+09]
1.350 1.00e-03 [6.46881534e+08]
1.450 1.00e-03 [1.91644804e+08]
1.550 1.00e-03 [56695454.51790377]
1.650 1.00e-03 [20788666.42521506]
1.750 1.00e-03 [8293498.35029529]
1.850 1.00e-03 [3749189.14616042]
1.950 1.00e-03 [1915359.61501988]
2.050 1.00e-03 [1028009.53121552]
2.150 1.00e-03 [576240.53941897]
2.250 1.00e-03 [335403.28363554]
2.350 1.00e-03 [201540.77276362]
2.450 1.00e-03 [124313.15074382]
2.550 1.00e-03 [78294.24085785]
2.650 1.00e-03 [50976.34960998]
2.750 1.00e-03 [34567.20832776]
2.850 1.00e-03 [23556.64348992]
2.950 1.00e-03 [16085.49516005]
3.050 1.00e-03 [10985.29788467]
0.250 5.01e-04 [2.23778137e+08]
0.350 5.01e-04 [2.70690877e+08]
0.450 5.01e-04 [3.80927241e+08]
0.550 5.01e-04 [6.81217893e+08]
0.650 5.01e-04 [1.88749317e+09]
0.750 5.01e-04 [1.50898523e+11]
0.850 5.01e-04 [4.25228255e+09]
0.950 5.01e-04 [1.23744191e+09]
1.050 5.01e-04 [6.9519997e+08]
1.150 5.01e-04 [5.52938925e+08]
1.250 5.01e-04 [4.01386561e+08]
1.350 5.01e-04 [1.62489143e+08]
1.450 5.01e-04 [48138953.31028017]
1.550 5.01e-04 [14241241.01612655]
1.650 5.01e-04 [5221872.04393704]
1.750 5.01e-04 [2083230.6553977]
1.850 5.01e-04 [941752.85654788]
1.950 5.01e-04 [481116.13430032]
2.050 5.01e-04 [258224.07855099]
2.150 5.01e-04 [144744.94428009]
2.250 5.01e-04 [84249.41717939]
2.350 5.01e-04 [50624.70605288]
2.450 5.01e-04 [31226.02254926]
2.550 5.01e-04 [19666.60579252]
2.650 5.01e-04 [12804.66815358]
2.750 5.01e-04 [8682.88206235]
2.850 5.01e-04 [5917.15579888]
2.950 5.01e-04 [4040.48993673]
3.050 5.01e-04 [2759.3794977]
0.250 2.51e-04 [56210738.81787921]
0.350 2.51e-04 [67994730.76434968]
0.450 2.51e-04 [95684957.78077397]
0.550 2.51e-04 [1.71114844e+08]
0.650 2.51e-04 [4.74118639e+08]
0.750 2.51e-04 [3.79041383e+10]
0.850 2.51e-04 [1.06812911e+09]
0.950 2.51e-04 [3.10832528e+08]
1.050 2.51e-04 [1.74626996e+08]
1.150 2.51e-04 [1.38892502e+08]
1.250 2.51e-04 [1.00824126e+08]
1.350 2.51e-04 [40815581.43970967]
1.450 2.51e-04 [12092003.99473662]
1.550 2.51e-04 [3577251.50663454]
1.650 2.51e-04 [1311679.90314002]
1.750 2.51e-04 [523285.85635549]
1.850 2.51e-04 [236558.51488985]
1.950 2.51e-04 [120851.36501398]
2.050 2.51e-04 [64863.20068594]
2.150 2.51e-04 [36358.42335772]
2.250 2.51e-04 [21162.57664601]
2.350 2.51e-04 [12716.39920956]
2.450 2.51e-04 [7843.65183372]
2.550 2.51e-04 [4940.04666602]
2.650 2.51e-04 [3216.3993568]
2.750 2.51e-04 [2181.04959422]
2.850 2.51e-04 [1486.3279452]
2.950 2.51e-04 [1014.92901478]
3.050 2.51e-04 [693.12740753]
0.250 1.26e-04 [14119562.01485997]
0.350 1.26e-04 [17079580.12830055]
0.450 1.26e-04 [24035081.61762797]
0.550 1.26e-04 [42982296.63755031]
0.650 1.26e-04 [1.19093747e+08]
0.750 1.26e-04 [9.52113142e+09]
0.850 1.26e-04 [2.68303096e+08]
0.950 1.26e-04 [78077948.22932675]
1.050 1.26e-04 [43864513.33067641]
1.150 1.26e-04 [34888374.4053814]
1.250 1.26e-04 [25325988.06459734]
1.350 1.26e-04 [10252456.12191175]
1.450 1.26e-04 [3037387.58604098]
1.550 1.26e-04 [898568.94879688]
1.650 1.26e-04 [329480.56057467]
1.750 1.26e-04 [131444.04887203]
1.850 1.26e-04 [59421.07667277]
1.950 1.26e-04 [30356.62542035]
2.050 1.26e-04 [16292.97183826]
2.150 1.26e-04 [9132.86365129]
2.250 1.26e-04 [5315.82255689]
2.350 1.26e-04 [3194.22927044]
2.450 1.26e-04 [1970.24502467]
2.550 1.26e-04 [1240.88913834]
2.650 1.26e-04 [807.92658375]
2.750 1.26e-04 [547.85732497]
2.850 1.26e-04 [373.35036041]
2.950 1.26e-04 [254.93977603]
3.050 1.26e-04 [174.10650742]
0.250 6.31e-05 [3546677.62626587]
0.350 6.31e-05 [4290201.3988328]
0.450 6.31e-05 [6037346.35174947]
0.550 6.31e-05 [10796676.95424859]
0.650 6.31e-05 [29915030.52921529]
0.750 6.31e-05 [2.39160278e+09]
0.850 6.31e-05 [67394766.71338023]
0.950 6.31e-05 [19612316.0051466]
1.050 6.31e-05 [11018280.01840424]
1.150 6.31e-05 [8763573.3169433]
1.250 6.31e-05 [6361607.75647648]
1.350 6.31e-05 [2575303.44805229]
1.450 6.31e-05 [762958.12733934]
1.550 6.31e-05 [225710.56970472]
1.650 6.31e-05 [82761.86833911]
1.750 6.31e-05 [33017.28954125]
1.850 6.31e-05 [14925.91646555]
1.950 6.31e-05 [7625.24815387]
2.050 6.31e-05 [4092.61410682]
2.150 6.31e-05 [2294.07421715]
2.250 6.31e-05 [1335.27576194]
2.350 6.31e-05 [802.35502169]
2.450 6.31e-05 [494.90373284]
2.550 6.31e-05 [311.69761066]
2.650 6.31e-05 [202.94221132]
2.750 6.31e-05 [137.61569338]
2.850 6.31e-05 [93.78147627]
2.950 6.31e-05 [64.03804868]
3.050 6.31e-05 [43.73362671]
0.250 3.16e-05 [890890.22892935]
0.350 3.16e-05 [1077656.02321834]
0.450 3.16e-05 [1516521.499897]
0.550 3.16e-05 [2712018.12428996]
0.650 3.16e-05 [7514358.84649617]
0.750 3.16e-05 [6.00746889e+08]
0.850 3.16e-05 [16928896.6951129]
0.950 3.16e-05 [4926419.18348119]
1.050 3.16e-05 [2767682.61521944]
1.150 3.16e-05 [2201322.66342762]
1.250 3.16e-05 [1597972.74738304]
1.350 3.16e-05 [646890.6735156]
1.450 3.16e-05 [191647.51137658]
1.550 3.16e-05 [56696.25556798]
1.650 3.16e-05 [20788.96014828]
1.750 3.16e-05 [8293.61552913]
1.850 3.16e-05 [3749.24211845]
1.950 3.16e-05 [1915.38667714]
2.050 3.16e-05 [1028.02405596]
2.150 3.16e-05 [576.24868112]
2.250 3.16e-05 [335.40802255]
2.350 3.16e-05 [201.54362033]
2.450 3.16e-05 [124.31490716]
2.550 3.16e-05 [78.29534708]
2.650 3.16e-05 [50.97706985]
2.750 3.16e-05 [34.56769673]
2.850 3.16e-05 [23.55697632]
2.950 3.16e-05 [16.08572243]
3.050 3.16e-05 [10.9854531]
0.250 1.58e-05 [223780.26841642]
0.350 1.58e-05 [270693.45504686]
0.450 1.58e-05 [380930.86812061]
0.550 1.58e-05 [681224.37994765]
0.650 1.58e-05 [1887511.14900778]
0.750 1.58e-05 [1.5089996e+08]
0.850 1.58e-05 [4252323.03981943]
0.950 1.58e-05 [1237453.69677713]
1.050 1.58e-05 [695206.59045683]
1.150 1.58e-05 [552944.19053737]
1.250 1.58e-05 [401390.38314659]
1.350 1.58e-05 [162490.69060885]
1.450 1.58e-05 [48139.41173059]
1.550 1.58e-05 [14241.37663341]
1.650 1.58e-05 [5221.92177107]
1.750 1.58e-05 [2083.2504937]
1.850 1.58e-05 [941.76182472]
1.950 1.58e-05 [481.1207159]
2.050 1.58e-05 [258.22653758]
2.150 1.58e-05 [144.74632267]
2.250 1.58e-05 [84.25021947]
2.350 1.58e-05 [50.62518814]
2.450 1.58e-05 [31.22631991]
2.550 1.58e-05 [19.66679307]
2.650 1.58e-05 [12.80479009]
2.750 1.58e-05 [8.68296475]
2.850 1.58e-05 [5.91721215]
2.950 1.58e-05 [4.04052841]
3.050 1.58e-05 [2.75940577]
0.250 7.94e-06 [56206.58312224]
0.350 7.94e-06 [67989.70387069]
0.450 7.94e-06 [95677.88373104]
0.550 7.94e-06 [171102.1932692]
0.650 7.94e-06 [474083.58673265]
0.750 7.94e-06 [37901336.04726735]
0.850 7.94e-06 [1068050.14620613]
0.950 7.94e-06 [310809.54795529]
1.050 7.94e-06 [174614.08590736]
1.150 7.94e-06 [138882.23402057]
1.250 7.94e-06 [100816.6720616]
1.350 7.94e-06 [40812.56391783]
1.450 7.94e-06 [12091.1100252]
1.550 7.94e-06 [3576.98703816]
1.650 7.94e-06 [1311.58292981]
1.750 7.94e-06 [523.2471695]
1.850 7.94e-06 [236.54102597]
1.950 7.94e-06 [120.8424304]
2.050 7.94e-06 [64.85840531]
2.150 7.94e-06 [36.35573536]
2.250 7.94e-06 [21.16101208]
2.350 7.94e-06 [12.71545908]
2.450 7.94e-06 [7.84307195]
2.550 7.94e-06 [4.93968145]
2.650 7.94e-06 [3.21616157]
2.750 7.94e-06 [2.18088835]
2.850 7.94e-06 [1.48621806]
2.950 7.94e-06 [1.01485398]
3.050 7.94e-06 [0.69307616]
0.250 3.98e-06 [14118.95047279]
0.350 3.98e-06 [17078.84038285]
0.450 3.98e-06 [24034.04061767]
0.550 3.98e-06 [42980.43500172]
0.650 3.98e-06 [119088.58908014]
0.750 3.98e-06 [9520719.04709647]
0.850 3.98e-06 [268291.4754656]
0.950 3.98e-06 [78074.56654158]
1.050 3.98e-06 [43862.61348456]
1.150 3.98e-06 [34886.86333099]
1.250 3.98e-06 [25324.8911533]
1.350 3.98e-06 [10252.01207073]
1.450 3.98e-06 [3037.25603166]
1.550 3.98e-06 [898.53003026]
1.650 3.98e-06 [329.46629022]
1.750 3.98e-06 [131.43835581]
1.850 3.98e-06 [59.41850305]
1.950 3.98e-06 [30.35531062]
2.050 3.98e-06 [16.29226616]
2.150 3.98e-06 [9.13246809]
2.250 3.98e-06 [5.31559232]
2.350 3.98e-06 [3.19409092]
2.450 3.98e-06 [1.97015969]
2.550 3.98e-06 [1.24083539]
2.650 3.98e-06 [0.80789159]
2.750 3.98e-06 [0.5478336]
2.850 3.98e-06 [0.37333419]
2.950 3.98e-06 [0.25492873]
3.050 3.98e-06 [0.17409897]
0.250 1.99e-06 [3545.71528598]
0.350 1.99e-06 [4289.037314]
0.450 1.99e-06 [6035.70820411]
0.550 1.99e-06 [10793.74743027]
0.650 1.99e-06 [29906.91351324]
0.750 1.99e-06 [2390953.85481313]
0.850 1.99e-06 [67376.48010668]
0.950 1.99e-06 [19606.99448351]
1.050 1.99e-06 [11015.2903656]
1.150 1.99e-06 [8761.19544658]
1.250 1.99e-06 [6359.88162514]
1.350 1.99e-06 [2574.60467627]
1.450 1.99e-06 [762.75110956]
1.550 1.99e-06 [225.64932637]
1.650 1.99e-06 [82.73941209]
1.750 1.99e-06 [33.00833077]
1.850 1.99e-06 [14.92186653]
1.950 1.99e-06 [7.62317915]
2.050 1.99e-06 [4.09150363]
2.150 1.99e-06 [2.29345175]
2.250 1.99e-06 [1.33491345]
2.350 1.99e-06 [0.80213731]
2.450 1.99e-06 [0.49476945]
2.550 1.99e-06 [0.31161304]
2.650 1.99e-06 [0.20288715]
2.750 1.99e-06 [0.13757835]
2.850 1.99e-06 [0.09375603]
2.950 1.99e-06 [0.06402067]
3.050 1.99e-06 [0.04372176]
0.250 1.00e-06 [890.87764172]
0.350 1.00e-06 [1077.64079723]
0.450 1.00e-06 [1516.50007327]
0.550 1.00e-06 [2711.97980673]
0.650 1.00e-06 [7514.25267762]
0.750 1.00e-06 [600738.40109375]
0.850 1.00e-06 [16928.65751011]
0.950 1.00e-06 [4926.34957909]
1.050 1.00e-06 [2767.64351118]
1.150 1.00e-06 [2201.29156138]
1.250 1.00e-06 [1597.95016995]
1.350 1.00e-06 [646.88153373]
1.450 1.00e-06 [191.64480363]
1.550 1.00e-06 [56.69545452]
1.650 1.00e-06 [20.78866643]
1.750 1.00e-06 [8.29349835]
1.850 1.00e-06 [3.74918915]
1.950 1.00e-06 [1.91535962]
2.050 1.00e-06 [1.02800953]
2.150 1.00e-06 [0.57624054]
2.250 1.00e-06 [0.33540328]
2.350 1.00e-06 [0.20154077]
2.450 1.00e-06 [0.12431315]
2.550 1.00e-06 [0.07829424]
2.650 1.00e-06 [0.05097635]
2.750 1.00e-06 [0.03456721]
2.850 1.00e-06 [0.02355664]
2.950 1.00e-06 [0.0160855]
3.050 1.00e-06 [0.0109853]
0.250 5.01e-07 [223.61117895]
0.350 5.01e-07 [270.48891775]
0.450 5.01e-07 [380.64303489]
0.550 5.01e-07 [680.70964347]
0.650 5.01e-07 [1886.08493634]
0.750 5.01e-07 [150785.93941293]
0.850 5.01e-07 [4249.1099637]
0.950 5.01e-07 [1236.5186707]
1.050 5.01e-07 [694.68128895]
1.150 5.01e-07 [552.5263832]
1.250 5.01e-07 [401.08709061]
1.350 5.01e-07 [162.36791185]
1.450 5.01e-07 [48.10303736]
1.550 5.01e-07 [14.23061578]
1.650 5.01e-07 [5.21797606]
1.750 5.01e-07 [2.08167638]
1.850 5.01e-07 [0.94105022]
1.950 5.01e-07 [0.48075718]
2.050 5.01e-07 [0.25803142]
2.150 5.01e-07 [0.14463695]
2.250 5.01e-07 [0.08418656]
2.350 5.01e-07 [0.05058694]
2.450 5.01e-07 [0.03120273]
2.550 5.01e-07 [0.01965193]
2.650 5.01e-07 [0.01279511]
2.750 5.01e-07 [0.0086764]
2.850 5.01e-07 [0.00591274]
2.950 5.01e-07 [0.00403748]
3.050 5.01e-07 [0.00275732]
0.250 2.51e-07 [56.12618231]
0.350 2.51e-07 [67.89244787]
0.450 2.51e-07 [95.54102112]
0.550 2.51e-07 [170.8574398]
0.650 2.51e-07 [473.40543294]
0.750 2.51e-07 [37847.12000731]
0.850 2.51e-07 [1066.52235179]
0.950 2.51e-07 [310.36494983]
1.050 2.51e-07 [174.36430885]
1.150 2.51e-07 [138.68356966]
1.250 2.51e-07 [100.67245866]
1.350 2.51e-07 [40.75418351]
1.450 2.51e-07 [12.07381427]
1.550 2.51e-07 [3.57187033]
1.650 2.51e-07 [1.30970677]
1.750 2.51e-07 [0.52249869]
1.850 2.51e-07 [0.23620267]
1.950 2.51e-07 [0.12066957]
2.050 2.51e-07 [0.06476563]
2.150 2.51e-07 [0.03630373]
2.250 2.51e-07 [0.02113074]
2.350 2.51e-07 [0.01269727]
2.450 2.51e-07 [0.00783185]
2.550 2.51e-07 [0.00493262]
2.650 2.51e-07 [0.00321156]
2.750 2.51e-07 [0.00217777]
2.850 2.51e-07 [0.00148409]
2.950 2.51e-07 [0.0010134]
3.050 2.51e-07 [0.00069208]
0.250 1.26e-07 [14.14357344]
0.350 1.26e-07 [17.1086253]
0.450 1.26e-07 [24.07595516]
0.550 1.26e-07 [43.05539141]
0.650 1.26e-07 [119.29627551]
0.750 1.26e-07 [9537.32285576]
0.850 1.26e-07 [268.75936663]
0.950 1.26e-07 [78.21072592]
1.050 1.26e-07 [43.93910838]
1.150 1.26e-07 [34.94770483]
1.250 1.26e-07 [25.3690569]
1.350 1.26e-07 [10.26989123]
1.450 1.26e-07 [3.0425529]
1.550 1.26e-07 [0.90009704]
1.650 1.26e-07 [0.33004087]
1.750 1.26e-07 [0.13166758]
1.850 1.26e-07 [0.05952213]
1.950 1.26e-07 [0.03040825]
2.050 1.26e-07 [0.01632068]
2.150 1.26e-07 [0.00914839]
2.250 1.26e-07 [0.00532486]
2.350 1.26e-07 [0.00319966]
2.450 1.26e-07 [0.0019736]
2.550 1.26e-07 [0.001243]
2.650 1.26e-07 [0.0008093]
2.750 1.26e-07 [0.00054879]
2.850 1.26e-07 [0.00037399]
2.950 1.26e-07 [0.00025537]
3.050 1.26e-07 [0.0001744]
0.250 6.30e-08 [3.53589336]
0.350 6.30e-08 [4.27715632]
0.450 6.30e-08 [6.01898879]
0.550 6.30e-08 [10.76384785]
0.650 6.30e-08 [29.82406888]
0.750 6.30e-08 [2384.33071394]
0.850 6.30e-08 [67.18984166]
0.950 6.30e-08 [19.55268148]
1.050 6.30e-08 [10.9847771]
1.150 6.30e-08 [8.73692621]
1.250 6.30e-08 [6.34226422]
1.350 6.30e-08 [2.56747281]
1.450 6.30e-08 [0.76063823]
1.550 6.30e-08 [0.22502426]
1.650 6.30e-08 [0.08251022]
1.750 6.30e-08 [0.03291689]
1.850 6.30e-08 [0.01488053]
1.950 6.30e-08 [0.00760206]
2.050 6.30e-08 [0.00408017]
2.150 6.30e-08 [0.0022871]
2.250 6.30e-08 [0.00133122]
2.350 6.30e-08 [0.00079992]
2.450 6.30e-08 [0.0004934]
2.550 6.30e-08 [0.00031075]
2.650 6.30e-08 [0.00020233]
2.750 6.30e-08 [0.0001372]
2.850 6.30e-08 [9.3496318e-05]
2.950 6.30e-08 [6.38433303e-05]
3.050 6.30e-08 [4.36006473e-05]
0.250 3.20e-08 [0.91225871]
0.350 3.20e-08 [1.10350418]
0.450 3.20e-08 [1.55289608]
0.550 3.20e-08 [2.77706732]
0.650 3.20e-08 [7.69459474]
0.750 3.20e-08 [615.15612272]
0.850 3.20e-08 [17.33494529]
0.950 3.20e-08 [5.04458197]
1.050 3.20e-08 [2.83406696]
1.150 3.20e-08 [2.25412256]
1.250 3.20e-08 [1.63630097]
1.350 3.20e-08 [0.66240669]
1.450 3.20e-08 [0.19624428]
1.550 3.20e-08 [0.05805615]
1.650 3.20e-08 [0.02128759]
1.750 3.20e-08 [0.00849254]
1.850 3.20e-08 [0.00383917]
1.950 3.20e-08 [0.00196133]
2.050 3.20e-08 [0.00105268]
2.150 3.20e-08 [0.00059007]
2.250 3.20e-08 [0.00034345]
2.350 3.20e-08 [0.00020638]
2.450 3.20e-08 [0.0001273]
2.550 3.20e-08 [8.01733026e-05]
2.650 3.20e-08 [5.2199782e-05]
2.750 3.20e-08 [3.53968213e-05]
2.850 3.20e-08 [2.41220029e-05]
2.950 3.20e-08 [1.6471547e-05]
3.050 3.20e-08 [1.1248945e-05]
0.250 1.60e-08 [0.22806468]
0.350 1.60e-08 [0.27587604]
0.450 1.60e-08 [0.38822402]
0.550 1.60e-08 [0.69426683]
0.650 1.60e-08 [1.92364869]
0.750 1.60e-08 [153.78903068]
0.850 1.60e-08 [4.33373632]
0.950 1.60e-08 [1.26114549]
1.050 1.60e-08 [0.70851674]
1.150 1.60e-08 [0.56353064]
1.250 1.60e-08 [0.40907524]
1.350 1.60e-08 [0.16560167]
1.450 1.60e-08 [0.04906107]
1.550 1.60e-08 [0.01451404]
1.650 1.60e-08 [0.0053219]
1.750 1.60e-08 [0.00212314]
1.850 1.60e-08 [0.00095979]
1.950 1.60e-08 [0.00049033]
2.050 1.60e-08 [0.00026317]
2.150 1.60e-08 [0.00014752]
2.250 1.60e-08 [8.58632406e-05]
2.350 1.60e-08 [5.15944378e-05]
2.450 1.60e-08 [3.18241666e-05]
2.550 1.60e-08 [2.00433257e-05]
2.650 1.60e-08 [1.30499455e-05]
2.750 1.60e-08 [8.84920533e-06]
2.850 1.60e-08 [6.03050073e-06]
2.950 1.60e-08 [4.11788676e-06]
3.050 1.60e-08 [2.81223626e-06]
0.250 8.00e-09 [0.05701617]
0.350 8.00e-09 [0.06896901]
0.450 8.00e-09 [0.097056]
0.550 8.00e-09 [0.17356671]
0.650 8.00e-09 [0.48091217]
0.750 8.00e-09 [38.44725767]
0.850 8.00e-09 [1.08343408]
0.950 8.00e-09 [0.31528637]
1.050 8.00e-09 [0.17712918]
1.150 8.00e-09 [0.14088266]
1.250 8.00e-09 [0.10226881]
1.350 8.00e-09 [0.04140042]
1.450 8.00e-09 [0.01226527]
1.550 8.00e-09 [0.00362851]
1.650 8.00e-09 [0.00133047]
1.750 8.00e-09 [0.00053078]
1.850 8.00e-09 [0.00023995]
1.950 8.00e-09 [0.00012258]
2.050 8.00e-09 [6.579261e-05]
2.150 8.00e-09 [3.68793945e-05]
2.250 8.00e-09 [2.14658102e-05]
2.350 8.00e-09 [1.28986095e-05]
2.450 8.00e-09 [7.95604165e-06]
2.550 8.00e-09 [5.01083141e-06]
2.650 8.00e-09 [3.26248638e-06]
2.750 8.00e-09 [2.21230133e-06]
2.850 8.00e-09 [1.50762518e-06]
2.950 8.00e-09 [1.02947169e-06]
3.050 8.00e-09 [7.03059065e-07]
0.250 4.00e-09 [0.01425404]
0.350 4.00e-09 [0.01724225]
0.450 4.00e-09 [0.024264]
0.550 4.00e-09 [0.04339168]
0.650 4.00e-09 [0.12022804]
0.750 4.00e-09 [9.61181442]
0.850 4.00e-09 [0.27085852]
0.950 4.00e-09 [0.07882159]
1.050 4.00e-09 [0.0442823]
1.150 4.00e-09 [0.03522066]
1.250 4.00e-09 [0.0255672]
1.350 4.00e-09 [0.0103501]
1.450 4.00e-09 [0.00306632]
1.550 4.00e-09 [0.00090713]
1.650 4.00e-09 [0.00033262]
1.750 4.00e-09 [0.0001327]
1.850 4.00e-09 [5.99870263e-05]
1.950 4.00e-09 [3.06457538e-05]
2.050 4.00e-09 [1.64481525e-05]
2.150 4.00e-09 [9.21984863e-06]
2.250 4.00e-09 [5.36645254e-06]
2.350 4.00e-09 [3.22465236e-06]
2.450 4.00e-09 [1.98901041e-06]
2.550 4.00e-09 [1.25270785e-06]
2.650 4.00e-09 [8.15621594e-07]
2.750 4.00e-09 [5.53075333e-07]
2.850 4.00e-09 [3.76906296e-07]
2.950 4.00e-09 [2.57367923e-07]
3.050 4.00e-09 [1.75764766e-07]
0.250 2.00e-09 [0.00356351]
0.350 2.00e-09 [0.00431056]
0.450 2.00e-09 [0.006066]
0.550 2.00e-09 [0.01084792]
0.650 2.00e-09 [0.03005701]
0.750 2.00e-09 [2.4029536]
0.850 2.00e-09 [0.06771463]
0.950 2.00e-09 [0.0197054]
1.050 2.00e-09 [0.01107057]
1.150 2.00e-09 [0.00880517]
1.250 2.00e-09 [0.0063918]
1.350 2.00e-09 [0.00258753]
1.450 2.00e-09 [0.00076658]
1.550 2.00e-09 [0.00022678]
1.650 2.00e-09 [8.31546657e-05]
1.750 2.00e-09 [3.31739934e-05]
1.850 2.00e-09 [1.49967566e-05]
1.950 2.00e-09 [7.66143846e-06]
2.050 2.00e-09 [4.11203812e-06]
2.150 2.00e-09 [2.30496216e-06]
2.250 2.00e-09 [1.34161313e-06]
2.350 2.00e-09 [8.06163091e-07]
2.450 2.00e-09 [4.97252603e-07]
2.550 2.00e-09 [3.13176963e-07]
2.650 2.00e-09 [2.03905398e-07]
2.750 2.00e-09 [1.38268833e-07]
2.850 2.00e-09 [9.4226574e-08]
2.950 2.00e-09 [6.43419806e-08]
3.050 2.00e-09 [4.39411915e-08]
0.250 1.00e-09 [0.00089088]
0.350 1.00e-09 [0.00107764]
0.450 1.00e-09 [0.0015165]
0.550 1.00e-09 [0.00271198]
0.650 1.00e-09 [0.00751425]
0.750 1.00e-09 [0.6007384]
0.850 1.00e-09 [0.01692866]
0.950 1.00e-09 [0.00492635]
1.050 1.00e-09 [0.00276764]
1.150 1.00e-09 [0.00220129]
1.250 1.00e-09 [0.00159795]
1.350 1.00e-09 [0.00064688]
1.450 1.00e-09 [0.00019164]
1.550 1.00e-09 [5.66954545e-05]
1.650 1.00e-09 [2.07886664e-05]
1.750 1.00e-09 [8.29349835e-06]
1.850 1.00e-09 [3.74918915e-06]
1.950 1.00e-09 [1.91535962e-06]
2.050 1.00e-09 [1.02800953e-06]
2.150 1.00e-09 [5.76240539e-07]
2.250 1.00e-09 [3.35403284e-07]
2.350 1.00e-09 [2.01540773e-07]
2.450 1.00e-09 [1.24313151e-07]
2.550 1.00e-09 [7.82942409e-08]
2.650 1.00e-09 [5.09763496e-08]
2.750 1.00e-09 [3.45672083e-08]
2.850 1.00e-09 [2.35566435e-08]
2.950 1.00e-09 [1.60854952e-08]
3.050 1.00e-09 [1.09852979e-08]
0.250 1.00e-04 [8908776.41719147]
0.270 1.00e-04 [9161048.1328598]
0.290 1.00e-04 [9481747.64773005]
0.310 1.00e-04 [9837975.91035879]
0.330 1.00e-04 [10269514.94751487]
0.350 1.00e-04 [10776407.97231521]
0.370 1.00e-04 [11372838.73481323]
0.390 1.00e-04 [12078484.78544338]
0.410 1.00e-04 [12928979.41025744]
0.430 1.00e-04 [13942609.05018961]
0.450 1.00e-04 [15165000.73267462]
0.470 1.00e-04 [16675770.68518703]
0.490 1.00e-04 [18448222.09975795]
0.510 1.00e-04 [20690898.73285282]
0.530 1.00e-04 [23518615.8420205]
0.550 1.00e-04 [27119798.06727269]
0.570 1.00e-04 [31732970.88864636]
0.590 1.00e-04 [37576794.42206242]
0.610 1.00e-04 [45970066.6607385]
0.630 1.00e-04 [58176002.56903315]
0.650 1.00e-04 [75142526.7762009]
0.670 1.00e-04 [1.00588642e+08]
0.690 1.00e-04 [1.52550382e+08]
0.710 1.00e-04 [2.54126024e+08]
0.730 1.00e-04 [5.29677319e+08]
0.750 1.00e-04 [6.00738401e+09]
0.770 1.00e-04 [1.58719728e+10]
0.790 1.00e-04 [9.94876318e+09]
0.810 1.00e-04 [4.79175738e+08]
0.830 1.00e-04 [3.17487041e+08]
0.850 1.00e-04 [1.69286575e+08]
0.870 1.00e-04 [1.28021298e+08]
0.890 1.00e-04 [89957701.27327186]
0.910 1.00e-04 [73325128.50930211]
0.930 1.00e-04 [57174580.72755791]
0.950 1.00e-04 [49263495.79087993]
0.970 1.00e-04 [41352410.85420191]
0.990 1.00e-04 [36824187.76884173]
1.010 1.00e-04 [32741823.87094354]
1.030 1.00e-04 [29834079.60364449]
1.050 1.00e-04 [27676435.11184268]
1.070 1.00e-04 [25757845.777318]
1.090 1.00e-04 [24636341.93252696]
1.110 1.00e-04 [23514838.08773591]
1.130 1.00e-04 [22708480.56815257]
1.150 1.00e-04 [22012915.61379147]
1.170 1.00e-04 [21275166.43875]
1.190 1.00e-04 [20261437.14455105]
1.210 1.00e-04 [19247707.85035209]
1.230 1.00e-04 [17877350.45511396]
0.250 6.31e-05 [3546677.62626587]
0.270 6.31e-05 [3647109.65057552]
0.290 6.31e-05 [3774783.50171738]
0.310 6.31e-05 [3916601.72116117]
0.330 6.31e-05 [4088401.95233414]
0.350 6.31e-05 [4290201.3988328]
0.370 6.31e-05 [4527646.76078918]
0.390 6.31e-05 [4808571.87807053]
0.410 6.31e-05 [5147162.73677325]
0.430 6.31e-05 [5550699.36143587]
0.450 6.31e-05 [6037346.35174947]
0.470 6.31e-05 [6638799.7655618]
0.490 6.31e-05 [7344431.32272728]
0.510 6.31e-05 [8237264.48690881]
0.530 6.31e-05 [9363008.4201768]
0.550 6.31e-05 [10796676.95424859]
0.570 6.31e-05 [12633229.59239661]
0.590 6.31e-05 [14959717.22742323]
0.610 6.31e-05 [18301167.21629337]
0.630 6.31e-05 [23160478.72736072]
0.650 6.31e-05 [29915030.52921529]
0.670 6.31e-05 [40045396.73758785]
0.690 6.31e-05 [60731911.99250126]
0.710 6.31e-05 [1.01170244e+08]
0.730 6.31e-05 [2.10870114e+08]
0.750 6.31e-05 [2.39160278e+09]
0.770 6.31e-05 [6.31879936e+09]
0.790 6.31e-05 [3.9607073e+09]
0.810 6.31e-05 [1.90764903e+08]
0.830 6.31e-05 [1.26394932e+08]
0.850 6.31e-05 [67394766.71338023]
0.870 6.31e-05 [50966625.87944429]
0.890 6.31e-05 [35813107.37583923]
0.910 6.31e-05 [29191505.15722528]
0.930 6.31e-05 [22761802.15570937]
0.950 6.31e-05 [19612316.0051466]
0.970 6.31e-05 [16462829.85458381]
0.990 6.31e-05 [14660096.60014991]
1.010 6.31e-05 [13034864.57939666]
1.030 6.31e-05 [11877260.99246282]
1.050 6.31e-05 [11018280.01840424]
1.070 6.31e-05 [10254469.41770042]
1.090 6.31e-05 [9807986.93707426]
1.110 6.31e-05 [9361504.45644809]
1.130 6.31e-05 [9040485.04373068]
1.150 6.31e-05 [8763573.3169433]
1.170 6.31e-05 [8469867.60805758]
1.190 6.31e-05 [8066291.30998283]
1.210 6.31e-05 [7662715.01190808]
1.230 6.31e-05 [7117161.31451141]
0.250 3.98e-05 [1411965.97984808]
0.270 3.98e-05 [1451948.92066072]
0.290 3.98e-05 [1502777.09094421]
0.310 3.98e-05 [1559236.26831469]
0.330 3.98e-05 [1627631.56873608]
0.350 3.98e-05 [1707969.84112321]
0.370 3.98e-05 [1802499.09032032]
0.390 3.98e-05 [1914338.04223085]
0.410 3.98e-05 [2049134.27238023]
0.430 3.98e-05 [2209786.02754024]
0.450 3.98e-05 [2403524.80701925]
0.470 3.98e-05 [2642969.11187439]
0.490 3.98e-05 [2923887.7230406]
0.510 3.98e-05 [3279333.06833174]
0.530 3.98e-05 [3727502.39841779]
0.550 3.98e-05 [4298259.43071659]
0.570 3.98e-05 [5029408.4435451]
0.590 3.98e-05 [5955605.22243118]
0.610 3.98e-05 [7285868.13460224]
0.630 3.98e-05 [9220406.1056597]
0.650 3.98e-05 [11909457.20032643]
0.670 3.98e-05 [15942452.00754954]
0.690 3.98e-05 [24177949.8056109]
0.710 3.98e-05 [40276833.11533052]
0.730 3.98e-05 [83949391.02567717]
0.750 3.98e-05 [9.52119736e+08]
0.770 3.98e-05 [2.51557392e+09]
0.790 3.98e-05 [1.57679512e+09]
0.810 3.98e-05 [75945316.00536934]
0.830 3.98e-05 [50319020.27311705]
0.850 3.98e-05 [26830495.42319956]
0.870 3.98e-05 [20290296.84470835]
0.890 3.98e-05 [14257537.49730303]
0.910 3.98e-05 [11621414.89187382]
0.930 3.98e-05 [9061689.18366902]
0.950 3.98e-05 [7807848.89503829]
0.970 3.98e-05 [6554008.60640756]
0.990 3.98e-05 [5836323.41078932]
1.010 3.98e-05 [5189303.13872715]
1.030 3.98e-05 [4728450.17853816]
1.050 3.98e-05 [4386481.71099959]
1.070 3.98e-05 [4082401.47115648]
1.090 3.98e-05 [3904652.56367935]
1.110 3.98e-05 [3726903.65620222]
1.130 3.98e-05 [3599102.7852488]
1.150 3.98e-05 [3488861.60213445]
1.170 3.98e-05 [3371934.57556665]
1.190 3.98e-05 [3211267.02604523]
1.210 3.98e-05 [3050599.47652381]
1.230 3.98e-05 [2833409.37861366]
0.250 2.51e-05 [562111.86376098]
0.270 2.51e-05 [578029.30490305]
0.290 2.51e-05 [598264.29493637]
0.310 2.51e-05 [620741.02162177]
0.330 2.51e-05 [647969.58827357]
0.350 2.51e-05 [679952.72148456]
0.370 2.51e-05 [717585.36504997]
0.390 2.51e-05 [762109.10187986]
0.410 2.51e-05 [815772.26461794]
0.430 2.51e-05 [879728.66215039]
0.450 2.51e-05 [956857.19638564]
0.470 2.51e-05 [1052181.36594074]
0.490 2.51e-05 [1164016.69791154]
0.510 2.51e-05 [1305521.55593104]
0.530 2.51e-05 [1483940.37126418]
0.550 2.51e-05 [1711162.06340061]
0.570 2.51e-05 [2002236.73527922]
0.590 2.51e-05 [2370961.05655861]
0.610 2.51e-05 [2900546.45417069]
0.630 2.51e-05 [3670697.26513039]
0.650 2.51e-05 [4741224.13627656]
0.670 2.51e-05 [6346782.81118915]
0.690 2.51e-05 [9625382.35419358]
0.710 2.51e-05 [16034441.37604812]
0.730 2.51e-05 [33420740.53095807]
0.750 2.51e-05 [3.79044401e+08]
0.770 2.51e-05 [1.0014646e+09]
0.790 2.51e-05 [6.27731301e+08]
0.810 2.51e-05 [30234271.74094372]
0.830 2.51e-05 [20032294.45470893]
0.850 2.51e-05 [10681376.1827235]
0.870 2.51e-05 [8077685.11311419]
0.890 2.51e-05 [5676008.55093786]
0.910 2.51e-05 [4626552.8190089]
0.930 2.51e-05 [3607511.13592903]
0.950 2.51e-05 [3108350.02896196]
0.970 2.51e-05 [2609188.92199488]
0.990 2.51e-05 [2323474.27400737]
1.010 2.51e-05 [2065891.74283397]
1.030 2.51e-05 [1882423.50063208]
1.050 2.51e-05 [1746283.86598148]
1.070 2.51e-05 [1625227.75500528]
1.090 2.51e-05 [1554464.8817566]
1.110 2.51e-05 [1483702.00850791]
1.130 2.51e-05 [1432823.73892692]
1.150 2.51e-05 [1388936.08314197]
1.170 2.51e-05 [1342386.75421613]
1.190 2.51e-05 [1278424.06885659]
1.210 2.51e-05 [1214461.38349705]
1.230 2.51e-05 [1127996.74308139]
0.250 1.58e-05 [223780.26841642]
0.270 1.58e-05 [230117.10184926]
0.290 1.58e-05 [238172.77865132]
0.310 1.58e-05 [247120.90491417]
0.330 1.58e-05 [257960.76855477]
0.350 1.58e-05 [270693.45504686]
0.370 1.58e-05 [285675.24714416]
0.390 1.58e-05 [303400.42681218]
0.410 1.58e-05 [324764.06941751]
0.430 1.58e-05 [350225.5135347]
0.450 1.58e-05 [380930.86812061]
0.470 1.58e-05 [418880.01957044]
0.490 1.58e-05 [463402.36862641]
0.510 1.58e-05 [519736.34261152]
0.530 1.58e-05 [590765.99517684]
0.550 1.58e-05 [681224.37994765]
0.570 1.58e-05 [797103.03756288]
0.590 1.58e-05 [943894.50898902]
0.610 1.58e-05 [1154725.78665343]
0.630 1.58e-05 [1461327.66842935]
0.650 1.58e-05 [1887511.14900778]
0.670 1.58e-05 [2526694.15579633]
0.690 1.58e-05 [3831925.25491341]
0.710 1.58e-05 [6383411.96186746]
0.730 1.58e-05 [13305007.00813103]
0.750 1.58e-05 [1.5089996e+08]
0.770 1.58e-05 [3.98689355e+08]
0.790 1.58e-05 [2.49903779e+08]
0.810 1.58e-05 [12036453.74124397]
0.830 1.58e-05 [7974982.41733922]
0.850 1.58e-05 [4252323.03981943]
0.870 1.58e-05 [3215777.24885856]
0.890 1.58e-05 [2259654.70389519]
0.910 1.58e-05 [1841859.77636795]
0.930 1.58e-05 [1436172.87297944]
0.950 1.58e-05 [1237453.69677713]
0.970 1.58e-05 [1038734.52057481]
0.990 1.58e-05 [924989.72218298]
1.010 1.58e-05 [822444.49643432]
1.030 1.58e-05 [749404.63527372]
1.050 1.58e-05 [695206.59045683]
1.070 1.58e-05 [647013.3912839]
1.090 1.58e-05 [618842.24637413]
1.110 1.58e-05 [590671.10146437]
1.130 1.58e-05 [570416.14234072]
1.150 1.58e-05 [552944.19053737]
1.170 1.58e-05 [534412.60991579]
1.190 1.58e-05 [508948.66257509]
1.210 1.58e-05 [483484.71523439]
1.230 1.58e-05 [449062.59805778]
0.250 1.00e-05 [89087.76417191]
0.270 1.00e-05 [91610.4813286]
0.290 1.00e-05 [94817.4764773]
0.310 1.00e-05 [98379.75910359]
0.330 1.00e-05 [102695.14947515]
0.350 1.00e-05 [107764.07972315]
0.370 1.00e-05 [113728.38734813]
0.390 1.00e-05 [120784.84785443]
0.410 1.00e-05 [129289.79410257]
0.430 1.00e-05 [139426.0905019]
0.450 1.00e-05 [151650.00732675]
0.470 1.00e-05 [166757.70685187]
0.490 1.00e-05 [184482.22099758]
0.510 1.00e-05 [206908.98732853]
0.530 1.00e-05 [235186.1584202]
0.550 1.00e-05 [271197.98067273]
0.570 1.00e-05 [317329.70888646]
0.590 1.00e-05 [375767.94422062]
0.610 1.00e-05 [459700.66660739]
0.630 1.00e-05 [581760.02569033]
0.650 1.00e-05 [751425.26776201]
0.670 1.00e-05 [1005886.42009877]
0.690 1.00e-05 [1525503.81608656]
0.710 1.00e-05 [2541260.24378873]
0.730 1.00e-05 [5296773.1919972]
0.750 1.00e-05 [60073840.10937455]
0.770 1.00e-05 [1.58719728e+08]
0.790 1.00e-05 [99487631.822155]
0.810 1.00e-05 [4791757.37858489]
0.830 1.00e-05 [3174870.41149219]
0.850 1.00e-05 [1692865.7510111]
0.870 1.00e-05 [1280212.98393748]
0.890 1.00e-05 [899577.01273272]
0.910 1.00e-05 [733251.28509302]
0.930 1.00e-05 [571745.80727558]
0.950 1.00e-05 [492634.9579088]
0.970 1.00e-05 [413524.10854202]
0.990 1.00e-05 [368241.87768842]
1.010 1.00e-05 [327418.23870944]
1.030 1.00e-05 [298340.79603644]
1.050 1.00e-05 [276764.35111843]
1.070 1.00e-05 [257578.45777318]
1.090 1.00e-05 [246363.41932527]
1.110 1.00e-05 [235148.38087736]
1.130 1.00e-05 [227084.80568153]
1.150 1.00e-05 [220129.15613791]
1.170 1.00e-05 [212751.6643875]
1.190 1.00e-05 [202614.37144551]
1.210 1.00e-05 [192477.07850352]
1.230 1.00e-05 [178773.50455114]
0.250 6.31e-06 [35471.27327045]
0.270 6.31e-06 [36475.72085628]
0.290 6.31e-06 [37752.62125168]
0.310 6.31e-06 [39170.98326444]
0.330 6.31e-06 [40889.20341017]
0.350 6.31e-06 [42907.45374665]
0.370 6.31e-06 [45282.20843492]
0.390 6.31e-06 [48091.81580657]
0.410 6.31e-06 [51478.15370968]
0.430 6.31e-06 [55514.03162033]
0.450 6.31e-06 [60381.11856722]
0.470 6.31e-06 [66396.41531785]
0.490 6.31e-06 [73453.62559462]
0.510 6.31e-06 [82383.08930371]
0.530 6.31e-06 [93641.95602275]
0.550 6.31e-06 [107980.45918263]
0.570 6.31e-06 [126348.31421994]
0.590 6.31e-06 [149616.14043883]
0.610 6.31e-06 [183034.87711706]
0.630 6.31e-06 [231634.15358889]
0.650 6.31e-06 [299188.23603739]
0.670 6.31e-06 [400504.74291295]
0.690 6.31e-06 [607396.12491684]
0.710 6.31e-06 [1011830.71992716]
0.730 6.31e-06 [2108968.5108988]
0.750 6.31e-06 [23919060.25178866]
0.770 6.31e-06 [63196005.49723926]
0.790 6.31e-06 [39612094.97394103]
0.810 6.31e-06 [1907890.90961474]
0.830 6.31e-06 [1264109.57791014]
0.850 6.31e-06 [674033.12028833]
0.870 6.31e-06 [509730.88189753]
0.890 6.31e-06 [358176.48296667]
0.910 6.31e-06 [291952.06492392]
0.930 6.31e-06 [227646.88237065]
0.950 6.31e-06 [196148.02747593]
0.970 6.31e-06 [164649.1725812]
0.990 6.31e-06 [146619.5542623]
1.010 6.31e-06 [130365.17334279]
1.030 6.31e-06 [118787.66969067]
1.050 6.31e-06 [110196.77080566]
1.070 6.31e-06 [102557.69632543]
1.090 6.31e-06 [98092.30540197]
1.110 6.31e-06 [93626.91447851]
1.130 6.31e-06 [90416.31331496]
1.150 6.31e-06 [87646.84493703]
1.170 6.31e-06 [84709.41544419]
1.190 6.31e-06 [80673.14074912]
1.210 6.31e-06 [76636.86605404]
1.230 6.31e-06 [71180.63734559]
0.250 3.98e-06 [14118.95047279]
0.270 3.98e-06 [14518.75979479]
0.290 3.98e-06 [15027.01596321]
0.310 3.98e-06 [15591.57937367]
0.330 3.98e-06 [16275.49801831]
0.350 3.98e-06 [17078.84038285]
0.370 3.98e-06 [18024.08538641]
0.390 3.98e-06 [19142.41872127]
0.410 3.98e-06 [20490.31330553]
0.430 3.98e-06 [22096.75015093]
0.450 3.98e-06 [24034.04061767]
0.470 3.98e-06 [26428.36337721]
0.490 3.98e-06 [29237.40836451]
0.510 3.98e-06 [32791.68325327]
0.530 3.98e-06 [37273.15140847]
0.550 3.98e-06 [42980.43500172]
0.570 3.98e-06 [50291.55782458]
0.590 3.98e-06 [59553.06032236]
0.610 3.98e-06 [72855.02116334]
0.630 3.98e-06 [92199.4290251]
0.650 3.98e-06 [119088.58908014]
0.670 3.98e-06 [159416.51110723]
0.690 3.98e-06 [241767.35184217]
0.710 3.98e-06 [402748.09738512]
0.730 3.98e-06 [839451.73681894]
0.750 3.98e-06 [9520719.04709647]
0.770 3.98e-06 [25154475.42271173]
0.790 3.98e-06 [15767159.041526]
0.810 3.98e-06 [759415.00760227]
0.830 3.98e-06 [503164.92409547]
0.850 3.98e-06 [268291.4754656]
0.870 3.98e-06 [202892.77526328]
0.890 3.98e-06 [142568.2124509]
0.910 3.98e-06 [116208.31069868]
0.930 3.98e-06 [90612.3395394]
0.950 3.98e-06 [78074.56654158]
0.970 3.98e-06 [65536.79354377]
0.990 3.98e-06 [58360.30212924]
1.010 3.98e-06 [51890.42445051]
1.030 3.98e-06 [47282.12636613]
1.050 3.98e-06 [43862.61348456]
1.070 3.98e-06 [40821.96384613]
1.090 3.98e-06 [39044.56406661]
1.110 3.98e-06 [37267.1642871]
1.130 3.98e-06 [35989.21978056]
1.150 3.98e-06 [34886.86333099]
1.170 3.98e-06 [33717.65180564]
1.190 3.98e-06 [32111.05702457]
1.210 3.98e-06 [30504.46224349]
1.230 3.98e-06 [28332.67037362]
0.250 2.51e-06 [5621.56620563]
0.270 2.51e-06 [5780.75329093]
0.290 2.51e-06 [5983.11930288]
0.310 2.51e-06 [6207.90446629]
0.330 2.51e-06 [6480.2118129]
0.350 2.51e-06 [6800.06861081]
0.370 2.51e-06 [7176.42501054]
0.390 2.51e-06 [7621.6978298]
0.410 2.51e-06 [8158.37218518]
0.430 2.51e-06 [8797.98708424]
0.450 2.51e-06 [9569.33383833]
0.470 2.51e-06 [10522.65143345]
0.490 2.51e-06 [11641.09379935]
0.510 2.51e-06 [13056.25504937]
0.530 2.51e-06 [14840.58526438]
0.550 2.51e-06 [17112.98310554]
0.570 2.51e-06 [20023.96158552]
0.590 2.51e-06 [23711.49838616]
0.610 2.51e-06 [29007.77403189]
0.630 2.51e-06 [36709.8953555]
0.650 2.51e-06 [47416.01644817]
0.670 2.51e-06 [63472.88158468]
0.690 2.51e-06 [96261.48752056]
0.710 2.51e-06 [160357.18079782]
0.730 2.51e-06 [334234.01576842]
0.750 2.51e-06 [3790745.81723129]
0.770 2.51e-06 [10015443.37371997]
0.790 2.51e-06 [6277812.8301678]
0.810 2.51e-06 [302366.79071933]
0.830 2.51e-06 [200338.89477855]
0.850 2.51e-06 [106822.26661548]
0.870 2.51e-06 [80783.28279315]
0.890 2.51e-06 [56764.60489433]
0.910 2.51e-06 [46269.21197122]
0.930 2.51e-06 [36077.98375305]
0.950 2.51e-06 [31085.97523838]
0.970 2.51e-06 [26093.96672372]
0.990 2.51e-06 [23236.59275044]
1.010 2.51e-06 [20660.56234483]
1.030 2.51e-06 [18825.73384065]
1.050 2.51e-06 [17464.22909624]
1.070 2.51e-06 [16253.57159847]
1.090 2.51e-06 [15545.88652275]
1.110 2.51e-06 [14838.20144703]
1.130 2.51e-06 [14329.37824062]
1.150 2.51e-06 [13890.46673829]
1.170 2.51e-06 [13424.93638525]
1.190 2.51e-06 [12785.25860291]
1.210 2.51e-06 [12145.58082057]
1.230 2.51e-06 [11280.86557102]
0.250 1.59e-06 [2238.08508347]
0.270 1.59e-06 [2301.46141456]
0.290 1.59e-06 [2382.02834843]
0.310 1.59e-06 [2471.52090314]
0.330 1.59e-06 [2579.9332189]
0.350 1.59e-06 [2707.27615182]
0.370 1.59e-06 [2857.11297906]
0.390 1.59e-06 [3034.38714401]
0.410 1.59e-06 [3248.05052989]
0.430 1.59e-06 [3502.69710211]
0.450 1.59e-06 [3809.78939656]
0.470 1.59e-06 [4189.32880096]
0.490 1.59e-06 [4634.60847646]
0.510 1.59e-06 [5198.01930691]
0.530 1.59e-06 [5908.40546837]
0.550 1.59e-06 [6813.10346996]
0.570 1.59e-06 [7972.03627907]
0.590 1.59e-06 [9440.1362367]
0.610 1.59e-06 [11548.71507168]
0.630 1.59e-06 [14615.1208054]
0.650 1.59e-06 [18877.49343303]
0.670 1.59e-06 [25270.13011733]
0.690 1.59e-06 [38324.08824368]
0.710 1.59e-06 [63842.17515952]
0.730 1.59e-06 [133066.86032265]
0.750 1.59e-06 [1509190.02968773]
0.770 1.59e-06 [3987396.6789892]
0.790 1.59e-06 [2499353.15854413]
0.810 1.59e-06 [120379.72680415]
0.830 1.59e-06 [79759.88819511]
0.850 1.59e-06 [42528.59661334]
0.870 1.59e-06 [32161.83063572]
0.890 1.59e-06 [22599.39860812]
0.910 1.59e-06 [18420.92209693]
0.930 1.59e-06 [14363.54110683]
0.950 1.59e-06 [12376.09857132]
0.970 1.59e-06 [10388.65603582]
0.990 1.59e-06 [9251.06451176]
1.010 1.59e-06 [8225.48284742]
1.030 1.59e-06 [7494.99206323]
1.050 1.59e-06 [6952.94321988]
1.070 1.59e-06 [6470.95041079]
1.090 1.59e-06 [6189.20341114]
1.110 1.59e-06 [5907.4564115]
1.130 1.59e-06 [5704.88125953]
1.150 1.59e-06 [5530.13969279]
1.170 1.59e-06 [5344.80050066]
1.190 1.59e-06 [5090.12889305]
1.210 1.59e-06 [4835.45728544]
1.230 1.59e-06 [4491.19267471]
0.250 1.00e-06 [890.87764172]
0.270 1.00e-06 [916.10481329]
0.290 1.00e-06 [948.17476477]
0.310 1.00e-06 [983.79759104]
0.330 1.00e-06 [1026.95149475]
0.350 1.00e-06 [1077.64079723]
0.370 1.00e-06 [1137.28387348]
0.390 1.00e-06 [1207.84847854]
0.410 1.00e-06 [1292.89794103]
0.430 1.00e-06 [1394.26090502]
0.450 1.00e-06 [1516.50007327]
0.470 1.00e-06 [1667.57706852]
0.490 1.00e-06 [1844.82220998]
0.510 1.00e-06 [2069.08987329]
0.530 1.00e-06 [2351.8615842]
0.550 1.00e-06 [2711.97980673]
0.570 1.00e-06 [3173.29708886]
0.590 1.00e-06 [3757.67944221]
0.610 1.00e-06 [4597.00666607]
0.630 1.00e-06 [5817.6002569]
0.650 1.00e-06 [7514.25267762]
0.670 1.00e-06 [10058.86420099]
0.690 1.00e-06 [15255.03816087]
0.710 1.00e-06 [25412.60243789]
0.730 1.00e-06 [52967.73191997]
0.750 1.00e-06 [600738.40109375]
0.770 1.00e-06 [1587197.27691158]
0.790 1.00e-06 [994876.31822155]
0.810 1.00e-06 [47917.57378585]
0.830 1.00e-06 [31748.70411492]
0.850 1.00e-06 [16928.65751011]
0.870 1.00e-06 [12802.12983937]
0.890 1.00e-06 [8995.77012733]
0.910 1.00e-06 [7332.51285093]
0.930 1.00e-06 [5717.45807276]
0.950 1.00e-06 [4926.34957909]
0.970 1.00e-06 [4135.24108542]
0.990 1.00e-06 [3682.41877688]
1.010 1.00e-06 [3274.18238709]
1.030 1.00e-06 [2983.40796036]
1.050 1.00e-06 [2767.64351118]
1.070 1.00e-06 [2575.78457773]
1.090 1.00e-06 [2463.63419325]
1.110 1.00e-06 [2351.48380877]
1.130 1.00e-06 [2270.84805682]
1.150 1.00e-06 [2201.29156138]
1.170 1.00e-06 [2127.51664387]
1.190 1.00e-06 [2026.14371446]
1.210 1.00e-06 [1924.77078504]
1.230 1.00e-06 [1787.73504551]
0.250 6.31e-07 [354.7127327]
0.270 6.31e-07 [364.75720856]
0.290 6.31e-07 [377.52621252]
0.310 6.31e-07 [391.70983264]
0.330 6.31e-07 [408.8920341]
0.350 6.31e-07 [429.07453747]
0.370 6.31e-07 [452.82208435]
0.390 6.31e-07 [480.91815807]
0.410 6.31e-07 [514.7815371]
0.430 6.31e-07 [555.1403162]
0.450 6.31e-07 [603.81118567]
0.470 6.31e-07 [663.96415318]
0.490 6.31e-07 [734.53625595]
0.510 6.31e-07 [823.83089304]
0.530 6.31e-07 [936.41956023]
0.550 6.31e-07 [1079.80459183]
0.570 6.31e-07 [1263.4831422]
0.590 6.31e-07 [1496.16140439]
0.610 6.31e-07 [1830.34877117]
0.630 6.31e-07 [2316.34153589]
0.650 6.31e-07 [2991.88236037]
0.670 6.31e-07 [4005.04742913]
0.690 6.31e-07 [6073.96124917]
0.710 6.31e-07 [10118.30719927]
0.730 6.31e-07 [21089.68510899]
0.750 6.31e-07 [239190.60251789]
0.770 6.31e-07 [631960.05497239]
0.790 6.31e-07 [396120.94973941]
0.810 6.31e-07 [19078.90909615]
0.830 6.31e-07 [12641.0957791]
0.850 6.31e-07 [6740.33120288]
0.870 6.31e-07 [5097.30881898]
0.890 6.31e-07 [3581.76482967]
0.910 6.31e-07 [2919.52064924]
0.930 6.31e-07 [2276.46882371]
0.950 6.31e-07 [1961.48027476]
0.970 6.31e-07 [1646.49172581]
0.990 6.31e-07 [1466.19554262]
1.010 6.31e-07 [1303.65173343]
1.030 6.31e-07 [1187.87669691]
1.050 6.31e-07 [1101.96770806]
1.070 6.31e-07 [1025.57696325]
1.090 6.31e-07 [980.92305402]
1.110 6.31e-07 [936.26914479]
1.130 6.31e-07 [904.16313315]
1.150 6.31e-07 [876.46844937]
1.170 6.31e-07 [847.09415444]
1.190 6.31e-07 [806.73140749]
1.210 6.31e-07 [766.36866054]
1.230 6.31e-07 [711.80637346]
0.250 3.98e-07 [141.11858196]
0.270 3.98e-07 [145.11466684]
0.290 3.98e-07 [150.19467544]
0.310 3.98e-07 [155.83747361]
0.330 3.98e-07 [162.67322457]
0.350 3.98e-07 [170.70261284]
0.370 3.98e-07 [180.15031469]
0.390 3.98e-07 [191.3280304]
0.410 3.98e-07 [204.80020545]
0.430 3.98e-07 [220.8565044]
0.450 3.98e-07 [240.21967761]
0.470 3.98e-07 [264.15087796]
0.490 3.98e-07 [292.22721735]
0.510 3.98e-07 [327.75211229]
0.530 3.98e-07 [372.54428238]
0.550 3.98e-07 [429.5884493]
0.570 3.98e-07 [502.66295206]
0.590 3.98e-07 [595.23145436]
0.610 3.98e-07 [728.18424393]
0.630 3.98e-07 [921.53115109]
0.650 3.98e-07 [1190.28768115]
0.670 3.98e-07 [1593.36432489]
0.690 3.98e-07 [2416.45906483]
0.710 3.98e-07 [4025.45787657]
0.730 3.98e-07 [8390.30060705]
0.750 3.98e-07 [95159.36568685]
0.770 3.98e-07 [251418.3974519]
0.790 3.98e-07 [157592.38831157]
0.810 3.98e-07 [7590.33535797]
0.830 3.98e-07 [5029.12172662]
0.850 3.98e-07 [2681.56706423]
0.870 3.98e-07 [2027.90857508]
0.890 3.98e-07 [1424.96597125]
0.910 3.98e-07 [1161.49936564]
0.930 3.98e-07 [905.66822856]
0.950 3.98e-07 [780.35347873]
0.970 3.98e-07 [655.03872889]
0.990 3.98e-07 [583.30986393]
1.010 3.98e-07 [518.64358685]
1.030 3.98e-07 [472.58375455]
1.050 3.98e-07 [438.40580275]
1.070 3.98e-07 [408.01458025]
1.090 3.98e-07 [390.24951075]
1.110 3.98e-07 [372.48444124]
1.130 3.98e-07 [359.71141559]
1.150 3.98e-07 [348.69338849]
1.170 3.98e-07 [337.00714646]
1.190 3.98e-07 [320.94926894]
1.210 3.98e-07 [304.89139143]
1.230 3.98e-07 [283.18438215]
0.250 2.51e-07 [56.12618231]
0.270 2.51e-07 [57.71551934]
0.290 2.51e-07 [59.73595836]
0.310 2.51e-07 [61.98023203]
0.330 2.51e-07 [64.69897112]
0.350 2.51e-07 [67.89244787]
0.370 2.51e-07 [71.65002131]
0.390 2.51e-07 [76.095662]
0.410 2.51e-07 [81.45386318]
0.430 2.51e-07 [87.83983128]
0.450 2.51e-07 [95.54102112]
0.470 2.51e-07 [105.05902289]
0.490 2.51e-07 [116.22564405]
0.510 2.51e-07 [130.35473111]
0.530 2.51e-07 [148.16963167]
0.550 2.51e-07 [170.8574398]
0.570 2.51e-07 [199.9208899]
0.590 2.51e-07 [236.73756254]
0.610 2.51e-07 [289.61601697]
0.630 2.51e-07 [366.51463379]
0.650 2.51e-07 [473.40543294]
0.670 2.51e-07 [633.71850353]
0.690 2.51e-07 [961.08265917]
0.710 2.51e-07 [1601.01936619]
0.730 2.51e-07 [3337.02007869]
0.750 2.51e-07 [37847.12000731]
0.770 2.51e-07 [99995.01564271]
0.790 2.51e-07 [62678.20292428]
0.810 2.51e-07 [3018.85506608]
0.830 2.51e-07 [2000.20010794]
0.850 2.51e-07 [1066.52235179]
0.870 2.51e-07 [806.54698201]
0.890 2.51e-07 [566.74251379]
0.910 2.51e-07 [461.95564212]
0.930 2.51e-07 [360.20557604]
0.950 2.51e-07 [310.36494983]
0.970 2.51e-07 [260.52432362]
0.990 2.51e-07 [231.99606536]
1.010 2.51e-07 [206.27676457]
1.030 2.51e-07 [187.95768491]
1.050 2.51e-07 [174.36430885]
1.070 2.51e-07 [162.27700418]
1.090 2.51e-07 [155.21141781]
1.110 2.51e-07 [148.14583144]
1.130 2.51e-07 [143.06569843]
1.150 2.51e-07 [138.68356966]
1.170 2.51e-07 [134.03567608]
1.190 2.51e-07 [127.64908015]
1.210 2.51e-07 [121.26248423]
1.230 2.51e-07 [112.6290956]
0.250 1.58e-07 [22.23986945]
0.270 1.58e-07 [22.86964056]
0.290 1.58e-07 [23.67023483]
0.310 1.58e-07 [24.55952306]
0.330 1.58e-07 [25.63681711]
0.350 1.58e-07 [26.90222486]
0.370 1.58e-07 [28.39115462]
0.390 1.58e-07 [30.15272942]
0.410 1.58e-07 [32.2759042]
0.430 1.58e-07 [34.80632923]
0.450 1.58e-07 [37.85790783]
0.470 1.58e-07 [41.62939394]
0.490 1.58e-07 [46.05414165]
0.510 1.58e-07 [51.6527596]
0.530 1.58e-07 [58.71187259]
0.550 1.58e-07 [67.7018639]
0.570 1.58e-07 [79.21818853]
0.590 1.58e-07 [93.8067096]
0.610 1.58e-07 [114.75967441]
0.630 1.58e-07 [145.23057281]
0.650 1.58e-07 [187.58580384]
0.670 1.58e-07 [251.10948591]
0.690 1.58e-07 [380.82677265]
0.710 1.58e-07 [634.40020726]
0.730 1.58e-07 [1322.28645965]
0.750 1.58e-07 [14996.8334449]
0.770 1.58e-07 [39622.79282082]
0.790 1.58e-07 [24836.09240808]
0.810 1.58e-07 [1196.21431199]
0.830 1.58e-07 [792.57464952]
0.850 1.58e-07 [422.60700608]
0.870 1.58e-07 [319.59236931]
0.890 1.58e-07 [224.57040546]
0.910 1.58e-07 [183.04885081]
0.930 1.58e-07 [142.73062333]
0.950 1.58e-07 [122.98139089]
0.970 1.58e-07 [103.23215846]
0.990 1.58e-07 [91.92790235]
1.010 1.58e-07 [81.73668911]
1.030 1.58e-07 [74.47779632]
1.050 1.58e-07 [69.09145261]
1.070 1.58e-07 [64.3018862]
1.090 1.58e-07 [61.502164]
1.110 1.58e-07 [58.7024418]
1.130 1.58e-07 [56.68945089]
1.150 1.58e-07 [54.95304254]
1.170 1.58e-07 [53.1113255]
1.190 1.58e-07 [50.58065169]
1.210 1.58e-07 [48.04997788]
1.230 1.58e-07 [44.62901768]
0.250 1.00e-07 [8.90877642]
0.270 1.00e-07 [9.16104813]
0.290 1.00e-07 [9.48174765]
0.310 1.00e-07 [9.83797591]
0.330 1.00e-07 [10.26951495]
0.350 1.00e-07 [10.77640797]
0.370 1.00e-07 [11.37283873]
0.390 1.00e-07 [12.07848479]
0.410 1.00e-07 [12.92897941]
0.430 1.00e-07 [13.94260905]
0.450 1.00e-07 [15.16500073]
0.470 1.00e-07 [16.67577069]
0.490 1.00e-07 [18.4482221]
0.510 1.00e-07 [20.69089873]
0.530 1.00e-07 [23.51861584]
0.550 1.00e-07 [27.11979807]
0.570 1.00e-07 [31.73297089]
0.590 1.00e-07 [37.57679442]
0.610 1.00e-07 [45.97006666]
0.630 1.00e-07 [58.17600257]
0.650 1.00e-07 [75.14252678]
0.670 1.00e-07 [100.58864201]
0.690 1.00e-07 [152.55038161]
0.710 1.00e-07 [254.12602438]
0.730 1.00e-07 [529.6773192]
0.750 1.00e-07 [6007.38401094]
0.770 1.00e-07 [15871.97276912]
0.790 1.00e-07 [9948.76318222]
0.810 1.00e-07 [479.17573786]
0.830 1.00e-07 [317.48704115]
0.850 1.00e-07 [169.2865751]
0.870 1.00e-07 [128.02129839]
0.890 1.00e-07 [89.95770127]
0.910 1.00e-07 [73.32512851]
0.930 1.00e-07 [57.17458073]
0.950 1.00e-07 [49.26349579]
0.970 1.00e-07 [41.35241085]
0.990 1.00e-07 [36.82418777]
1.010 1.00e-07 [32.74182387]
1.030 1.00e-07 [29.8340796]
1.050 1.00e-07 [27.67643511]
1.070 1.00e-07 [25.75784578]
1.090 1.00e-07 [24.63634193]
1.110 1.00e-07 [23.51483809]
1.130 1.00e-07 [22.70848057]
1.150 1.00e-07 [22.01291561]
1.170 1.00e-07 [21.27516644]
1.190 1.00e-07 [20.26143714]
1.210 1.00e-07 [19.24770785]
1.230 1.00e-07 [17.87735046]
0.250 6.30e-08 [3.53589336]
0.270 6.30e-08 [3.63602]
0.290 6.30e-08 [3.76330564]
0.310 6.30e-08 [3.90469264]
0.330 6.30e-08 [4.07597048]
0.350 6.30e-08 [4.27715632]
0.370 6.30e-08 [4.51387969]
0.390 6.30e-08 [4.79395061]
0.410 6.30e-08 [5.13151193]
0.430 6.30e-08 [5.53382153]
0.450 6.30e-08 [6.01898879]
0.470 6.30e-08 [6.61861338]
0.490 6.30e-08 [7.32209935]
0.510 6.30e-08 [8.21221771]
0.530 6.30e-08 [9.33453863]
0.550 6.30e-08 [10.76384785]
0.570 6.30e-08 [12.59481615]
0.590 6.30e-08 [14.91422971]
0.610 6.30e-08 [18.24551946]
0.630 6.30e-08 [23.09005542]
0.650 6.30e-08 [29.82406888]
0.670 6.30e-08 [39.92363201]
0.690 6.30e-08 [60.54724646]
0.710 6.30e-08 [100.86261908]
0.730 6.30e-08 [210.22892799]
0.750 6.30e-08 [2384.33071394]
0.770 6.30e-08 [6299.58599206]
0.790 6.30e-08 [3948.66410702]
0.810 6.30e-08 [190.18485036]
0.830 6.30e-08 [126.01060663]
0.850 6.30e-08 [67.18984166]
0.870 6.30e-08 [50.81165333]
0.890 6.30e-08 [35.70421164]
0.910 6.30e-08 [29.10274351]
0.930 6.30e-08 [22.69259109]
0.950 6.30e-08 [19.55268148]
0.970 6.30e-08 [16.41277187]
0.990 6.30e-08 [14.61552013]
1.010 6.30e-08 [12.99522989]
1.030 6.30e-08 [11.84114619]
1.050 6.30e-08 [10.9847771]
1.070 6.30e-08 [10.22328899]
1.090 6.30e-08 [9.77816411]
1.110 6.30e-08 [9.33303924]
1.130 6.30e-08 [9.01299594]
1.150 6.30e-08 [8.73692621]
1.170 6.30e-08 [8.44411356]
1.190 6.30e-08 [8.0417644]
1.210 6.30e-08 [7.63941525]
1.230 6.30e-08 [7.0955204]
0.250 4.00e-08 [1.42540423]
0.270 4.00e-08 [1.4657677]
0.290 4.00e-08 [1.51707962]
0.310 4.00e-08 [1.57407615]
0.330 4.00e-08 [1.64312239]
0.350 4.00e-08 [1.72422528]
0.370 4.00e-08 [1.8196542]
0.390 4.00e-08 [1.93255757]
0.410 4.00e-08 [2.06863671]
0.430 4.00e-08 [2.23081745]
0.450 4.00e-08 [2.42640012]
0.470 4.00e-08 [2.66812331]
0.490 4.00e-08 [2.95171554]
0.510 4.00e-08 [3.3105438]
0.530 4.00e-08 [3.76297853]
0.550 4.00e-08 [4.33916769]
0.570 4.00e-08 [5.07727534]
0.590 4.00e-08 [6.01228711]
0.610 4.00e-08 [7.35521067]
0.630 4.00e-08 [9.30816041]
0.650 4.00e-08 [12.02280428]
0.670 4.00e-08 [16.09418272]
0.690 4.00e-08 [24.40806106]
0.710 4.00e-08 [40.6601639]
0.730 4.00e-08 [84.74837107]
0.750 4.00e-08 [961.18144175]
0.770 4.00e-08 [2539.51564306]
0.790 4.00e-08 [1591.80210915]
0.810 4.00e-08 [76.66811806]
0.830 4.00e-08 [50.79792658]
0.850 4.00e-08 [27.08585202]
0.870 4.00e-08 [20.48340774]
0.890 4.00e-08 [14.3932322]
0.910 4.00e-08 [11.73202056]
0.930 4.00e-08 [9.14793292]
0.950 4.00e-08 [7.88215933]
0.970 4.00e-08 [6.61638574]
0.990 4.00e-08 [5.89187004]
1.010 4.00e-08 [5.23869182]
1.030 4.00e-08 [4.77345274]
1.050 4.00e-08 [4.42822962]
1.070 4.00e-08 [4.12125532]
1.090 4.00e-08 [3.94181471]
1.110 4.00e-08 [3.76237409]
1.130 4.00e-08 [3.63335689]
1.150 4.00e-08 [3.5220665]
1.170 4.00e-08 [3.40402663]
1.190 4.00e-08 [3.24182994]
1.210 4.00e-08 [3.07963326]
1.230 4.00e-08 [2.86037607]
0.220 1.00e-09 [0.00086087]
0.250 1.00e-09 [0.00089088]
0.270 1.00e-09 [0.0009161]
0.290 1.00e-09 [0.00094817]
0.310 1.00e-09 [0.0009838]
0.330 1.00e-09 [0.00102695]
0.350 1.00e-09 [0.00107764]
0.370 1.00e-09 [0.00113728]
0.390 1.00e-09 [0.00120785]
0.410 1.00e-09 [0.0012929]
0.430 1.00e-09 [0.00139426]
0.450 1.00e-09 [0.0015165]
0.470 1.00e-09 [0.00166758]
0.490 1.00e-09 [0.00184482]
0.510 1.00e-09 [0.00206909]
0.530 1.00e-09 [0.00235186]
0.550 1.00e-09 [0.00271198]
0.570 1.00e-09 [0.0031733]
0.590 1.00e-09 [0.00375768]
0.610 1.00e-09 [0.00459701]
0.630 1.00e-09 [0.0058176]
0.650 1.00e-09 [0.00751425]
0.670 1.00e-09 [0.01005886]
0.690 1.00e-09 [0.01525504]
0.710 1.00e-09 [0.0254126]
0.730 1.00e-09 [0.05296773]
0.750 1.00e-09 [0.6007384]
0.770 1.00e-09 [1.58719728]
0.790 1.00e-09 [0.99487632]
0.810 1.00e-09 [0.04791757]
0.830 1.00e-09 [0.0317487]
0.850 1.00e-09 [0.01692866]
0.870 1.00e-09 [0.01280213]
0.890 1.00e-09 [0.00899577]
0.910 1.00e-09 [0.00733251]
0.930 1.00e-09 [0.00571746]
0.950 1.00e-09 [0.00492635]
0.970 1.00e-09 [0.00413524]
0.990 1.00e-09 [0.00368242]
1.010 1.00e-09 [0.00327418]
1.030 1.00e-09 [0.00298341]
1.050 1.00e-09 [0.00276764]
1.070 1.00e-09 [0.00257578]
1.090 1.00e-09 [0.00246363]
1.110 1.00e-09 [0.00235148]
1.130 1.00e-09 [0.00227085]
1.150 1.00e-09 [0.00220129]
1.170 1.00e-09 [0.00212752]
1.190 1.00e-09 [0.00202614]
1.210 1.00e-09 [0.00192477]
1.230 1.00e-09 [0.00178774]
1.250 1.00e-09 [0.00159795]
1.270 1.00e-09 [0.00140817]
1.290 1.00e-09 [0.00121127]
1.310 1.00e-09 [0.00100848]
1.330 1.00e-09 [0.0008057]
1.350 1.00e-09 [0.00064688]
1.370 1.00e-09 [0.00052316]
1.390 1.00e-09 [0.00039945]
1.410 1.00e-09 [0.00030441]
1.430 1.00e-09 [0.00024803]
1.450 1.00e-09 [0.00019164]
1.470 1.00e-09 [0.00014019]
1.490 1.00e-09 [0.00011683]
0.220 2.00e-09 [0.00344348]
0.250 2.00e-09 [0.00356351]
0.270 2.00e-09 [0.00366442]
0.290 2.00e-09 [0.0037927]
0.310 2.00e-09 [0.00393519]
0.330 2.00e-09 [0.00410781]
0.350 2.00e-09 [0.00431056]
0.370 2.00e-09 [0.00454914]
0.390 2.00e-09 [0.00483139]
0.410 2.00e-09 [0.00517159]
0.430 2.00e-09 [0.00557704]
0.450 2.00e-09 [0.006066]
0.470 2.00e-09 [0.00667031]
0.490 2.00e-09 [0.00737929]
0.510 2.00e-09 [0.00827636]
0.530 2.00e-09 [0.00940745]
0.550 2.00e-09 [0.01084792]
0.570 2.00e-09 [0.01269319]
0.590 2.00e-09 [0.01503072]
0.610 2.00e-09 [0.01838803]
0.630 2.00e-09 [0.0232704]
0.650 2.00e-09 [0.03005701]
0.670 2.00e-09 [0.04023546]
0.690 2.00e-09 [0.06102015]
0.710 2.00e-09 [0.10165041]
0.730 2.00e-09 [0.21187093]
0.750 2.00e-09 [2.4029536]
0.770 2.00e-09 [6.34878911]
0.790 2.00e-09 [3.97950527]
0.810 2.00e-09 [0.1916703]
0.830 2.00e-09 [0.12699482]
0.850 2.00e-09 [0.06771463]
0.870 2.00e-09 [0.05120852]
0.890 2.00e-09 [0.03598308]
0.910 2.00e-09 [0.02933005]
0.930 2.00e-09 [0.02286983]
0.950 2.00e-09 [0.0197054]
0.970 2.00e-09 [0.01654096]
0.990 2.00e-09 [0.01472968]
1.010 2.00e-09 [0.01309673]
1.030 2.00e-09 [0.01193363]
1.050 2.00e-09 [0.01107057]
1.070 2.00e-09 [0.01030314]
1.090 2.00e-09 [0.00985454]
1.110 2.00e-09 [0.00940594]
1.130 2.00e-09 [0.00908339]
1.150 2.00e-09 [0.00880517]
1.170 2.00e-09 [0.00851007]
1.190 2.00e-09 [0.00810457]
1.210 2.00e-09 [0.00769908]
1.230 2.00e-09 [0.00715094]
1.250 2.00e-09 [0.0063918]
1.270 2.00e-09 [0.00563266]
1.290 2.00e-09 [0.00484509]
1.310 2.00e-09 [0.00403394]
1.330 2.00e-09 [0.00322279]
1.350 2.00e-09 [0.00258753]
1.370 2.00e-09 [0.00209266]
1.390 2.00e-09 [0.00159779]
1.410 2.00e-09 [0.00121763]
1.430 2.00e-09 [0.0009921]
1.450 2.00e-09 [0.00076658]
1.470 2.00e-09 [0.00056077]
1.490 2.00e-09 [0.00046733]
0.220 4.00e-09 [0.01377393]
0.250 4.00e-09 [0.01425404]
0.270 4.00e-09 [0.01465768]
0.290 4.00e-09 [0.0151708]
0.310 4.00e-09 [0.01574076]
0.330 4.00e-09 [0.01643122]
0.350 4.00e-09 [0.01724225]
0.370 4.00e-09 [0.01819654]
0.390 4.00e-09 [0.01932558]
0.410 4.00e-09 [0.02068637]
0.430 4.00e-09 [0.02230817]
0.450 4.00e-09 [0.024264]
0.470 4.00e-09 [0.02668123]
0.490 4.00e-09 [0.02951716]
0.510 4.00e-09 [0.03310544]
0.530 4.00e-09 [0.03762979]
0.550 4.00e-09 [0.04339168]
0.570 4.00e-09 [0.05077275]
0.590 4.00e-09 [0.06012287]
0.610 4.00e-09 [0.07355211]
0.630 4.00e-09 [0.0930816]
0.650 4.00e-09 [0.12022804]
0.670 4.00e-09 [0.16094183]
0.690 4.00e-09 [0.24408061]
0.710 4.00e-09 [0.40660164]
0.730 4.00e-09 [0.84748371]
0.750 4.00e-09 [9.61181442]
0.770 4.00e-09 [25.39515643]
0.790 4.00e-09 [15.91802109]
0.810 4.00e-09 [0.76668118]
0.830 4.00e-09 [0.50797927]
0.850 4.00e-09 [0.27085852]
0.870 4.00e-09 [0.20483408]
0.890 4.00e-09 [0.14393232]
0.910 4.00e-09 [0.11732021]
0.930 4.00e-09 [0.09147933]
0.950 4.00e-09 [0.07882159]
0.970 4.00e-09 [0.06616386]
0.990 4.00e-09 [0.0589187]
1.010 4.00e-09 [0.05238692]
1.030 4.00e-09 [0.04773453]
1.050 4.00e-09 [0.0442823]
1.070 4.00e-09 [0.04121255]
1.090 4.00e-09 [0.03941815]
1.110 4.00e-09 [0.03762374]
1.130 4.00e-09 [0.03633357]
1.150 4.00e-09 [0.03522066]
1.170 4.00e-09 [0.03404027]
1.190 4.00e-09 [0.0324183]
1.210 4.00e-09 [0.03079633]
1.230 4.00e-09 [0.02860376]
1.250 4.00e-09 [0.0255672]
1.270 4.00e-09 [0.02253064]
1.290 4.00e-09 [0.01938038]
1.310 4.00e-09 [0.01613576]
1.330 4.00e-09 [0.01289114]
1.350 4.00e-09 [0.0103501]
1.370 4.00e-09 [0.00837063]
1.390 4.00e-09 [0.00639115]
1.410 4.00e-09 [0.00487051]
1.430 4.00e-09 [0.00396841]
1.450 4.00e-09 [0.00306632]
1.470 4.00e-09 [0.00224308]
1.490 4.00e-09 [0.00186932]
0.220 8.00e-09 [0.05509572]
0.250 8.00e-09 [0.05701617]
0.270 8.00e-09 [0.05863071]
0.290 8.00e-09 [0.06068318]
0.310 8.00e-09 [0.06296305]
0.330 8.00e-09 [0.0657249]
0.350 8.00e-09 [0.06896901]
0.370 8.00e-09 [0.07278617]
0.390 8.00e-09 [0.0773023]
0.410 8.00e-09 [0.08274547]
0.430 8.00e-09 [0.0892327]
0.450 8.00e-09 [0.097056]
0.470 8.00e-09 [0.10672493]
0.490 8.00e-09 [0.11806862]
0.510 8.00e-09 [0.13242175]
0.530 8.00e-09 [0.15051914]
0.550 8.00e-09 [0.17356671]
0.570 8.00e-09 [0.20309101]
0.590 8.00e-09 [0.24049148]
0.610 8.00e-09 [0.29420843]
0.630 8.00e-09 [0.37232642]
0.650 8.00e-09 [0.48091217]
0.670 8.00e-09 [0.64376731]
0.690 8.00e-09 [0.97632244]
0.710 8.00e-09 [1.62640656]
0.730 8.00e-09 [3.38993484]
0.750 8.00e-09 [38.44725767]
0.770 8.00e-09 [101.58062572]
0.790 8.00e-09 [63.67208437]
0.810 8.00e-09 [3.06672472]
0.830 8.00e-09 [2.03191706]
0.850 8.00e-09 [1.08343408]
0.870 8.00e-09 [0.81933631]
0.890 8.00e-09 [0.57572929]
0.910 8.00e-09 [0.46928082]
0.930 8.00e-09 [0.36591732]
0.950 8.00e-09 [0.31528637]
0.970 8.00e-09 [0.26465543]
0.990 8.00e-09 [0.2356748]
1.010 8.00e-09 [0.20954767]
1.030 8.00e-09 [0.19093811]
1.050 8.00e-09 [0.17712918]
1.070 8.00e-09 [0.16485021]
1.090 8.00e-09 [0.15767259]
1.110 8.00e-09 [0.15049496]
1.130 8.00e-09 [0.14533428]
1.150 8.00e-09 [0.14088266]
1.170 8.00e-09 [0.13616107]
1.190 8.00e-09 [0.1296732]
1.210 8.00e-09 [0.12318533]
1.230 8.00e-09 [0.11441504]
1.250 8.00e-09 [0.10226881]
1.270 8.00e-09 [0.09012258]
1.290 8.00e-09 [0.0775215]
1.310 8.00e-09 [0.06454304]
1.330 8.00e-09 [0.05156458]
1.350 8.00e-09 [0.04140042]
1.370 8.00e-09 [0.03348251]
1.390 8.00e-09 [0.02556461]
1.410 8.00e-09 [0.01948205]
1.430 8.00e-09 [0.01587366]
1.450 8.00e-09 [0.01226527]
1.470 8.00e-09 [0.00897233]
1.490 8.00e-09 [0.00747727]
0.220 1.60e-08 [0.22038287]
0.250 1.60e-08 [0.22806468]
0.270 1.60e-08 [0.23452283]
0.290 1.60e-08 [0.24273274]
0.310 1.60e-08 [0.25185218]
0.330 1.60e-08 [0.26289958]
0.350 1.60e-08 [0.27587604]
0.370 1.60e-08 [0.29114467]
0.390 1.60e-08 [0.30920921]
0.410 1.60e-08 [0.33098187]
0.430 1.60e-08 [0.35693079]
0.450 1.60e-08 [0.38822402]
0.470 1.60e-08 [0.42689973]
0.490 1.60e-08 [0.47227449]
0.510 1.60e-08 [0.52968701]
0.530 1.60e-08 [0.60207657]
0.550 1.60e-08 [0.69426683]
0.570 1.60e-08 [0.81236405]
0.590 1.60e-08 [0.96196594]
0.610 1.60e-08 [1.17683371]
0.630 1.60e-08 [1.48930567]
0.650 1.60e-08 [1.92364869]
0.670 1.60e-08 [2.57506924]
0.690 1.60e-08 [3.90528977]
0.710 1.60e-08 [6.50562622]
0.730 1.60e-08 [13.55973937]
0.750 1.60e-08 [153.78903068]
0.770 1.60e-08 [406.32250289]
0.790 1.60e-08 [254.68833746]
0.810 1.60e-08 [12.26689889]
0.830 1.60e-08 [8.12766825]
0.850 1.60e-08 [4.33373632]
0.870 1.60e-08 [3.27734524]
0.890 1.60e-08 [2.30291715]
0.910 1.60e-08 [1.87712329]
0.930 1.60e-08 [1.46366927]
0.950 1.60e-08 [1.26114549]
0.970 1.60e-08 [1.05862172]
0.990 1.60e-08 [0.94269921]
1.010 1.60e-08 [0.83819069]
1.030 1.60e-08 [0.76375244]
1.050 1.60e-08 [0.70851674]
1.070 1.60e-08 [0.65940085]
1.090 1.60e-08 [0.63069035]
1.110 1.60e-08 [0.60197986]
1.130 1.60e-08 [0.5813371]
1.150 1.60e-08 [0.56353064]
1.170 1.60e-08 [0.54464426]
1.190 1.60e-08 [0.51869279]
1.210 1.60e-08 [0.49274132]
1.230 1.60e-08 [0.45766017]
1.250 1.60e-08 [0.40907524]
1.270 1.60e-08 [0.36049032]
1.290 1.60e-08 [0.310086]
1.310 1.60e-08 [0.25817215]
1.330 1.60e-08 [0.20625831]
1.350 1.60e-08 [0.16560167]
1.370 1.60e-08 [0.13393006]
1.390 1.60e-08 [0.10225844]
1.410 1.60e-08 [0.07792818]
1.430 1.60e-08 [0.06349463]
1.450 1.60e-08 [0.04906107]
1.470 1.60e-08 [0.03588933]
1.490 1.60e-08 [0.02990908]
0.220 3.20e-08 [0.88153148]
0.250 3.20e-08 [0.91225871]
0.270 3.20e-08 [0.93809133]
0.290 3.20e-08 [0.97093096]
0.310 3.20e-08 [1.00740873]
0.330 3.20e-08 [1.05159833]
0.350 3.20e-08 [1.10350418]
0.370 3.20e-08 [1.16457869]
0.390 3.20e-08 [1.23683684]
0.410 3.20e-08 [1.32392749]
0.430 3.20e-08 [1.42772317]
0.450 3.20e-08 [1.55289608]
0.470 3.20e-08 [1.70759892]
0.490 3.20e-08 [1.88909794]
0.510 3.20e-08 [2.11874803]
0.530 3.20e-08 [2.40830626]
0.550 3.20e-08 [2.77706732]
0.570 3.20e-08 [3.24945622]
0.590 3.20e-08 [3.84786375]
0.610 3.20e-08 [4.70733483]
0.630 3.20e-08 [5.95722266]
0.650 3.20e-08 [7.69459474]
0.670 3.20e-08 [10.30027694]
0.690 3.20e-08 [15.62115908]
0.710 3.20e-08 [26.0225049]
0.730 3.20e-08 [54.23895749]
0.750 3.20e-08 [615.15612272]
0.770 3.20e-08 [1625.29001156]
0.790 3.20e-08 [1018.75334986]
0.810 3.20e-08 [49.06759556]
0.830 3.20e-08 [32.51067301]
0.850 3.20e-08 [17.33494529]
0.870 3.20e-08 [13.10938096]
0.890 3.20e-08 [9.21166861]
0.910 3.20e-08 [7.50849316]
0.930 3.20e-08 [5.85467707]
0.950 3.20e-08 [5.04458197]
0.970 3.20e-08 [4.23448687]
0.990 3.20e-08 [3.77079683]
1.010 3.20e-08 [3.35276276]
1.030 3.20e-08 [3.05500975]
1.050 3.20e-08 [2.83406696]
1.070 3.20e-08 [2.63760341]
1.090 3.20e-08 [2.52276141]
1.110 3.20e-08 [2.40791942]
1.130 3.20e-08 [2.32534841]
1.150 3.20e-08 [2.25412256]
1.170 3.20e-08 [2.17857704]
1.190 3.20e-08 [2.07477116]
1.210 3.20e-08 [1.97096528]
1.230 3.20e-08 [1.83064069]
1.250 3.20e-08 [1.63630097]
1.270 3.20e-08 [1.44196126]
1.290 3.20e-08 [1.24034401]
1.310 3.20e-08 [1.03268862]
1.330 3.20e-08 [0.82503323]
1.350 3.20e-08 [0.66240669]
1.370 3.20e-08 [0.53572022]
1.390 3.20e-08 [0.40903376]
1.410 3.20e-08 [0.31171274]
1.430 3.20e-08 [0.25397851]
1.450 3.20e-08 [0.19624428]
1.470 3.20e-08 [0.14355732]
1.490 3.20e-08 [0.11963634]
0.220 6.30e-08 [3.41679535]
0.250 6.30e-08 [3.53589336]
0.270 6.30e-08 [3.63602]
0.290 6.30e-08 [3.76330564]
0.310 6.30e-08 [3.90469264]
0.330 6.30e-08 [4.07597048]
0.350 6.30e-08 [4.27715632]
0.370 6.30e-08 [4.51387969]
0.390 6.30e-08 [4.79395061]
0.410 6.30e-08 [5.13151193]
0.430 6.30e-08 [5.53382153]
0.450 6.30e-08 [6.01898879]
0.470 6.30e-08 [6.61861338]
0.490 6.30e-08 [7.32209935]
0.510 6.30e-08 [8.21221771]
0.530 6.30e-08 [9.33453863]
0.550 6.30e-08 [10.76384785]
0.570 6.30e-08 [12.59481615]
0.590 6.30e-08 [14.91422971]
0.610 6.30e-08 [18.24551946]
0.630 6.30e-08 [23.09005542]
0.650 6.30e-08 [29.82406888]
0.670 6.30e-08 [39.92363201]
0.690 6.30e-08 [60.54724646]
0.710 6.30e-08 [100.86261908]
0.730 6.30e-08 [210.22892799]
0.750 6.30e-08 [2384.33071394]
0.770 6.30e-08 [6299.58599206]
0.790 6.30e-08 [3948.66410702]
0.810 6.30e-08 [190.18485036]
0.830 6.30e-08 [126.01060663]
0.850 6.30e-08 [67.18984166]
0.870 6.30e-08 [50.81165333]
0.890 6.30e-08 [35.70421164]
0.910 6.30e-08 [29.10274351]
0.930 6.30e-08 [22.69259109]
0.950 6.30e-08 [19.55268148]
0.970 6.30e-08 [16.41277187]
0.990 6.30e-08 [14.61552013]
1.010 6.30e-08 [12.99522989]
1.030 6.30e-08 [11.84114619]
1.050 6.30e-08 [10.9847771]
1.070 6.30e-08 [10.22328899]
1.090 6.30e-08 [9.77816411]
1.110 6.30e-08 [9.33303924]
1.130 6.30e-08 [9.01299594]
1.150 6.30e-08 [8.73692621]
1.170 6.30e-08 [8.44411356]
1.190 6.30e-08 [8.0417644]
1.210 6.30e-08 [7.63941525]
1.230 6.30e-08 [7.0955204]
1.250 6.30e-08 [6.34226422]
1.270 6.30e-08 [5.58900805]
1.290 6.30e-08 [4.80754429]
1.310 6.30e-08 [4.00267688]
1.330 6.30e-08 [3.19780947]
1.350 6.30e-08 [2.56747281]
1.370 6.30e-08 [2.07643903]
1.390 6.30e-08 [1.58540526]
1.410 6.30e-08 [1.20819127]
1.430 6.30e-08 [0.98441475]
1.450 6.30e-08 [0.76063823]
1.470 6.30e-08 [0.55642482]
1.490 6.30e-08 [0.46370764]
0.220 1.26e-07 [13.6671814]
0.250 1.26e-07 [14.14357344]
0.270 1.26e-07 [14.54408002]
0.290 1.26e-07 [15.05322257]
0.310 1.26e-07 [15.61877056]
0.330 1.26e-07 [16.30388193]
0.350 1.26e-07 [17.1086253]
0.370 1.26e-07 [18.05551878]
0.390 1.26e-07 [19.17580245]
0.410 1.26e-07 [20.52604771]
0.430 1.26e-07 [22.13528613]
0.450 1.26e-07 [24.07595516]
0.470 1.26e-07 [26.47445354]
0.490 1.26e-07 [29.28839741]
0.510 1.26e-07 [32.84887083]
0.530 1.26e-07 [37.33815451]
0.550 1.26e-07 [43.05539141]
0.570 1.26e-07 [50.37926458]
0.590 1.26e-07 [59.65691882]
0.610 1.26e-07 [72.98207783]
0.630 1.26e-07 [92.36022168]
0.650 1.26e-07 [119.29627551]
0.670 1.26e-07 [159.69452805]
0.690 1.26e-07 [242.18898584]
0.710 1.26e-07 [403.4504763]
0.730 1.26e-07 [840.91571196]
0.750 1.26e-07 [9537.32285576]
0.770 1.26e-07 [25198.34396825]
0.790 1.26e-07 [15794.65642809]
0.810 1.26e-07 [760.73940142]
0.830 1.26e-07 [504.04242653]
0.850 1.26e-07 [268.75936663]
0.870 1.26e-07 [203.24661333]
0.890 1.26e-07 [142.81684654]
0.910 1.26e-07 [116.41097402]
0.930 1.26e-07 [90.77036436]
0.950 1.26e-07 [78.21072592]
0.970 1.26e-07 [65.65108747]
0.990 1.26e-07 [58.4620805]
1.010 1.26e-07 [51.98091958]
1.030 1.26e-07 [47.36458478]
1.050 1.26e-07 [43.93910838]
1.070 1.26e-07 [40.89315596]
1.090 1.26e-07 [39.11265645]
1.110 1.26e-07 [37.33215695]
1.130 1.26e-07 [36.05198375]
1.150 1.26e-07 [34.94770483]
1.170 1.26e-07 [33.77645424]
1.190 1.26e-07 [32.16705761]
1.210 1.26e-07 [30.55766098]
1.230 1.26e-07 [28.38208158]
1.250 1.26e-07 [25.3690569]
1.270 1.26e-07 [22.35603221]
1.290 1.26e-07 [19.23017718]
1.310 1.26e-07 [16.01070753]
1.330 1.26e-07 [12.79123788]
1.350 1.26e-07 [10.26989123]
1.370 1.26e-07 [8.30575613]
1.390 1.26e-07 [6.34162102]
1.410 1.26e-07 [4.83276508]
1.430 1.26e-07 [3.93765899]
1.450 1.26e-07 [3.0425529]
1.470 1.26e-07 [2.22569929]
1.490 1.26e-07 [1.85483057]
0.220 2.51e-07 [54.23570768]
0.250 2.51e-07 [56.12618231]
0.270 2.51e-07 [57.71551934]
0.290 2.51e-07 [59.73595836]
0.310 2.51e-07 [61.98023203]
0.330 2.51e-07 [64.69897112]
0.350 2.51e-07 [67.89244787]
0.370 2.51e-07 [71.65002131]
0.390 2.51e-07 [76.095662]
0.410 2.51e-07 [81.45386318]
0.430 2.51e-07 [87.83983128]
0.450 2.51e-07 [95.54102112]
0.470 2.51e-07 [105.05902289]
0.490 2.51e-07 [116.22564405]
0.510 2.51e-07 [130.35473111]
0.530 2.51e-07 [148.16963167]
0.550 2.51e-07 [170.8574398]
0.570 2.51e-07 [199.9208899]
0.590 2.51e-07 [236.73756254]
0.610 2.51e-07 [289.61601697]
0.630 2.51e-07 [366.51463379]
0.650 2.51e-07 [473.40543294]
0.670 2.51e-07 [633.71850353]
0.690 2.51e-07 [961.08265917]
0.710 2.51e-07 [1601.01936619]
0.730 2.51e-07 [3337.02007869]
0.750 2.51e-07 [37847.12000731]
0.770 2.51e-07 [99995.01564271]
0.790 2.51e-07 [62678.20292428]
0.810 2.51e-07 [3018.85506608]
0.830 2.51e-07 [2000.20010794]
0.850 2.51e-07 [1066.52235179]
0.870 2.51e-07 [806.54698201]
0.890 2.51e-07 [566.74251379]
0.910 2.51e-07 [461.95564212]
0.930 2.51e-07 [360.20557604]
0.950 2.51e-07 [310.36494983]
0.970 2.51e-07 [260.52432362]
0.990 2.51e-07 [231.99606536]
1.010 2.51e-07 [206.27676457]
1.030 2.51e-07 [187.95768491]
1.050 2.51e-07 [174.36430885]
1.070 2.51e-07 [162.27700418]
1.090 2.51e-07 [155.21141781]
1.110 2.51e-07 [148.14583144]
1.130 2.51e-07 [143.06569843]
1.150 2.51e-07 [138.68356966]
1.170 2.51e-07 [134.03567608]
1.190 2.51e-07 [127.64908015]
1.210 2.51e-07 [121.26248423]
1.230 2.51e-07 [112.6290956]
1.250 2.51e-07 [100.67245866]
1.270 2.51e-07 [88.71582171]
1.290 2.51e-07 [76.31143817]
1.310 2.51e-07 [63.53556217]
1.330 2.51e-07 [50.75968618]
1.350 2.51e-07 [40.75418351]
1.370 2.51e-07 [32.95987287]
1.390 2.51e-07 [25.16556224]
1.410 2.51e-07 [19.17794363]
1.430 2.51e-07 [15.62587895]
1.450 2.51e-07 [12.07381427]
1.470 2.51e-07 [8.83228024]
1.490 2.51e-07 [7.3605556]
0.220 5.01e-07 [216.07937753]
0.250 5.01e-07 [223.61117895]
0.270 5.01e-07 [229.94322424]
0.290 5.01e-07 [237.99281413]
0.310 5.01e-07 [246.93417915]
0.330 5.01e-07 [257.76585213]
0.350 5.01e-07 [270.48891775]
0.370 5.01e-07 [285.45938953]
0.390 5.01e-07 [303.17117596]
0.410 5.01e-07 [324.5186761]
0.430 5.01e-07 [349.96088142]
0.450 5.01e-07 [380.64303489]
0.470 5.01e-07 [418.56351178]
0.490 5.01e-07 [463.05221953]
0.510 5.01e-07 [519.34362728]
0.530 5.01e-07 [590.3196095]
0.550 5.01e-07 [680.70964347]
0.570 5.01e-07 [796.5007426]
0.590 5.01e-07 [943.18129767]
0.610 5.01e-07 [1153.85327019]
0.630 5.01e-07 [1460.22348208]
0.650 5.01e-07 [1886.08493634]
0.670 5.01e-07 [2524.78497331]
0.690 5.01e-07 [3829.02983342]
0.710 5.01e-07 [6378.58862451]
0.730 5.01e-07 [13294.95367964]
0.750 5.01e-07 [150785.93941293]
0.770 5.01e-07 [398388.10370208]
0.790 5.01e-07 [249714.95074993]
0.810 5.01e-07 [12027.35893782]
0.830 5.01e-07 [7968.95648155]
0.850 5.01e-07 [4249.1099637]
0.870 5.01e-07 [3213.34739181]
0.890 5.01e-07 [2257.94729773]
0.910 5.01e-07 [1840.4680581]
0.930 5.01e-07 [1435.08769372]
0.950 5.01e-07 [1236.5186707]
0.970 5.01e-07 [1037.94964768]
0.990 5.01e-07 [924.29079542]
1.010 5.01e-07 [821.82305334]
1.030 5.01e-07 [748.83838146]
1.050 5.01e-07 [694.68128895]
1.070 5.01e-07 [646.5245048]
1.090 5.01e-07 [618.37464614]
1.110 5.01e-07 [590.22478749]
1.130 5.01e-07 [569.98513311]
1.150 5.01e-07 [552.5263832]
1.170 5.01e-07 [534.00880513]
1.190 5.01e-07 [508.56409847]
1.210 5.01e-07 [483.11939181]
1.230 5.01e-07 [448.72328416]
1.250 5.01e-07 [401.08709061]
1.270 5.01e-07 [353.45089705]
1.290 5.01e-07 [304.03084541]
1.310 5.01e-07 [253.13073825]
1.330 5.01e-07 [202.2306311]
1.350 5.01e-07 [162.36791185]
1.370 5.01e-07 [131.31475771]
1.390 5.01e-07 [100.26160358]
1.410 5.01e-07 [76.40645432]
1.430 5.01e-07 [62.25474584]
1.450 5.01e-07 [48.10303736]
1.470 5.01e-07 [35.18850768]
1.490 5.01e-07 [29.32503954]
0.220 1.00e-06 [860.8705843]
0.250 1.00e-06 [890.87764172]
0.270 1.00e-06 [916.10481329]
0.290 1.00e-06 [948.17476477]
0.310 1.00e-06 [983.79759104]
0.330 1.00e-06 [1026.95149475]
0.350 1.00e-06 [1077.64079723]
0.370 1.00e-06 [1137.28387348]
0.390 1.00e-06 [1207.84847854]
0.410 1.00e-06 [1292.89794103]
0.430 1.00e-06 [1394.26090502]
0.450 1.00e-06 [1516.50007327]
0.470 1.00e-06 [1667.57706852]
0.490 1.00e-06 [1844.82220998]
0.510 1.00e-06 [2069.08987329]
0.530 1.00e-06 [2351.8615842]
0.550 1.00e-06 [2711.97980673]
0.570 1.00e-06 [3173.29708886]
0.590 1.00e-06 [3757.67944221]
0.610 1.00e-06 [4597.00666607]
0.630 1.00e-06 [5817.6002569]
0.650 1.00e-06 [7514.25267762]
0.670 1.00e-06 [10058.86420099]
0.690 1.00e-06 [15255.03816087]
0.710 1.00e-06 [25412.60243789]
0.730 1.00e-06 [52967.73191997]
0.750 1.00e-06 [600738.40109375]
0.770 1.00e-06 [1587197.27691158]
0.790 1.00e-06 [994876.31822155]
0.810 1.00e-06 [47917.57378585]
0.830 1.00e-06 [31748.70411492]
0.850 1.00e-06 [16928.65751011]
0.870 1.00e-06 [12802.12983937]
0.890 1.00e-06 [8995.77012733]
0.910 1.00e-06 [7332.51285093]
0.930 1.00e-06 [5717.45807276]
0.950 1.00e-06 [4926.34957909]
0.970 1.00e-06 [4135.24108542]
0.990 1.00e-06 [3682.41877688]
1.010 1.00e-06 [3274.18238709]
1.030 1.00e-06 [2983.40796036]
1.050 1.00e-06 [2767.64351118]
1.070 1.00e-06 [2575.78457773]
1.090 1.00e-06 [2463.63419325]
1.110 1.00e-06 [2351.48380877]
1.130 1.00e-06 [2270.84805682]
1.150 1.00e-06 [2201.29156138]
1.170 1.00e-06 [2127.51664387]
1.190 1.00e-06 [2026.14371446]
1.210 1.00e-06 [1924.77078504]
1.230 1.00e-06 [1787.73504551]
1.250 1.00e-06 [1597.95016995]
1.270 1.00e-06 [1408.16529438]
1.290 1.00e-06 [1211.27344278]
1.310 1.00e-06 [1008.48497916]
1.330 1.00e-06 [805.69651553]
1.350 1.00e-06 [646.88153373]
1.370 1.00e-06 [523.16428107]
1.390 1.00e-06 [399.44702842]
1.410 1.00e-06 [304.40697176]
1.430 1.00e-06 [248.02588769]
1.450 1.00e-06 [191.64480363]
1.470 1.00e-06 [140.19269915]
1.490 1.00e-06 [116.83236138]
0.220 1.99e-06 [3426.28644727]
0.250 1.99e-06 [3545.71528598]
0.270 1.99e-06 [3646.1200595]
0.290 1.99e-06 [3773.75926817]
0.310 1.99e-06 [3915.53900726]
0.330 1.99e-06 [4087.2926229]
0.350 1.99e-06 [4289.037314]
0.370 1.99e-06 [4526.41824855]
0.390 1.99e-06 [4807.26714082]
0.410 1.99e-06 [5145.76612773]
0.430 1.99e-06 [5549.1932585]
0.450 1.99e-06 [6035.70820411]
0.470 1.99e-06 [6636.99842213]
0.490 1.99e-06 [7342.43851626]
0.510 1.99e-06 [8235.02942292]
0.530 1.99e-06 [9360.46790166]
0.550 1.99e-06 [10793.74743027]
0.570 1.99e-06 [12629.80174611]
0.590 1.99e-06 [14955.65812197]
0.610 1.99e-06 [18296.20145614]
0.630 1.99e-06 [23154.19446248]
0.650 1.99e-06 [29906.91351324]
0.670 1.99e-06 [40034.53099154]
0.690 1.99e-06 [60715.4332562]
0.710 1.99e-06 [101142.79301785]
0.730 1.99e-06 [210812.89723479]
0.750 1.99e-06 [2390953.85481313]
0.770 1.99e-06 [6317084.84204002]
0.790 1.99e-06 [3959632.61842972]
0.810 1.99e-06 [190713.14160702]
0.830 1.99e-06 [126360.63609499]
0.850 1.99e-06 [67376.48010668]
0.870 1.99e-06 [50952.79681396]
0.890 1.99e-06 [35803.39000102]
0.910 1.99e-06 [29183.58445952]
0.930 1.99e-06 [22755.62606602]
0.950 1.99e-06 [19606.99448351]
0.970 1.99e-06 [16458.362901]
0.990 1.99e-06 [14656.11879247]
1.010 1.99e-06 [13031.3277552]
1.030 1.99e-06 [11874.03826745]
1.050 1.99e-06 [11015.2903656]
1.070 1.99e-06 [10251.68701399]
1.090 1.99e-06 [9805.32568]
1.110 1.99e-06 [9358.96434601]
1.130 1.99e-06 [9038.03203733]
1.150 1.99e-06 [8761.19544658]
1.170 1.99e-06 [8467.56943054]
1.190 1.99e-06 [8064.10263712]
1.210 1.99e-06 [7660.63584371]
1.230 1.99e-06 [7115.23017451]
1.250 1.99e-06 [6359.88162514]
1.270 1.99e-06 [5604.53307576]
1.290 1.99e-06 [4820.89858408]
1.310 1.99e-06 [4013.79542916]
1.330 1.99e-06 [3206.69227424]
1.350 1.99e-06 [2574.60467627]
1.370 1.99e-06 [2082.20691777]
1.390 1.99e-06 [1589.80915927]
1.410 1.99e-06 [1211.54735778]
1.430 1.99e-06 [987.14923367]
1.450 1.99e-06 [762.75110956]
1.470 1.99e-06 [557.97044744]
1.490 1.99e-06 [464.9957191]
0.220 3.98e-06 [13643.38779422]
0.250 3.98e-06 [14118.95047279]
0.270 3.98e-06 [14518.75979479]
0.290 3.98e-06 [15027.01596321]
0.310 3.98e-06 [15591.57937367]
0.330 3.98e-06 [16275.49801831]
0.350 3.98e-06 [17078.84038285]
0.370 3.98e-06 [18024.08538641]
0.390 3.98e-06 [19142.41872127]
0.410 3.98e-06 [20490.31330553]
0.430 3.98e-06 [22096.75015093]
0.450 3.98e-06 [24034.04061767]
0.470 3.98e-06 [26428.36337721]
0.490 3.98e-06 [29237.40836451]
0.510 3.98e-06 [32791.68325327]
0.530 3.98e-06 [37273.15140847]
0.550 3.98e-06 [42980.43500172]
0.570 3.98e-06 [50291.55782458]
0.590 3.98e-06 [59553.06032236]
0.610 3.98e-06 [72855.02116334]
0.630 3.98e-06 [92199.4290251]
0.650 3.98e-06 [119088.58908014]
0.670 3.98e-06 [159416.51110723]
0.690 3.98e-06 [241767.35184217]
0.710 3.98e-06 [402748.09738512]
0.730 3.98e-06 [839451.73681894]
0.750 3.98e-06 [9520719.04709647]
0.770 3.98e-06 [25154475.42271173]
0.790 3.98e-06 [15767159.041526]
0.810 3.98e-06 [759415.00760227]
0.830 3.98e-06 [503164.92409547]
0.850 3.98e-06 [268291.4754656]
0.870 3.98e-06 [202892.77526328]
0.890 3.98e-06 [142568.2124509]
0.910 3.98e-06 [116208.31069868]
0.930 3.98e-06 [90612.3395394]
0.950 3.98e-06 [78074.56654158]
0.970 3.98e-06 [65536.79354377]
0.990 3.98e-06 [58360.30212924]
1.010 3.98e-06 [51890.42445051]
1.030 3.98e-06 [47282.12636613]
1.050 3.98e-06 [43862.61348456]
1.070 3.98e-06 [40821.96384613]
1.090 3.98e-06 [39044.56406661]
1.110 3.98e-06 [37267.1642871]
1.130 3.98e-06 [35989.21978056]
1.150 3.98e-06 [34886.86333099]
1.170 3.98e-06 [33717.65180564]
1.190 3.98e-06 [32111.05702457]
1.210 3.98e-06 [30504.46224349]
1.230 3.98e-06 [28332.67037362]
1.250 3.98e-06 [25324.8911533]
1.270 3.98e-06 [22317.11193299]
1.290 3.98e-06 [19196.69879082]
1.310 3.98e-06 [15982.83401273]
1.330 3.98e-06 [12768.96923464]
1.350 3.98e-06 [10252.01207073]
1.370 3.98e-06 [8291.29638871]
1.390 3.98e-06 [6330.5807067]
1.410 3.98e-06 [4824.35157935]
1.430 3.98e-06 [3930.80380551]
1.450 3.98e-06 [3037.25603166]
1.470 3.98e-06 [2221.82450571]
1.490 3.98e-06 [1851.60143963]
0.220 7.94e-06 [54313.40039067]
0.250 7.94e-06 [56206.58312224]
0.270 7.94e-06 [57798.19688512]
0.290 7.94e-06 [59821.53017981]
0.310 7.94e-06 [62069.01878164]
0.330 7.94e-06 [64791.65246629]
0.350 7.94e-06 [67989.70387069]
0.370 7.94e-06 [71752.66004549]
0.390 7.94e-06 [76204.66911411]
0.410 7.94e-06 [81570.54592884]
0.430 7.94e-06 [87965.66192952]
0.450 7.94e-06 [95677.88373104]
0.470 7.94e-06 [105209.5200566]
0.490 7.94e-06 [116392.13741031]
0.510 7.94e-06 [130541.46439882]
0.530 7.94e-06 [148381.88482243]
0.550 7.94e-06 [171102.1932692]
0.570 7.94e-06 [200207.27678453]
0.590 7.94e-06 [237076.68935042]
0.610 7.94e-06 [290030.89222393]
0.630 7.94e-06 [367039.66639075]
0.650 7.94e-06 [474083.58673265]
0.670 7.94e-06 [634626.3059617]
0.690 7.94e-06 [962459.41111168]
0.710 7.94e-06 [1603312.82814675]
0.730 7.94e-06 [3341800.3635282]
0.750 7.94e-06 [37901336.04726735]
0.770 7.94e-06 [1.00138259e+08]
0.790 7.94e-06 [62767989.51711902]
0.810 7.94e-06 [3023179.57919886]
0.830 7.94e-06 [2003065.39674186]
0.850 7.94e-06 [1068050.14620613]
0.870 7.94e-06 [807702.36142633]
0.890 7.94e-06 [567554.37304996]
0.910 7.94e-06 [462617.39407374]
0.930 7.94e-06 [360721.5709153]
0.950 7.94e-06 [310809.54795529]
0.970 7.94e-06 [260897.52499528]
0.990 7.94e-06 [232328.39997467]
1.010 7.94e-06 [206572.25625558]
1.030 7.94e-06 [188226.93449594]
1.050 7.94e-06 [174614.08590736]
1.070 7.94e-06 [162509.46616404]
1.090 7.94e-06 [155433.75833142]
1.110 7.94e-06 [148358.0504988]
1.130 7.94e-06 [143270.6401937]
1.150 7.94e-06 [138882.23402057]
1.170 7.94e-06 [134227.68233036]
1.190 7.94e-06 [127831.93759847]
1.210 7.94e-06 [121436.19286658]
1.230 7.94e-06 [112790.43690239]
1.250 7.94e-06 [100816.6720616]
1.270 7.94e-06 [88842.90722081]
1.290 7.94e-06 [76420.75438523]
1.310 7.94e-06 [63626.57693264]
1.330 7.94e-06 [50832.39948004]
1.350 7.94e-06 [40812.56391783]
1.370 7.94e-06 [33007.08792494]
1.390 7.94e-06 [25201.61193204]
1.410 7.94e-06 [19205.41605258]
1.430 7.94e-06 [15648.26303889]
1.450 7.94e-06 [12091.1100252]
1.470 7.94e-06 [8844.93249013]
1.490 7.94e-06 [7371.09960309]
0.220 1.58e-05 [216242.77162694]
0.250 1.58e-05 [223780.26841642]
0.270 1.58e-05 [230117.10184926]
0.290 1.58e-05 [238172.77865132]
0.310 1.58e-05 [247120.90491417]
0.330 1.58e-05 [257960.76855477]
0.350 1.58e-05 [270693.45504686]
0.370 1.58e-05 [285675.24714416]
0.390 1.58e-05 [303400.42681218]
0.410 1.58e-05 [324764.06941751]
0.430 1.58e-05 [350225.5135347]
0.450 1.58e-05 [380930.86812061]
0.470 1.58e-05 [418880.01957044]
0.490 1.58e-05 [463402.36862641]
0.510 1.58e-05 [519736.34261152]
0.530 1.58e-05 [590765.99517684]
0.550 1.58e-05 [681224.37994765]
0.570 1.58e-05 [797103.03756288]
0.590 1.58e-05 [943894.50898902]
0.610 1.58e-05 [1154725.78665343]
0.630 1.58e-05 [1461327.66842935]
0.650 1.58e-05 [1887511.14900778]
0.670 1.58e-05 [2526694.15579633]
0.690 1.58e-05 [3831925.25491341]
0.710 1.58e-05 [6383411.96186746]
0.730 1.58e-05 [13305007.00813103]
0.750 1.58e-05 [1.5089996e+08]
0.770 1.58e-05 [3.98689355e+08]
0.790 1.58e-05 [2.49903779e+08]
0.810 1.58e-05 [12036453.74124397]
0.830 1.58e-05 [7974982.41733922]
0.850 1.58e-05 [4252323.03981943]
0.870 1.58e-05 [3215777.24885856]
0.890 1.58e-05 [2259654.70389519]
0.910 1.58e-05 [1841859.77636795]
0.930 1.58e-05 [1436172.87297944]
0.950 1.58e-05 [1237453.69677713]
0.970 1.58e-05 [1038734.52057481]
0.990 1.58e-05 [924989.72218298]
1.010 1.58e-05 [822444.49643432]
1.030 1.58e-05 [749404.63527372]
1.050 1.58e-05 [695206.59045683]
1.070 1.58e-05 [647013.3912839]
1.090 1.58e-05 [618842.24637413]
1.110 1.58e-05 [590671.10146437]
1.130 1.58e-05 [570416.14234072]
1.150 1.58e-05 [552944.19053737]
1.170 1.58e-05 [534412.60991579]
1.190 1.58e-05 [508948.66257509]
1.210 1.58e-05 [483484.71523439]
1.230 1.58e-05 [449062.59805778]
1.250 1.58e-05 [401390.38314659]
1.270 1.58e-05 [353718.16823541]
1.290 1.58e-05 [304260.7463208]
1.310 1.58e-05 [253322.14971045]
1.330 1.58e-05 [202383.55310009]
1.350 1.58e-05 [162490.69060885]
1.370 1.58e-05 [131414.05481674]
1.390 1.58e-05 [100337.41902464]
1.410 1.58e-05 [76464.23106613]
1.430 1.58e-05 [62301.82139836]
1.450 1.58e-05 [48139.41173059]
1.470 1.58e-05 [35215.11639413]
1.490 1.58e-05 [29347.21443777]
0.220 3.16e-05 [860882.74753763]
0.250 3.16e-05 [890890.22892935]
0.270 3.16e-05 [916117.75693089]
0.290 3.16e-05 [948188.16153426]
0.310 3.16e-05 [983811.49111204]
0.330 3.16e-05 [1026966.00454916]
0.350 3.16e-05 [1077656.02321834]
0.370 3.16e-05 [1137299.94216517]
0.390 3.16e-05 [1207865.54423549]
0.410 3.16e-05 [1292916.20838075]
0.430 3.16e-05 [1394280.60453129]
0.450 3.16e-05 [1516521.499897]
0.470 3.16e-05 [1667600.6297151]
0.490 3.16e-05 [1844848.2754688]
0.510 3.16e-05 [2069119.1074561]
0.530 3.16e-05 [2351894.81365437]
0.550 3.16e-05 [2712018.12428996]
0.570 3.16e-05 [3173341.9243792]
0.590 3.16e-05 [3757732.53445908]
0.610 3.16e-05 [4597071.61718103]
0.630 3.16e-05 [5817682.45377734]
0.650 3.16e-05 [7514358.84649617]
0.670 3.16e-05 [10059006.32268001]
0.690 3.16e-05 [15255253.69929982]
0.710 3.16e-05 [25412961.49254714]
0.730 3.16e-05 [52968480.30105631]
0.750 3.16e-05 [6.00746889e+08]
0.770 3.16e-05 [1.5872197e+09]
0.790 3.16e-05 [9.94890375e+08]
0.810 3.16e-05 [47918250.81324886]
0.830 3.16e-05 [31749152.69236229]
0.850 3.16e-05 [16928896.6951129]
0.870 3.16e-05 [12802310.72066731]
0.890 3.16e-05 [8995897.22856331]
0.910 3.16e-05 [7332616.45200428]
0.930 3.16e-05 [5717538.8547209]
0.950 3.16e-05 [4926419.18348119]
0.970 3.16e-05 [4135299.51224149]
0.990 3.16e-05 [3682470.80577907]
1.010 3.16e-05 [3274228.6480173]
1.030 3.16e-05 [2983450.11293552]
1.050 3.16e-05 [2767682.61521944]
1.070 3.16e-05 [2575820.9709921]
1.090 3.16e-05 [2463669.00194021]
1.110 3.16e-05 [2351517.03288832]
1.130 3.16e-05 [2270880.14162745]
1.150 3.16e-05 [2201322.66342762]
1.170 3.16e-05 [2127546.70355766]
1.190 3.16e-05 [2026172.34183965]
1.210 3.16e-05 [1924797.98012163]
1.230 3.16e-05 [1787760.30441985]
1.250 3.16e-05 [1597972.74738304]
1.270 3.16e-05 [1408185.19034623]
1.290 3.16e-05 [1211290.55685794]
1.310 3.16e-05 [1008499.2280394]
1.330 3.16e-05 [805707.89922087]
1.350 3.16e-05 [646890.6735156]
1.370 3.16e-05 [523171.67285885]
1.390 3.16e-05 [399452.6722021]
1.410 3.16e-05 [304411.27272512]
1.430 3.16e-05 [248029.39205085]
1.450 3.16e-05 [191647.51137658]
1.470 3.16e-05 [140194.67993381]
1.490 3.16e-05 [116834.01210446]
0.220 6.31e-05 [3427216.37344633]
0.250 6.31e-05 [3546677.62626587]
0.270 6.31e-05 [3647109.65057552]
0.290 6.31e-05 [3774783.50171738]
0.310 6.31e-05 [3916601.72116117]
0.330 6.31e-05 [4088401.95233414]
0.350 6.31e-05 [4290201.3988328]
0.370 6.31e-05 [4527646.76078918]
0.390 6.31e-05 [4808571.87807053]
0.410 6.31e-05 [5147162.73677325]
0.430 6.31e-05 [5550699.36143587]
0.450 6.31e-05 [6037346.35174947]
0.470 6.31e-05 [6638799.7655618]
0.490 6.31e-05 [7344431.32272728]
0.510 6.31e-05 [8237264.48690881]
0.530 6.31e-05 [9363008.4201768]
0.550 6.31e-05 [10796676.95424859]
0.570 6.31e-05 [12633229.59239661]
0.590 6.31e-05 [14959717.22742323]
0.610 6.31e-05 [18301167.21629337]
0.630 6.31e-05 [23160478.72736072]
0.650 6.31e-05 [29915030.52921529]
0.670 6.31e-05 [40045396.73758785]
0.690 6.31e-05 [60731911.99250126]
0.710 6.31e-05 [1.01170244e+08]
0.730 6.31e-05 [2.10870114e+08]
0.750 6.31e-05 [2.39160278e+09]
0.770 6.31e-05 [6.31879936e+09]
0.790 6.31e-05 [3.9607073e+09]
0.810 6.31e-05 [1.90764903e+08]
0.830 6.31e-05 [1.26394932e+08]
0.850 6.31e-05 [67394766.71338023]
0.870 6.31e-05 [50966625.87944429]
0.890 6.31e-05 [35813107.37583923]
0.910 6.31e-05 [29191505.15722528]
0.930 6.31e-05 [22761802.15570937]
0.950 6.31e-05 [19612316.0051466]
0.970 6.31e-05 [16462829.85458381]
0.990 6.31e-05 [14660096.60014991]
1.010 6.31e-05 [13034864.57939666]
1.030 6.31e-05 [11877260.99246282]
1.050 6.31e-05 [11018280.01840424]
1.070 6.31e-05 [10254469.41770042]
1.090 6.31e-05 [9807986.93707426]
1.110 6.31e-05 [9361504.45644809]
1.130 6.31e-05 [9040485.04373068]
1.150 6.31e-05 [8763573.3169433]
1.170 6.31e-05 [8469867.60805758]
1.190 6.31e-05 [8066291.30998283]
1.210 6.31e-05 [7662715.01190808]
1.230 6.31e-05 [7117161.31451141]
1.250 6.31e-05 [6361607.75647648]
1.270 6.31e-05 [5606054.19844155]
1.290 6.31e-05 [4822207.02103569]
1.310 6.31e-05 [4014884.81077215]
1.330 6.31e-05 [3207562.60050861]
1.350 6.31e-05 [2575303.44805229]
1.370 6.31e-05 [2082772.04819555]
1.390 6.31e-05 [1590240.64833882]
1.410 6.31e-05 [1211876.1830566]
1.430 6.31e-05 [987417.15519797]
1.450 6.31e-05 [762958.12733934]
1.470 6.31e-05 [558121.88583583]
1.490 6.31e-05 [465121.92328761]
0.220 1.26e-04 [13643978.73797379]
0.250 1.26e-04 [14119562.01485997]
0.270 1.26e-04 [14519388.65402678]
0.290 1.26e-04 [15027666.83683176]
0.310 1.26e-04 [15592254.70053953]
0.330 1.26e-04 [16276202.96813779]
0.350 1.26e-04 [17079580.12830055]
0.370 1.26e-04 [18024866.07378799]
0.390 1.26e-04 [19143247.84765167]
0.410 1.26e-04 [20491200.81403141]
0.430 1.26e-04 [22097707.23993119]
0.450 1.26e-04 [24035081.61762797]
0.470 1.26e-04 [26429508.08381725]
0.490 1.26e-04 [29238674.74087541]
0.510 1.26e-04 [32793103.57794382]
0.530 1.26e-04 [37274765.84149858]
0.550 1.26e-04 [42982296.63755031]
0.570 1.26e-04 [50293736.13118917]
0.590 1.26e-04 [59555639.77765856]
0.610 1.26e-04 [72858176.77397373]
0.630 1.26e-04 [92203422.51097521]
0.650 1.26e-04 [1.19093747e+08]
0.670 1.26e-04 [1.59423416e+08]
0.690 1.26e-04 [2.41777824e+08]
0.710 1.26e-04 [4.02765542e+08]
0.730 1.26e-04 [8.39488096e+08]
0.750 1.26e-04 [9.52113142e+09]
0.770 1.26e-04 [2.5155565e+10]
0.790 1.26e-04 [1.5767842e+10]
0.810 1.26e-04 [7.59447901e+08]
0.830 1.26e-04 [5.03186718e+08]
0.850 1.26e-04 [2.68303096e+08]
0.870 1.26e-04 [2.02901563e+08]
0.890 1.26e-04 [1.42574388e+08]
0.910 1.26e-04 [1.16213344e+08]
0.930 1.26e-04 [90616264.28277458]
0.950 1.26e-04 [78077948.22932675]
0.970 1.26e-04 [65539632.17587884]
0.990 1.26e-04 [58362829.92192578]
1.010 1.26e-04 [51892672.00973848]
1.030 1.26e-04 [47284174.32354043]
1.050 1.26e-04 [43864513.33067641]
1.070 1.26e-04 [40823731.99087372]
1.090 1.26e-04 [39046255.2258408]
1.110 1.26e-04 [37268778.46080787]
1.130 1.26e-04 [35990778.60193445]
1.150 1.26e-04 [34888374.4053814]
1.170 1.26e-04 [33719112.23731211]
1.190 1.26e-04 [32112447.86889206]
1.210 1.26e-04 [30505783.500472]
1.230 1.26e-04 [28333897.56255028]
1.250 1.26e-04 [25325988.06459734]
1.270 1.26e-04 [22318078.5666444]
1.290 1.26e-04 [19197530.26826198]
1.310 1.26e-04 [15983526.28623348]
1.330 1.26e-04 [12769522.30420498]
1.350 1.26e-04 [10252456.12191175]
1.370 1.26e-04 [8291655.51431188]
1.390 1.26e-04 [6330854.90671203]
1.410 1.26e-04 [4824560.53921511]
1.430 1.26e-04 [3930974.06262805]
1.450 1.26e-04 [3037387.58604098]
1.470 1.26e-04 [2221920.74085024]
1.490 1.26e-04 [1851681.6390907]
0.220 2.51e-04 [54317416.11175948]
0.250 2.51e-04 [56210738.81787921]
0.270 2.51e-04 [57802470.25848502]
0.290 2.51e-04 [59825953.15054698]
0.310 2.51e-04 [62073607.92292742]
0.330 2.51e-04 [64796442.90849181]
0.350 2.51e-04 [67994730.76434968]
0.370 2.51e-04 [71757965.15746221]
0.390 2.51e-04 [76210303.39027469]
0.410 2.51e-04 [81576576.93701886]
0.430 2.51e-04 [87972165.76763976]
0.450 2.51e-04 [95684957.78077397]
0.470 2.51e-04 [1.05217299e+08]
0.490 2.51e-04 [1.16400743e+08]
0.510 2.51e-04 [1.30551116e+08]
0.530 2.51e-04 [1.48392856e+08]
0.550 2.51e-04 [1.71114844e+08]
0.570 2.51e-04 [2.00222079e+08]
0.590 2.51e-04 [2.37094218e+08]
0.610 2.51e-04 [2.90052336e+08]
0.630 2.51e-04 [3.67066804e+08]
0.650 2.51e-04 [4.74118639e+08]
0.670 2.51e-04 [6.34673228e+08]
0.690 2.51e-04 [9.62530572e+08]
0.710 2.51e-04 [1.60343137e+09]
0.730 2.51e-04 [3.34204744e+09]
0.750 2.51e-04 [3.79041383e+10]
0.770 2.51e-04 [1.00145662e+11]
0.790 2.51e-04 [6.27726303e+10]
0.810 2.51e-04 [3.0234031e+09]
0.830 2.51e-04 [2.0032135e+09]
0.850 2.51e-04 [1.06812911e+09]
0.870 2.51e-04 [8.0776208e+08]
0.890 2.51e-04 [5.67596336e+08]
0.910 2.51e-04 [4.62651598e+08]
0.930 2.51e-04 [3.60748241e+08]
0.950 2.51e-04 [3.10832528e+08]
0.970 2.51e-04 [2.60916815e+08]
0.990 2.51e-04 [2.32345577e+08]
1.010 2.51e-04 [2.06587529e+08]
1.030 2.51e-04 [1.88240851e+08]
1.050 2.51e-04 [1.74626996e+08]
1.070 2.51e-04 [1.62521481e+08]
1.090 2.51e-04 [1.5544525e+08]
1.110 2.51e-04 [1.4836902e+08]
1.130 2.51e-04 [1.43281233e+08]
1.150 2.51e-04 [1.38892502e+08]
1.170 2.51e-04 [1.34237607e+08]
1.190 2.51e-04 [1.27841389e+08]
1.210 2.51e-04 [1.21445171e+08]
1.230 2.51e-04 [1.12798776e+08]
1.250 2.51e-04 [1.00824126e+08]
1.270 2.51e-04 [88849475.91903034]
1.290 2.51e-04 [76426404.63789956]
1.310 2.51e-04 [63631281.23369677]
1.330 2.51e-04 [50836157.82949397]
1.350 2.51e-04 [40815581.43970967]
1.370 2.51e-04 [33009528.34034741]
1.390 2.51e-04 [25203475.24098524]
1.410 2.51e-04 [19206836.02617802]
1.430 2.51e-04 [15649420.01045732]
1.450 2.51e-04 [12092003.99473662]
1.470 2.51e-04 [8845586.44995619]
1.490 2.51e-04 [7371644.59345463]
0.220 5.01e-04 [2.16240712e+08]
0.250 5.01e-04 [2.23778137e+08]
0.270 5.01e-04 [2.3011491e+08]
0.290 5.01e-04 [2.38170511e+08]
0.310 5.01e-04 [2.47118552e+08]
0.330 5.01e-04 [2.57958312e+08]
0.350 5.01e-04 [2.70690877e+08]
0.370 5.01e-04 [2.85672527e+08]
0.390 5.01e-04 [3.03397538e+08]
0.410 5.01e-04 [3.24760977e+08]
0.430 5.01e-04 [3.50222178e+08]
0.450 5.01e-04 [3.80927241e+08]
0.470 5.01e-04 [4.18876031e+08]
0.490 5.01e-04 [4.63397956e+08]
0.510 5.01e-04 [5.19731393e+08]
0.530 5.01e-04 [5.90760369e+08]
0.550 5.01e-04 [6.81217893e+08]
0.570 5.01e-04 [7.97095447e+08]
0.590 5.01e-04 [9.43885521e+08]
0.610 5.01e-04 [1.15471479e+09]
0.630 5.01e-04 [1.46131375e+09]
0.650 5.01e-04 [1.88749317e+09]
0.670 5.01e-04 [2.52667009e+09]
0.690 5.01e-04 [3.83188876e+09]
0.710 5.01e-04 [6.38335117e+09]
0.730 5.01e-04 [1.33048803e+10]
0.750 5.01e-04 [1.50898523e+11]
0.770 5.01e-04 [3.98685559e+11]
0.790 5.01e-04 [2.49901399e+11]
0.810 5.01e-04 [1.20363391e+10]
0.830 5.01e-04 [7.97490647e+09]
0.850 5.01e-04 [4.25228255e+09]
0.870 5.01e-04 [3.21574663e+09]
0.890 5.01e-04 [2.25963319e+09]
0.910 5.01e-04 [1.84184224e+09]
0.930 5.01e-04 [1.4361592e+09]
0.950 5.01e-04 [1.23744191e+09]
0.970 5.01e-04 [1.03872463e+09]
0.990 5.01e-04 [9.24980914e+08]
1.010 5.01e-04 [8.22436664e+08]
1.030 5.01e-04 [7.49397499e+08]
1.050 5.01e-04 [6.9519997e+08]
1.070 5.01e-04 [6.4700723e+08]
1.090 5.01e-04 [6.18836353e+08]
1.110 5.01e-04 [5.90665477e+08]
1.130 5.01e-04 [5.7041071e+08]
1.150 5.01e-04 [5.52938925e+08]
1.170 5.01e-04 [5.34407521e+08]
1.190 5.01e-04 [5.08943816e+08]
1.210 5.01e-04 [4.83480111e+08]
1.230 5.01e-04 [4.49058322e+08]
1.250 5.01e-04 [4.01386561e+08]
1.270 5.01e-04 [3.537148e+08]
1.290 5.01e-04 [3.04257849e+08]
1.310 5.01e-04 [2.53319737e+08]
1.330 5.01e-04 [2.02381626e+08]
1.350 5.01e-04 [1.62489143e+08]
1.370 5.01e-04 [1.31412803e+08]
1.390 5.01e-04 [1.00336464e+08]
1.410 5.01e-04 [76463502.9152196]
1.430 5.01e-04 [62301228.11274989]
1.450 5.01e-04 [48138953.31028017]
1.470 5.01e-04 [35214781.04885153]
1.490 5.01e-04 [29346934.97113926]
0.220 1.00e-03 [8.60870584e+08]
0.250 1.00e-03 [8.90877642e+08]
0.270 1.00e-03 [9.16104813e+08]
0.290 1.00e-03 [9.48174765e+08]
0.310 1.00e-03 [9.83797591e+08]
0.330 1.00e-03 [1.02695149e+09]
0.350 1.00e-03 [1.0776408e+09]
0.370 1.00e-03 [1.13728387e+09]
0.390 1.00e-03 [1.20784848e+09]
0.410 1.00e-03 [1.29289794e+09]
0.430 1.00e-03 [1.39426091e+09]
0.450 1.00e-03 [1.51650007e+09]
0.470 1.00e-03 [1.66757707e+09]
0.490 1.00e-03 [1.84482221e+09]
0.510 1.00e-03 [2.06908987e+09]
0.530 1.00e-03 [2.35186158e+09]
0.550 1.00e-03 [2.71197981e+09]
0.570 1.00e-03 [3.17329709e+09]
0.590 1.00e-03 [3.75767944e+09]
0.610 1.00e-03 [4.59700667e+09]
0.630 1.00e-03 [5.81760026e+09]
0.650 1.00e-03 [7.51425268e+09]
0.670 1.00e-03 [1.00588642e+10]
0.690 1.00e-03 [1.52550382e+10]
0.710 1.00e-03 [2.54126024e+10]
0.730 1.00e-03 [5.29677319e+10]
0.750 1.00e-03 [6.00738401e+11]
0.770 1.00e-03 [1.58719728e+12]
0.790 1.00e-03 [9.94876318e+11]
0.810 1.00e-03 [4.79175738e+10]
0.830 1.00e-03 [3.17487041e+10]
0.850 1.00e-03 [1.69286575e+10]
0.870 1.00e-03 [1.28021298e+10]
0.890 1.00e-03 [8.99577013e+09]
0.910 1.00e-03 [7.33251285e+09]
0.930 1.00e-03 [5.71745807e+09]
0.950 1.00e-03 [4.92634958e+09]
0.970 1.00e-03 [4.13524109e+09]
0.990 1.00e-03 [3.68241878e+09]
1.010 1.00e-03 [3.27418239e+09]
1.030 1.00e-03 [2.98340796e+09]
1.050 1.00e-03 [2.76764351e+09]
1.070 1.00e-03 [2.57578458e+09]
1.090 1.00e-03 [2.46363419e+09]
1.110 1.00e-03 [2.35148381e+09]
1.130 1.00e-03 [2.27084806e+09]
1.150 1.00e-03 [2.20129156e+09]
1.170 1.00e-03 [2.12751664e+09]
1.190 1.00e-03 [2.02614371e+09]
1.210 1.00e-03 [1.92477079e+09]
1.230 1.00e-03 [1.78773505e+09]
1.250 1.00e-03 [1.59795017e+09]
1.270 1.00e-03 [1.40816529e+09]
1.290 1.00e-03 [1.21127344e+09]
1.310 1.00e-03 [1.00848498e+09]
1.330 1.00e-03 [8.05696516e+08]
1.350 1.00e-03 [6.46881534e+08]
1.370 1.00e-03 [5.23164281e+08]
1.390 1.00e-03 [3.99447028e+08]
1.410 1.00e-03 [3.04406972e+08]
1.430 1.00e-03 [2.48025888e+08]
1.450 1.00e-03 [1.91644804e+08]
1.470 1.00e-03 [1.40192699e+08]
1.490 1.00e-03 [1.16832361e+08]
