0.220 1.00e-09 [0.01400699]
0.250 1.00e-09 [0.01178521]
0.270 1.00e-09 [0.01030555]
0.290 1.00e-09 [0.00885945]
0.310 1.00e-09 [0.00746237]
0.330 1.00e-09 [0.00615154]
0.350 1.00e-09 [0.00493444]
0.370 1.00e-09 [0.00382902]
0.390 1.00e-09 [0.00285321]
0.410 1.00e-09 [0.00203117]
0.430 1.00e-09 [0.00135611]
0.450 1.00e-09 [0.00082922]
0.470 1.00e-09 [0.00044508]
0.490 1.00e-09 [0.00019151]
0.510 1.00e-09 [6.35675053e-05]
0.530 1.00e-09 [1.40372688e-05]
0.220 2.00e-09 [0.05602796]
0.250 2.00e-09 [0.04714082]
0.270 2.00e-09 [0.04122221]
0.290 2.00e-09 [0.0354378]
0.310 2.00e-09 [0.02984948]
0.330 2.00e-09 [0.02460616]
0.350 2.00e-09 [0.01973774]
0.370 2.00e-09 [0.0153161]
0.390 2.00e-09 [0.01141284]
0.410 2.00e-09 [0.00812469]
0.430 2.00e-09 [0.00542445]
0.450 2.00e-09 [0.00331687]
0.470 2.00e-09 [0.00178031]
0.490 2.00e-09 [0.00076603]
0.510 2.00e-09 [0.00025427]
0.530 2.00e-09 [5.61490751e-05]
0.220 4.00e-09 [0.22411183]
0.250 4.00e-09 [0.1885633]
0.270 4.00e-09 [0.16488885]
0.290 4.00e-09 [0.14175118]
0.310 4.00e-09 [0.11939794]
0.330 4.00e-09 [0.09842465]
0.350 4.00e-09 [0.07895098]
0.370 4.00e-09 [0.06126439]
0.390 4.00e-09 [0.04565136]
0.410 4.00e-09 [0.03249878]
0.430 4.00e-09 [0.02169779]
0.450 4.00e-09 [0.0132675]
0.470 4.00e-09 [0.00712124]
0.490 4.00e-09 [0.00306413]
0.510 4.00e-09 [0.00101708]
0.530 4.00e-09 [0.0002246]
0.220 8.00e-09 [0.89644732]
0.250 8.00e-09 [0.75425319]
0.270 8.00e-09 [0.6595554]
0.290 8.00e-09 [0.56700473]
0.310 8.00e-09 [0.47759175]
0.330 8.00e-09 [0.39369862]
0.350 8.00e-09 [0.31580391]
0.370 8.00e-09 [0.24505755]
0.390 8.00e-09 [0.18260544]
0.410 8.00e-09 [0.12999511]
0.430 8.00e-09 [0.08679116]
0.450 8.00e-09 [0.05307]
0.470 8.00e-09 [0.02848498]
0.490 8.00e-09 [0.01225652]
0.510 8.00e-09 [0.00406832]
0.530 8.00e-09 [0.00089839]
0.220 1.60e-08 [3.58578927]
0.250 1.60e-08 [3.01701278]
0.270 1.60e-08 [2.63822161]
0.290 1.60e-08 [2.26801893]
0.310 1.60e-08 [1.910367]
0.330 1.60e-08 [1.57479448]
0.350 1.60e-08 [1.26321566]
0.370 1.60e-08 [0.9802302]
0.390 1.60e-08 [0.73042176]
0.410 1.60e-08 [0.51998043]
0.430 1.60e-08 [0.34716463]
0.450 1.60e-08 [0.21227998]
0.470 1.60e-08 [0.11393991]
0.490 1.60e-08 [0.0490261]
0.510 1.60e-08 [0.01627328]
0.530 1.60e-08 [0.00359354]
0.220 3.20e-08 [14.34315709]
0.250 3.20e-08 [12.0680511]
0.270 3.20e-08 [10.55288645]
0.290 3.20e-08 [9.0720757]
0.310 3.20e-08 [7.64146802]
0.330 3.20e-08 [6.29917792]
0.350 3.20e-08 [5.05286264]
0.370 3.20e-08 [3.9209208]
0.390 3.20e-08 [2.92168703]
0.410 3.20e-08 [2.07992173]
0.430 3.20e-08 [1.38865853]
0.450 3.20e-08 [0.84911992]
0.470 3.20e-08 [0.45575962]
0.490 3.20e-08 [0.19610439]
0.510 3.20e-08 [0.06509313]
0.530 3.20e-08 [0.01437416]
0.220 6.30e-08 [55.59374072]
0.250 6.30e-08 [46.77548323]
0.270 6.30e-08 [40.90274053]
0.290 6.30e-08 [35.1631528]
0.310 6.30e-08 [29.61815093]
0.330 6.30e-08 [24.41546596]
0.350 6.30e-08 [19.58477716]
0.370 6.30e-08 [15.19739713]
0.390 6.30e-08 [11.32439044]
0.410 6.30e-08 [8.06172789]
0.430 6.30e-08 [5.38240792]
0.450 6.30e-08 [3.29116891]
0.470 6.30e-08 [1.76651361]
0.490 6.30e-08 [0.760096]
0.510 6.30e-08 [0.25229943]
0.530 6.30e-08 [0.05571392]
0.220 1.26e-07 [222.37496289]
0.250 1.26e-07 [187.10193291]
0.270 1.26e-07 [163.61096214]
0.290 1.26e-07 [140.65261118]
0.310 1.26e-07 [118.47260374]
0.330 1.26e-07 [97.66186386]
0.350 1.26e-07 [78.33910865]
0.370 1.26e-07 [60.7895885]
0.390 1.26e-07 [45.29756176]
0.410 1.26e-07 [32.24691155]
0.430 1.26e-07 [21.52963168]
0.450 1.26e-07 [13.16467566]
0.470 1.26e-07 [7.06605445]
0.490 1.26e-07 [3.04038401]
0.510 1.26e-07 [1.00919771]
0.530 1.26e-07 [0.22285568]
0.220 2.51e-07 [882.45433591]
0.250 2.51e-07 [742.47977296]
0.270 2.51e-07 [649.26015531]
0.290 2.51e-07 [558.15414192]
0.310 2.51e-07 [470.13684228]
0.330 2.51e-07 [387.55323035]
0.350 2.51e-07 [310.8744132]
0.370 2.51e-07 [241.23235483]
0.390 2.51e-07 [179.75508242]
0.410 2.51e-07 [127.96596591]
0.430 2.51e-07 [85.43640247]
0.450 2.51e-07 [52.24160564]
0.470 2.51e-07 [28.04034367]
0.490 2.51e-07 [12.06520741]
0.510 2.51e-07 [4.0048164]
0.530 2.51e-07 [0.88436197]
0.220 5.01e-07 [3515.76833334]
0.250 5.01e-07 [2958.09853008]
0.270 5.01e-07 [2586.70415142]
0.290 5.01e-07 [2223.73054039]
0.310 5.01e-07 [1873.0626109]
0.330 5.01e-07 [1544.04292583]
0.350 5.01e-07 [1238.54841333]
0.370 5.01e-07 [961.08890804]
0.390 5.01e-07 [716.15856004]
0.410 5.01e-07 [509.82659655]
0.430 5.01e-07 [340.38542971]
0.450 5.01e-07 [208.13471622]
0.470 5.01e-07 [111.7149617]
0.490 5.01e-07 [48.06874692]
0.510 5.01e-07 [15.9555074]
0.530 5.01e-07 [3.5233685]
0.220 1.00e-06 [14006.98934802]
0.250 1.00e-06 [11785.20615488]
0.270 1.00e-06 [10305.55317077]
0.290 1.00e-06 [8859.44892807]
0.310 1.00e-06 [7462.37110968]
0.330 1.00e-06 [6151.5409334]
0.350 1.00e-06 [4934.4361709]
0.370 1.00e-06 [3829.02421918]
0.390 1.00e-06 [2853.20998739]
0.410 1.00e-06 [2031.17356724]
0.430 1.00e-06 [1356.11184699]
0.450 1.00e-06 [829.2186733]
0.470 1.00e-06 [445.07775545]
0.490 1.00e-06 [191.50818888]
0.510 1.00e-06 [63.5675053]
0.530 1.00e-06 [14.03726877]
0.220 1.99e-06 [55748.16777987]
0.250 1.99e-06 [46905.41512657]
0.270 1.99e-06 [41016.35925851]
0.290 1.99e-06 [35260.82821993]
0.310 1.99e-06 [29700.42357582]
0.330 1.99e-06 [24483.28670347]
0.350 1.99e-06 [19639.17932109]
0.370 1.99e-06 [15239.61211795]
0.390 1.99e-06 [11355.84708005]
0.410 1.99e-06 [8084.12157695]
0.430 1.99e-06 [5397.3590538]
0.450 1.99e-06 [3300.31105018]
0.470 1.99e-06 [1771.42059364]
0.490 1.99e-06 [762.20737943]
0.510 1.99e-06 [253.00026028]
0.530 1.99e-06 [55.86868063]
0.220 3.98e-06 [221987.82371063]
0.250 3.98e-06 [186776.20160192]
0.270 3.98e-06 [163326.12695511]
0.290 3.98e-06 [140407.74487308]
0.310 3.98e-06 [118266.35126224]
0.330 3.98e-06 [97491.84141887]
0.350 3.98e-06 [78202.7257679]
0.370 3.98e-06 [60683.75810334]
0.390 3.98e-06 [45218.70188893]
0.410 3.98e-06 [32190.77194727]
0.430 3.98e-06 [21492.15010743]
0.450 3.98e-06 [13141.75688233]
0.470 3.98e-06 [7053.75294148]
0.490 3.98e-06 [3035.09091178]
0.510 3.98e-06 [1007.44077185]
0.530 3.98e-06 [222.46770289]
0.220 7.94e-06 [883718.4526965]
0.250 7.94e-06 [743543.3760337]
0.270 7.94e-06 [650190.22117998]
0.290 7.94e-06 [558953.69832351]
0.310 7.94e-06 [470810.31381146]
0.330 7.94e-06 [388108.40076312]
0.350 7.94e-06 [311319.74113293]
0.370 7.94e-06 [241577.92043944]
0.390 7.94e-06 [180012.58176357]
0.410 7.94e-06 [128149.27729291]
0.430 7.94e-06 [85558.79021011]
0.450 7.94e-06 [52316.44179234]
0.470 7.94e-06 [28080.5114936]
0.490 7.94e-06 [12082.49082997]
0.510 7.94e-06 [4010.55330515]
0.530 7.94e-06 [885.62881914]
0.220 1.58e-05 [3518426.87392849]
0.250 1.58e-05 [2960335.37399377]
0.270 1.58e-05 [2588660.15571457]
0.290 1.58e-05 [2225412.07265996]
0.310 1.58e-05 [1874478.97640071]
0.330 1.58e-05 [1545210.49444618]
0.350 1.58e-05 [1239484.97425202]
0.370 1.58e-05 [961815.66066472]
0.390 1.58e-05 [716700.10215313]
0.410 1.58e-05 [510212.11532485]
0.430 1.58e-05 [340642.82109026]
0.450 1.58e-05 [208292.10274927]
0.470 1.58e-05 [111799.43789935]
0.490 1.58e-05 [48105.09536203]
0.510 1.58e-05 [15967.57257373]
0.530 1.58e-05 [3526.03278574]
0.220 3.16e-05 [14007187.252776]
0.250 3.16e-05 [11785372.66805512]
0.270 3.16e-05 [10305698.77793379]
0.290 3.16e-05 [8859574.10322178]
0.310 3.16e-05 [7462476.54552514]
0.330 3.16e-05 [6151627.84852641]
0.350 3.16e-05 [4934505.88954974]
0.370 3.16e-05 [3829078.31946517]
0.390 3.16e-05 [2853250.30039168]
0.410 3.16e-05 [2031202.26569056]
0.430 3.16e-05 [1356131.00749133]
0.450 3.16e-05 [829230.38932619]
0.470 3.16e-05 [445084.04395593]
0.490 3.16e-05 [191510.89469603]
0.510 3.16e-05 [63568.40344469]
0.530 3.16e-05 [14037.46710079]
0.220 6.31e-05 [55763298.35387281]
0.250 6.31e-05 [46918145.69481757]
0.270 6.31e-05 [41027491.48192987]
0.290 6.31e-05 [35270398.33841661]
0.310 6.31e-05 [29708484.5484896]
0.330 6.31e-05 [24489931.69641442]
0.350 6.31e-05 [19644509.57799336]
0.370 6.31e-05 [15243748.29117569]
0.390 6.31e-05 [11358929.16313274]
0.410 6.31e-05 [8086315.68313742]
0.430 6.31e-05 [5398823.9475195]
0.450 6.31e-05 [3301206.78546153]
0.470 6.31e-05 [1771901.37375681]
0.490 6.31e-05 [762414.24964424]
0.510 6.31e-05 [253068.92691557]
0.530 6.31e-05 [55883.84391157]
0.220 1.26e-04 [2.21997439e+08]
0.250 1.26e-04 [1.86784292e+08]
0.270 1.26e-04 [1.63333201e+08]
0.290 1.26e-04 [1.40413826e+08]
0.310 1.26e-04 [1.18271474e+08]
0.330 1.26e-04 [97496064.1379947]
0.350 1.26e-04 [78206113.00667311]
0.370 1.26e-04 [60686386.53318532]
0.390 1.26e-04 [45220660.47206946]
0.410 1.26e-04 [32192166.24432913]
0.430 1.26e-04 [21493081.00904863]
0.450 1.26e-04 [13142326.09865808]
0.470 1.26e-04 [7054058.46465825]
0.490 1.26e-04 [3035222.37238086]
0.510 1.26e-04 [1007484.40770483]
0.530 1.26e-04 [222477.33876196]
0.220 2.51e-04 [8.83783791e+08]
0.250 2.51e-04 [7.43598351e+08]
0.270 2.51e-04 [6.50238294e+08]
0.290 2.51e-04 [5.58995025e+08]
0.310 2.51e-04 [4.70845124e+08]
0.330 2.51e-04 [3.88137096e+08]
0.350 2.51e-04 [3.11342759e+08]
0.370 2.51e-04 [2.41595782e+08]
0.390 2.51e-04 [1.80025891e+08]
0.410 2.51e-04 [1.28158752e+08]
0.430 2.51e-04 [85565116.09352025]
0.450 2.51e-04 [52320309.86609843]
0.470 2.51e-04 [28082587.65715596]
0.490 2.51e-04 [12083384.16223715]
0.510 2.51e-04 [4010849.82983046]
0.530 2.51e-04 [885694.29907839]
0.220 5.01e-04 [3.51839337e+09]
0.250 5.01e-04 [2.96030718e+09]
0.270 5.01e-04 [2.5886355e+09]
0.290 5.01e-04 [2.22539088e+09]
0.310 5.01e-04 [1.87446113e+09]
0.330 5.01e-04 [1.54519578e+09]
0.350 5.01e-04 [1.23947317e+09]
0.370 5.01e-04 [9.61806502e+08]
0.390 5.01e-04 [7.16693277e+08]
0.410 5.01e-04 [5.10207257e+08]
0.430 5.01e-04 [3.40639577e+08]
0.450 5.01e-04 [2.08290119e+08]
0.470 5.01e-04 [1.11798373e+08]
0.490 5.01e-04 [48104637.26850452]
0.510 5.01e-04 [15967420.518286]
0.530 5.01e-04 [3525999.20816056]
0.220 1.00e-03 [1.40069893e+10]
0.250 1.00e-03 [1.17852062e+10]
0.270 1.00e-03 [1.03055532e+10]
0.290 1.00e-03 [8.85944893e+09]
0.310 1.00e-03 [7.46237111e+09]
0.330 1.00e-03 [6.15154093e+09]
0.350 1.00e-03 [4.93443617e+09]
0.370 1.00e-03 [3.82902422e+09]
0.390 1.00e-03 [2.85320999e+09]
0.410 1.00e-03 [2.03117357e+09]
0.430 1.00e-03 [1.35611185e+09]
0.450 1.00e-03 [8.29218673e+08]
0.470 1.00e-03 [4.45077755e+08]
0.490 1.00e-03 [1.91508189e+08]
0.510 1.00e-03 [63567505.29940496]
0.530 1.00e-03 [14037268.76822457]
0.220 1.00e-09 [0.01400699]
0.250 1.00e-09 [0.01178521]
0.270 1.00e-09 [0.01030555]
0.290 1.00e-09 [0.00885945]
0.310 1.00e-09 [0.00746237]
0.330 1.00e-09 [0.00615154]
0.350 1.00e-09 [0.00493444]
0.370 1.00e-09 [0.00382902]
0.390 1.00e-09 [0.00285321]
0.410 1.00e-09 [0.00203117]
0.430 1.00e-09 [0.00135611]
0.450 1.00e-09 [0.00082922]
0.470 1.00e-09 [0.00044508]
0.490 1.00e-09 [0.00019151]
0.510 1.00e-09 [6.35675053e-05]
0.530 1.00e-09 [1.40372688e-05]
0.220 2.00e-09 [0.05602796]
0.250 2.00e-09 [0.04714082]
0.270 2.00e-09 [0.04122221]
0.290 2.00e-09 [0.0354378]
0.310 2.00e-09 [0.02984948]
0.330 2.00e-09 [0.02460616]
0.350 2.00e-09 [0.01973774]
0.370 2.00e-09 [0.0153161]
0.390 2.00e-09 [0.01141284]
0.410 2.00e-09 [0.00812469]
0.430 2.00e-09 [0.00542445]
0.450 2.00e-09 [0.00331687]
0.470 2.00e-09 [0.00178031]
0.490 2.00e-09 [0.00076603]
0.510 2.00e-09 [0.00025427]
0.530 2.00e-09 [5.61490751e-05]
0.220 4.00e-09 [0.22411183]
0.250 4.00e-09 [0.1885633]
0.270 4.00e-09 [0.16488885]
0.290 4.00e-09 [0.14175118]
0.310 4.00e-09 [0.11939794]
0.330 4.00e-09 [0.09842465]
0.350 4.00e-09 [0.07895098]
0.370 4.00e-09 [0.06126439]
0.390 4.00e-09 [0.04565136]
0.410 4.00e-09 [0.03249878]
0.430 4.00e-09 [0.02169779]
0.450 4.00e-09 [0.0132675]
0.470 4.00e-09 [0.00712124]
0.490 4.00e-09 [0.00306413]
0.510 4.00e-09 [0.00101708]
0.530 4.00e-09 [0.0002246]
0.220 8.00e-09 [0.89644732]
0.250 8.00e-09 [0.75425319]
0.270 8.00e-09 [0.6595554]
0.290 8.00e-09 [0.56700473]
0.310 8.00e-09 [0.47759175]
0.330 8.00e-09 [0.39369862]
0.350 8.00e-09 [0.31580391]
0.370 8.00e-09 [0.24505755]
0.390 8.00e-09 [0.18260544]
0.410 8.00e-09 [0.12999511]
0.430 8.00e-09 [0.08679116]
0.450 8.00e-09 [0.05307]
0.470 8.00e-09 [0.02848498]
0.490 8.00e-09 [0.01225652]
0.510 8.00e-09 [0.00406832]
0.530 8.00e-09 [0.00089839]
0.220 1.60e-08 [3.58578927]
0.250 1.60e-08 [3.01701278]
0.270 1.60e-08 [2.63822161]
0.290 1.60e-08 [2.26801893]
0.310 1.60e-08 [1.910367]
0.330 1.60e-08 [1.57479448]
0.350 1.60e-08 [1.26321566]
0.370 1.60e-08 [0.9802302]
0.390 1.60e-08 [0.73042176]
0.410 1.60e-08 [0.51998043]
0.430 1.60e-08 [0.34716463]
0.450 1.60e-08 [0.21227998]
0.470 1.60e-08 [0.11393991]
0.490 1.60e-08 [0.0490261]
0.510 1.60e-08 [0.01627328]
0.530 1.60e-08 [0.00359354]
0.220 3.20e-08 [14.34315709]
0.250 3.20e-08 [12.0680511]
0.270 3.20e-08 [10.55288645]
0.290 3.20e-08 [9.0720757]
0.310 3.20e-08 [7.64146802]
0.330 3.20e-08 [6.29917792]
0.350 3.20e-08 [5.05286264]
0.370 3.20e-08 [3.9209208]
0.390 3.20e-08 [2.92168703]
0.410 3.20e-08 [2.07992173]
0.430 3.20e-08 [1.38865853]
0.450 3.20e-08 [0.84911992]
0.470 3.20e-08 [0.45575962]
0.490 3.20e-08 [0.19610439]
0.510 3.20e-08 [0.06509313]
0.530 3.20e-08 [0.01437416]
0.220 6.30e-08 [55.59374072]
0.250 6.30e-08 [46.77548323]
0.270 6.30e-08 [40.90274053]
0.290 6.30e-08 [35.1631528]
0.310 6.30e-08 [29.61815093]
0.330 6.30e-08 [24.41546596]
0.350 6.30e-08 [19.58477716]
0.370 6.30e-08 [15.19739713]
0.390 6.30e-08 [11.32439044]
0.410 6.30e-08 [8.06172789]
0.430 6.30e-08 [5.38240792]
0.450 6.30e-08 [3.29116891]
0.470 6.30e-08 [1.76651361]
0.490 6.30e-08 [0.760096]
0.510 6.30e-08 [0.25229943]
0.530 6.30e-08 [0.05571392]
0.220 1.26e-07 [222.37496289]
0.250 1.26e-07 [187.10193291]
0.270 1.26e-07 [163.61096214]
0.290 1.26e-07 [140.65261118]
0.310 1.26e-07 [118.47260374]
0.330 1.26e-07 [97.66186386]
0.350 1.26e-07 [78.33910865]
0.370 1.26e-07 [60.7895885]
0.390 1.26e-07 [45.29756176]
0.410 1.26e-07 [32.24691155]
0.430 1.26e-07 [21.52963168]
0.450 1.26e-07 [13.16467566]
0.470 1.26e-07 [7.06605445]
0.490 1.26e-07 [3.04038401]
0.510 1.26e-07 [1.00919771]
0.530 1.26e-07 [0.22285568]
0.220 2.51e-07 [882.45433591]
0.250 2.51e-07 [742.47977296]
0.270 2.51e-07 [649.26015531]
0.290 2.51e-07 [558.15414192]
0.310 2.51e-07 [470.13684228]
0.330 2.51e-07 [387.55323035]
0.350 2.51e-07 [310.8744132]
0.370 2.51e-07 [241.23235483]
0.390 2.51e-07 [179.75508242]
0.410 2.51e-07 [127.96596591]
0.430 2.51e-07 [85.43640247]
0.450 2.51e-07 [52.24160564]
0.470 2.51e-07 [28.04034367]
0.490 2.51e-07 [12.06520741]
0.510 2.51e-07 [4.0048164]
0.530 2.51e-07 [0.88436197]
0.220 5.01e-07 [3515.76833334]
0.250 5.01e-07 [2958.09853008]
0.270 5.01e-07 [2586.70415142]
0.290 5.01e-07 [2223.73054039]
0.310 5.01e-07 [1873.0626109]
0.330 5.01e-07 [1544.04292583]
0.350 5.01e-07 [1238.54841333]
0.370 5.01e-07 [961.08890804]
0.390 5.01e-07 [716.15856004]
0.410 5.01e-07 [509.82659655]
0.430 5.01e-07 [340.38542971]
0.450 5.01e-07 [208.13471622]
0.470 5.01e-07 [111.7149617]
0.490 5.01e-07 [48.06874692]
0.510 5.01e-07 [15.9555074]
0.530 5.01e-07 [3.5233685]
0.220 1.00e-06 [14006.98934802]
0.250 1.00e-06 [11785.20615488]
0.270 1.00e-06 [10305.55317077]
0.290 1.00e-06 [8859.44892807]
0.310 1.00e-06 [7462.37110968]
0.330 1.00e-06 [6151.5409334]
0.350 1.00e-06 [4934.4361709]
0.370 1.00e-06 [3829.02421918]
0.390 1.00e-06 [2853.20998739]
0.410 1.00e-06 [2031.17356724]
0.430 1.00e-06 [1356.11184699]
0.450 1.00e-06 [829.2186733]
0.470 1.00e-06 [445.07775545]
0.490 1.00e-06 [191.50818888]
0.510 1.00e-06 [63.5675053]
0.530 1.00e-06 [14.03726877]
0.220 1.99e-06 [55748.16777987]
0.250 1.99e-06 [46905.41512657]
0.270 1.99e-06 [41016.35925851]
0.290 1.99e-06 [35260.82821993]
0.310 1.99e-06 [29700.42357582]
0.330 1.99e-06 [24483.28670347]
0.350 1.99e-06 [19639.17932109]
0.370 1.99e-06 [15239.61211795]
0.390 1.99e-06 [11355.84708005]
0.410 1.99e-06 [8084.12157695]
0.430 1.99e-06 [5397.3590538]
0.450 1.99e-06 [3300.31105018]
0.470 1.99e-06 [1771.42059364]
0.490 1.99e-06 [762.20737943]
0.510 1.99e-06 [253.00026028]
0.530 1.99e-06 [55.86868063]
0.220 3.98e-06 [221987.82371063]
0.250 3.98e-06 [186776.20160192]
0.270 3.98e-06 [163326.12695511]
0.290 3.98e-06 [140407.74487308]
0.310 3.98e-06 [118266.35126224]
0.330 3.98e-06 [97491.84141887]
0.350 3.98e-06 [78202.7257679]
0.370 3.98e-06 [60683.75810334]
0.390 3.98e-06 [45218.70188893]
0.410 3.98e-06 [32190.77194727]
0.430 3.98e-06 [21492.15010743]
0.450 3.98e-06 [13141.75688233]
0.470 3.98e-06 [7053.75294148]
0.490 3.98e-06 [3035.09091178]
0.510 3.98e-06 [1007.44077185]
0.530 3.98e-06 [222.46770289]
0.220 7.94e-06 [883718.4526965]
0.250 7.94e-06 [743543.3760337]
0.270 7.94e-06 [650190.22117998]
0.290 7.94e-06 [558953.69832351]
0.310 7.94e-06 [470810.31381146]
0.330 7.94e-06 [388108.40076312]
0.350 7.94e-06 [311319.74113293]
0.370 7.94e-06 [241577.92043944]
0.390 7.94e-06 [180012.58176357]
0.410 7.94e-06 [128149.27729291]
0.430 7.94e-06 [85558.79021011]
0.450 7.94e-06 [52316.44179234]
0.470 7.94e-06 [28080.5114936]
0.490 7.94e-06 [12082.49082997]
0.510 7.94e-06 [4010.55330515]
0.530 7.94e-06 [885.62881914]
0.220 1.58e-05 [3518426.87392849]
0.250 1.58e-05 [2960335.37399377]
0.270 1.58e-05 [2588660.15571457]
0.290 1.58e-05 [2225412.07265996]
0.310 1.58e-05 [1874478.97640071]
0.330 1.58e-05 [1545210.49444618]
0.350 1.58e-05 [1239484.97425202]
0.370 1.58e-05 [961815.66066472]
0.390 1.58e-05 [716700.10215313]
0.410 1.58e-05 [510212.11532485]
0.430 1.58e-05 [340642.82109026]
0.450 1.58e-05 [208292.10274927]
0.470 1.58e-05 [111799.43789935]
0.490 1.58e-05 [48105.09536203]
0.510 1.58e-05 [15967.57257373]
0.530 1.58e-05 [3526.03278574]
0.220 3.16e-05 [14007187.252776]
0.250 3.16e-05 [11785372.66805512]
0.270 3.16e-05 [10305698.77793379]
0.290 3.16e-05 [8859574.10322178]
0.310 3.16e-05 [7462476.54552514]
0.330 3.16e-05 [6151627.84852641]
0.350 3.16e-05 [4934505.88954974]
0.370 3.16e-05 [3829078.31946517]
0.390 3.16e-05 [2853250.30039168]
0.410 3.16e-05 [2031202.26569056]
0.430 3.16e-05 [1356131.00749133]
0.450 3.16e-05 [829230.38932619]
0.470 3.16e-05 [445084.04395593]
0.490 3.16e-05 [191510.89469603]
0.510 3.16e-05 [63568.40344469]
0.530 3.16e-05 [14037.46710079]
0.220 6.31e-05 [55763298.35387281]
0.250 6.31e-05 [46918145.69481757]
0.270 6.31e-05 [41027491.48192987]
0.290 6.31e-05 [35270398.33841661]
0.310 6.31e-05 [29708484.5484896]
0.330 6.31e-05 [24489931.69641442]
0.350 6.31e-05 [19644509.57799336]
0.370 6.31e-05 [15243748.29117569]
0.390 6.31e-05 [11358929.16313274]
0.410 6.31e-05 [8086315.68313742]
0.430 6.31e-05 [5398823.9475195]
0.450 6.31e-05 [3301206.78546153]
0.470 6.31e-05 [1771901.37375681]
0.490 6.31e-05 [762414.24964424]
0.510 6.31e-05 [253068.92691557]
0.530 6.31e-05 [55883.84391157]
0.220 1.26e-04 [2.21997439e+08]
0.250 1.26e-04 [1.86784292e+08]
0.270 1.26e-04 [1.63333201e+08]
0.290 1.26e-04 [1.40413826e+08]
0.310 1.26e-04 [1.18271474e+08]
0.330 1.26e-04 [97496064.1379947]
0.350 1.26e-04 [78206113.00667311]
0.370 1.26e-04 [60686386.53318532]
0.390 1.26e-04 [45220660.47206946]
0.410 1.26e-04 [32192166.24432913]
0.430 1.26e-04 [21493081.00904863]
0.450 1.26e-04 [13142326.09865808]
0.470 1.26e-04 [7054058.46465825]
0.490 1.26e-04 [3035222.37238086]
0.510 1.26e-04 [1007484.40770483]
0.530 1.26e-04 [222477.33876196]
0.220 2.51e-04 [8.83783791e+08]
0.250 2.51e-04 [7.43598351e+08]
0.270 2.51e-04 [6.50238294e+08]
0.290 2.51e-04 [5.58995025e+08]
0.310 2.51e-04 [4.70845124e+08]
0.330 2.51e-04 [3.88137096e+08]
0.350 2.51e-04 [3.11342759e+08]
0.370 2.51e-04 [2.41595782e+08]
0.390 2.51e-04 [1.80025891e+08]
0.410 2.51e-04 [1.28158752e+08]
0.430 2.51e-04 [85565116.09352025]
0.450 2.51e-04 [52320309.86609843]
0.470 2.51e-04 [28082587.65715596]
0.490 2.51e-04 [12083384.16223715]
0.510 2.51e-04 [4010849.82983046]
0.530 2.51e-04 [885694.29907839]
0.220 5.01e-04 [3.51839337e+09]
0.250 5.01e-04 [2.96030718e+09]
0.270 5.01e-04 [2.5886355e+09]
0.290 5.01e-04 [2.22539088e+09]
0.310 5.01e-04 [1.87446113e+09]
0.330 5.01e-04 [1.54519578e+09]
0.350 5.01e-04 [1.23947317e+09]
0.370 5.01e-04 [9.61806502e+08]
0.390 5.01e-04 [7.16693277e+08]
0.410 5.01e-04 [5.10207257e+08]
0.430 5.01e-04 [3.40639577e+08]
0.450 5.01e-04 [2.08290119e+08]
0.470 5.01e-04 [1.11798373e+08]
0.490 5.01e-04 [48104637.26850452]
0.510 5.01e-04 [15967420.518286]
0.530 5.01e-04 [3525999.20816056]
0.220 1.00e-03 [1.40069893e+10]
0.250 1.00e-03 [1.17852062e+10]
0.270 1.00e-03 [1.03055532e+10]
0.290 1.00e-03 [8.85944893e+09]
0.310 1.00e-03 [7.46237111e+09]
0.330 1.00e-03 [6.15154093e+09]
0.350 1.00e-03 [4.93443617e+09]
0.370 1.00e-03 [3.82902422e+09]
0.390 1.00e-03 [2.85320999e+09]
0.410 1.00e-03 [2.03117357e+09]
0.430 1.00e-03 [1.35611185e+09]
0.450 1.00e-03 [8.29218673e+08]
0.470 1.00e-03 [4.45077755e+08]
0.490 1.00e-03 [1.91508189e+08]
0.510 1.00e-03 [63567505.29940496]
0.530 1.00e-03 [14037268.76822457]
0.220 1.00e-09 [0.01400699]
0.250 1.00e-09 [0.01178521]
0.270 1.00e-09 [0.01030555]
0.290 1.00e-09 [0.00885945]
0.310 1.00e-09 [0.00746237]
0.330 1.00e-09 [0.00615154]
0.350 1.00e-09 [0.00493444]
0.370 1.00e-09 [0.00382902]
0.390 1.00e-09 [0.00285321]
0.410 1.00e-09 [0.00203117]
0.430 1.00e-09 [0.00135611]
0.450 1.00e-09 [0.00082922]
0.470 1.00e-09 [0.00044508]
0.490 1.00e-09 [0.00019151]
0.510 1.00e-09 [6.35675053e-05]
0.530 1.00e-09 [1.40372688e-05]
0.220 2.00e-09 [0.05602796]
0.250 2.00e-09 [0.04714082]
0.270 2.00e-09 [0.04122221]
0.290 2.00e-09 [0.0354378]
0.310 2.00e-09 [0.02984948]
0.330 2.00e-09 [0.02460616]
0.350 2.00e-09 [0.01973774]
0.370 2.00e-09 [0.0153161]
0.390 2.00e-09 [0.01141284]
0.410 2.00e-09 [0.00812469]
0.430 2.00e-09 [0.00542445]
0.450 2.00e-09 [0.00331687]
0.470 2.00e-09 [0.00178031]
0.490 2.00e-09 [0.00076603]
0.510 2.00e-09 [0.00025427]
0.530 2.00e-09 [5.61490751e-05]
0.220 4.00e-09 [0.22411183]
0.250 4.00e-09 [0.1885633]
0.270 4.00e-09 [0.16488885]
0.290 4.00e-09 [0.14175118]
0.310 4.00e-09 [0.11939794]
0.330 4.00e-09 [0.09842465]
0.350 4.00e-09 [0.07895098]
0.370 4.00e-09 [0.06126439]
0.390 4.00e-09 [0.04565136]
0.410 4.00e-09 [0.03249878]
0.430 4.00e-09 [0.02169779]
0.450 4.00e-09 [0.0132675]
0.470 4.00e-09 [0.00712124]
0.490 4.00e-09 [0.00306413]
0.510 4.00e-09 [0.00101708]
0.530 4.00e-09 [0.0002246]
0.220 8.00e-09 [0.89644732]
0.250 8.00e-09 [0.75425319]
0.270 8.00e-09 [0.6595554]
0.290 8.00e-09 [0.56700473]
0.310 8.00e-09 [0.47759175]
0.330 8.00e-09 [0.39369862]
0.350 8.00e-09 [0.31580391]
0.370 8.00e-09 [0.24505755]
0.390 8.00e-09 [0.18260544]
0.410 8.00e-09 [0.12999511]
0.430 8.00e-09 [0.08679116]
0.450 8.00e-09 [0.05307]
0.470 8.00e-09 [0.02848498]
0.490 8.00e-09 [0.01225652]
0.510 8.00e-09 [0.00406832]
0.530 8.00e-09 [0.00089839]
0.220 1.60e-08 [3.58578927]
0.250 1.60e-08 [3.01701278]
0.270 1.60e-08 [2.63822161]
0.290 1.60e-08 [2.26801893]
0.310 1.60e-08 [1.910367]
0.330 1.60e-08 [1.57479448]
0.350 1.60e-08 [1.26321566]
0.370 1.60e-08 [0.9802302]
0.390 1.60e-08 [0.73042176]
0.410 1.60e-08 [0.51998043]
0.430 1.60e-08 [0.34716463]
0.450 1.60e-08 [0.21227998]
0.470 1.60e-08 [0.11393991]
0.490 1.60e-08 [0.0490261]
0.510 1.60e-08 [0.01627328]
0.530 1.60e-08 [0.00359354]
0.220 3.20e-08 [14.34315709]
0.250 3.20e-08 [12.0680511]
0.270 3.20e-08 [10.55288645]
0.290 3.20e-08 [9.0720757]
0.310 3.20e-08 [7.64146802]
0.330 3.20e-08 [6.29917792]
0.350 3.20e-08 [5.05286264]
0.370 3.20e-08 [3.9209208]
0.390 3.20e-08 [2.92168703]
0.410 3.20e-08 [2.07992173]
0.430 3.20e-08 [1.38865853]
0.450 3.20e-08 [0.84911992]
0.470 3.20e-08 [0.45575962]
0.490 3.20e-08 [0.19610439]
0.510 3.20e-08 [0.06509313]
0.530 3.20e-08 [0.01437416]
0.220 6.30e-08 [55.59374072]
0.250 6.30e-08 [46.77548323]
0.270 6.30e-08 [40.90274053]
0.290 6.30e-08 [35.1631528]
0.310 6.30e-08 [29.61815093]
0.330 6.30e-08 [24.41546596]
0.350 6.30e-08 [19.58477716]
0.370 6.30e-08 [15.19739713]
0.390 6.30e-08 [11.32439044]
0.410 6.30e-08 [8.06172789]
0.430 6.30e-08 [5.38240792]
0.450 6.30e-08 [3.29116891]
0.470 6.30e-08 [1.76651361]
0.490 6.30e-08 [0.760096]
0.510 6.30e-08 [0.25229943]
0.530 6.30e-08 [0.05571392]
0.220 1.26e-07 [222.37496289]
0.250 1.26e-07 [187.10193291]
0.270 1.26e-07 [163.61096214]
0.290 1.26e-07 [140.65261118]
0.310 1.26e-07 [118.47260374]
0.330 1.26e-07 [97.66186386]
0.350 1.26e-07 [78.33910865]
0.370 1.26e-07 [60.7895885]
0.390 1.26e-07 [45.29756176]
0.410 1.26e-07 [32.24691155]
0.430 1.26e-07 [21.52963168]
0.450 1.26e-07 [13.16467566]
0.470 1.26e-07 [7.06605445]
0.490 1.26e-07 [3.04038401]
0.510 1.26e-07 [1.00919771]
0.530 1.26e-07 [0.22285568]
0.220 2.51e-07 [882.45433591]
0.250 2.51e-07 [742.47977296]
0.270 2.51e-07 [649.26015531]
0.290 2.51e-07 [558.15414192]
0.310 2.51e-07 [470.13684228]
0.330 2.51e-07 [387.55323035]
0.350 2.51e-07 [310.8744132]
0.370 2.51e-07 [241.23235483]
0.390 2.51e-07 [179.75508242]
0.410 2.51e-07 [127.96596591]
0.430 2.51e-07 [85.43640247]
0.450 2.51e-07 [52.24160564]
0.470 2.51e-07 [28.04034367]
0.490 2.51e-07 [12.06520741]
0.510 2.51e-07 [4.0048164]
0.530 2.51e-07 [0.88436197]
0.220 5.01e-07 [3515.76833334]
0.250 5.01e-07 [2958.09853008]
0.270 5.01e-07 [2586.70415142]
0.290 5.01e-07 [2223.73054039]
0.310 5.01e-07 [1873.0626109]
0.330 5.01e-07 [1544.04292583]
0.350 5.01e-07 [1238.54841333]
0.370 5.01e-07 [961.08890804]
0.390 5.01e-07 [716.15856004]
0.410 5.01e-07 [509.82659655]
0.430 5.01e-07 [340.38542971]
0.450 5.01e-07 [208.13471622]
0.470 5.01e-07 [111.7149617]
0.490 5.01e-07 [48.06874692]
0.510 5.01e-07 [15.9555074]
0.530 5.01e-07 [3.5233685]
0.220 1.00e-06 [14006.98934802]
0.250 1.00e-06 [11785.20615488]
0.270 1.00e-06 [10305.55317077]
0.290 1.00e-06 [8859.44892807]
0.310 1.00e-06 [7462.37110968]
0.330 1.00e-06 [6151.5409334]
0.350 1.00e-06 [4934.4361709]
0.370 1.00e-06 [3829.02421918]
0.390 1.00e-06 [2853.20998739]
0.410 1.00e-06 [2031.17356724]
0.430 1.00e-06 [1356.11184699]
0.450 1.00e-06 [829.2186733]
0.470 1.00e-06 [445.07775545]
0.490 1.00e-06 [191.50818888]
0.510 1.00e-06 [63.5675053]
0.530 1.00e-06 [14.03726877]
0.220 1.99e-06 [55748.16777987]
0.250 1.99e-06 [46905.41512657]
0.270 1.99e-06 [41016.35925851]
0.290 1.99e-06 [35260.82821993]
0.310 1.99e-06 [29700.42357582]
0.330 1.99e-06 [24483.28670347]
0.350 1.99e-06 [19639.17932109]
0.370 1.99e-06 [15239.61211795]
0.390 1.99e-06 [11355.84708005]
0.410 1.99e-06 [8084.12157695]
0.430 1.99e-06 [5397.3590538]
0.450 1.99e-06 [3300.31105018]
0.470 1.99e-06 [1771.42059364]
0.490 1.99e-06 [762.20737943]
0.510 1.99e-06 [253.00026028]
0.530 1.99e-06 [55.86868063]
0.220 3.98e-06 [221987.82371063]
0.250 3.98e-06 [186776.20160192]
0.270 3.98e-06 [163326.12695511]
0.290 3.98e-06 [140407.74487308]
0.310 3.98e-06 [118266.35126224]
0.330 3.98e-06 [97491.84141887]
0.350 3.98e-06 [78202.7257679]
0.370 3.98e-06 [60683.75810334]
0.390 3.98e-06 [45218.70188893]
0.410 3.98e-06 [32190.77194727]
0.430 3.98e-06 [21492.15010743]
0.450 3.98e-06 [13141.75688233]
0.470 3.98e-06 [7053.75294148]
0.490 3.98e-06 [3035.09091178]
0.510 3.98e-06 [1007.44077185]
0.530 3.98e-06 [222.46770289]
0.220 7.94e-06 [883718.4526965]
0.250 7.94e-06 [743543.3760337]
0.270 7.94e-06 [650190.22117998]
0.290 7.94e-06 [558953.69832351]
0.310 7.94e-06 [470810.31381146]
0.330 7.94e-06 [388108.40076312]
0.350 7.94e-06 [311319.74113293]
0.370 7.94e-06 [241577.92043944]
0.390 7.94e-06 [180012.58176357]
0.410 7.94e-06 [128149.27729291]
0.430 7.94e-06 [85558.79021011]
0.450 7.94e-06 [52316.44179234]
0.470 7.94e-06 [28080.5114936]
0.490 7.94e-06 [12082.49082997]
0.510 7.94e-06 [4010.55330515]
0.530 7.94e-06 [885.62881914]
0.220 1.58e-05 [3518426.87392849]
0.250 1.58e-05 [2960335.37399377]
0.270 1.58e-05 [2588660.15571457]
0.290 1.58e-05 [2225412.07265996]
0.310 1.58e-05 [1874478.97640071]
0.330 1.58e-05 [1545210.49444618]
0.350 1.58e-05 [1239484.97425202]
0.370 1.58e-05 [961815.66066472]
0.390 1.58e-05 [716700.10215313]
0.410 1.58e-05 [510212.11532485]
0.430 1.58e-05 [340642.82109026]
0.450 1.58e-05 [208292.10274927]
0.470 1.58e-05 [111799.43789935]
0.490 1.58e-05 [48105.09536203]
0.510 1.58e-05 [15967.57257373]
0.530 1.58e-05 [3526.03278574]
0.220 3.16e-05 [14007187.252776]
0.250 3.16e-05 [11785372.66805512]
0.270 3.16e-05 [10305698.77793379]
0.290 3.16e-05 [8859574.10322178]
0.310 3.16e-05 [7462476.54552514]
0.330 3.16e-05 [6151627.84852641]
0.350 3.16e-05 [4934505.88954974]
0.370 3.16e-05 [3829078.31946517]
0.390 3.16e-05 [2853250.30039168]
0.410 3.16e-05 [2031202.26569056]
0.430 3.16e-05 [1356131.00749133]
0.450 3.16e-05 [829230.38932619]
0.470 3.16e-05 [445084.04395593]
0.490 3.16e-05 [191510.89469603]
0.510 3.16e-05 [63568.40344469]
0.530 3.16e-05 [14037.46710079]
0.220 6.31e-05 [55763298.35387281]
0.250 6.31e-05 [46918145.69481757]
0.270 6.31e-05 [41027491.48192987]
0.290 6.31e-05 [35270398.33841661]
0.310 6.31e-05 [29708484.5484896]
0.330 6.31e-05 [24489931.69641442]
0.350 6.31e-05 [19644509.57799336]
0.370 6.31e-05 [15243748.29117569]
0.390 6.31e-05 [11358929.16313274]
0.410 6.31e-05 [8086315.68313742]
0.430 6.31e-05 [5398823.9475195]
0.450 6.31e-05 [3301206.78546153]
0.470 6.31e-05 [1771901.37375681]
0.490 6.31e-05 [762414.24964424]
0.510 6.31e-05 [253068.92691557]
0.530 6.31e-05 [55883.84391157]
0.220 1.26e-04 [2.21997439e+08]
0.250 1.26e-04 [1.86784292e+08]
0.270 1.26e-04 [1.63333201e+08]
0.290 1.26e-04 [1.40413826e+08]
0.310 1.26e-04 [1.18271474e+08]
0.330 1.26e-04 [97496064.1379947]
0.350 1.26e-04 [78206113.00667311]
0.370 1.26e-04 [60686386.53318532]
0.390 1.26e-04 [45220660.47206946]
0.410 1.26e-04 [32192166.24432913]
0.430 1.26e-04 [21493081.00904863]
0.450 1.26e-04 [13142326.09865808]
0.470 1.26e-04 [7054058.46465825]
0.490 1.26e-04 [3035222.37238086]
0.510 1.26e-04 [1007484.40770483]
0.530 1.26e-04 [222477.33876196]
0.220 2.51e-04 [8.83783791e+08]
0.250 2.51e-04 [7.43598351e+08]
0.270 2.51e-04 [6.50238294e+08]
0.290 2.51e-04 [5.58995025e+08]
0.310 2.51e-04 [4.70845124e+08]
0.330 2.51e-04 [3.88137096e+08]
0.350 2.51e-04 [3.11342759e+08]
0.370 2.51e-04 [2.41595782e+08]
0.390 2.51e-04 [1.80025891e+08]
0.410 2.51e-04 [1.28158752e+08]
0.430 2.51e-04 [85565116.09352025]
0.450 2.51e-04 [52320309.86609843]
0.470 2.51e-04 [28082587.65715596]
0.490 2.51e-04 [12083384.16223715]
0.510 2.51e-04 [4010849.82983046]
0.530 2.51e-04 [885694.29907839]
0.220 5.01e-04 [3.51839337e+09]
0.250 5.01e-04 [2.96030718e+09]
0.270 5.01e-04 [2.5886355e+09]
0.290 5.01e-04 [2.22539088e+09]
0.310 5.01e-04 [1.87446113e+09]
0.330 5.01e-04 [1.54519578e+09]
0.350 5.01e-04 [1.23947317e+09]
0.370 5.01e-04 [9.61806502e+08]
0.390 5.01e-04 [7.16693277e+08]
0.410 5.01e-04 [5.10207257e+08]
0.430 5.01e-04 [3.40639577e+08]
0.450 5.01e-04 [2.08290119e+08]
0.470 5.01e-04 [1.11798373e+08]
0.490 5.01e-04 [48104637.26850452]
0.510 5.01e-04 [15967420.518286]
0.530 5.01e-04 [3525999.20816056]
0.220 1.00e-03 [1.40069893e+10]
0.250 1.00e-03 [1.17852062e+10]
0.270 1.00e-03 [1.03055532e+10]
0.290 1.00e-03 [8.85944893e+09]
0.310 1.00e-03 [7.46237111e+09]
0.330 1.00e-03 [6.15154093e+09]
0.350 1.00e-03 [4.93443617e+09]
0.370 1.00e-03 [3.82902422e+09]
0.390 1.00e-03 [2.85320999e+09]
0.410 1.00e-03 [2.03117357e+09]
0.430 1.00e-03 [1.35611185e+09]
0.450 1.00e-03 [8.29218673e+08]
0.470 1.00e-03 [4.45077755e+08]
0.490 1.00e-03 [1.91508189e+08]
0.510 1.00e-03 [63567505.29940496]
0.530 1.00e-03 [14037268.76822457]
