0.220 1.00e-09 [1.40069893e-09]
0.250 1.00e-09 [1.17852062e-09]
0.270 1.00e-09 [1.03055532e-09]
0.290 1.00e-09 [8.85944893e-10]
0.310 1.00e-09 [7.46237111e-10]
0.330 1.00e-09 [6.15154093e-10]
0.350 1.00e-09 [4.93443617e-10]
0.370 1.00e-09 [3.82902422e-10]
0.390 1.00e-09 [5.70641997e-10]
0.410 1.00e-09 [4.06234713e-10]
0.430 1.00e-09 [2.71222369e-10]
0.450 1.00e-09 [1.65843735e-10]
0.470 1.00e-09 [8.90155511e-11]
0.490 1.00e-09 [3.83016378e-11]
0.510 1.00e-09 [1.90702516e-11]
0.530 1.00e-09 [4.21118063e-12]
0.220 2.00e-09 [1.12055915e-08]
0.250 2.00e-09 [1.41422474e-08]
0.270 2.00e-09 [1.23666638e-08]
0.290 2.00e-09 [1.41751183e-08]
0.310 2.00e-09 [1.19397938e-08]
0.330 2.00e-09 [1.23030819e-08]
0.350 2.00e-09 [9.86887234e-09]
0.370 2.00e-09 [9.18965813e-09]
0.390 2.00e-09 [6.84770397e-09]
0.410 2.00e-09 [5.68728599e-09]
0.430 2.00e-09 [3.79711317e-09]
0.450 2.00e-09 [2.65349975e-09]
0.470 2.00e-09 [1.60227992e-09]
0.490 2.00e-09 [6.8942948e-10]
0.510 2.00e-09 [2.54270021e-10]
0.530 2.00e-09 [6.17639826e-11]
0.220 4.00e-09 [1.79289464e-07]
0.250 4.00e-09 [2.26275958e-07]
0.270 4.00e-09 [2.30844391e-07]
0.290 4.00e-09 [2.40977011e-07]
0.310 4.00e-09 [2.02976494e-07]
0.330 4.00e-09 [1.87006844e-07]
0.350 4.00e-09 [1.65797055e-07]
0.370 4.00e-09 [1.40908091e-07]
0.390 4.00e-09 [1.14128399e-07]
0.410 4.00e-09 [8.77466981e-08]
0.430 4.00e-09 [6.50933687e-08]
0.450 4.00e-09 [4.24559961e-08]
0.470 4.00e-09 [2.42122299e-08]
0.490 4.00e-09 [1.13372848e-08]
0.510 4.00e-09 [4.06832034e-09]
0.530 4.00e-09 [9.65764091e-10]
0.220 8.00e-09 [2.86863142e-06]
0.250 8.00e-09 [3.46956469e-06]
0.270 8.00e-09 [3.56159918e-06]
0.290 8.00e-09 [3.74223123e-06]
0.310 8.00e-09 [3.24762391e-06]
0.330 8.00e-09 [3.03147937e-06]
0.350 8.00e-09 [2.65275289e-06]
0.370 8.00e-09 [2.25452946e-06]
0.390 8.00e-09 [1.82605439e-06]
0.410 8.00e-09 [1.41694668e-06]
0.430 8.00e-09 [1.02413567e-06]
0.450 8.00e-09 [6.73988938e-07]
0.470 8.00e-09 [3.87395678e-07]
0.490 8.00e-09 [1.80170904e-07]
0.510 8.00e-09 [6.42794614e-08]
0.530 8.00e-09 [1.54522255e-08]
0.220 1.60e-08 [4.55395238e-05]
0.250 1.60e-08 [5.58147363e-05]
0.270 1.60e-08 [5.64579425e-05]
0.290 1.60e-08 [5.94220959e-05]
0.310 1.60e-08 [5.19619825e-05]
0.330 1.60e-08 [4.80312316e-05]
0.350 1.60e-08 [4.20650815e-05]
0.370 1.60e-08 [3.57784023e-05]
0.390 1.60e-08 [2.90707859e-05]
0.410 1.60e-08 [2.24631547e-05]
0.430 1.60e-08 [1.62125884e-05]
0.450 1.60e-08 [1.0656455e-05]
0.470 1.60e-08 [6.16414888e-06]
0.490 1.60e-08 [2.86312403e-06]
0.510 1.60e-08 [1.01708008e-06]
0.530 1.60e-08 [2.44001421e-07]
0.220 3.20e-08 [0.00072146]
0.250 3.20e-08 [0.00088097]
0.270 3.20e-08 [0.00089277]
0.290 3.20e-08 [0.00093624]
0.310 3.20e-08 [0.00081917]
0.330 3.20e-08 [0.00075716]
0.350 3.20e-08 [0.00066243]
0.370 3.20e-08 [0.00056304]
0.390 3.20e-08 [0.00045608]
0.410 3.20e-08 [0.00035255]
0.430 3.20e-08 [0.00025399]
0.450 3.20e-08 [0.00016685]
0.470 3.20e-08 [9.6302008e-05]
0.490 3.20e-08 [4.4672579e-05]
0.510 3.20e-08 [1.58631947e-05]
0.530 3.20e-08 [3.79765392e-06]
0.220 6.30e-08 [0.01092973]
0.250 6.30e-08 [0.01324214]
0.270 6.30e-08 [0.01336293]
0.290 6.30e-08 [0.01393516]
0.310 6.30e-08 [0.0121701]
0.330 6.30e-08 [0.0112067]
0.350 6.30e-08 [0.00976693]
0.370 6.30e-08 [0.00826586]
0.390 6.30e-08 [0.00667007]
0.410 6.30e-08 [0.0051321]
0.430 6.30e-08 [0.00368211]
0.450 6.30e-08 [0.00240848]
0.470 6.30e-08 [0.001383]
0.490 6.30e-08 [0.00063818]
0.510 6.30e-08 [0.00022535]
0.530 6.30e-08 [5.35800766e-05]
0.220 1.26e-07 [0.16177779]
0.250 1.26e-07 [0.19037622]
0.270 1.26e-07 [0.18952694]
0.290 1.26e-07 [0.19314417]
0.310 1.26e-07 [0.16788753]
0.330 1.26e-07 [0.15224508]
0.350 1.26e-07 [0.13113967]
0.370 1.26e-07 [0.10937871]
0.390 1.26e-07 [0.08693961]
0.410 1.26e-07 [0.06593848]
0.430 1.26e-07 [0.04659873]
0.450 1.26e-07 [0.03002599]
0.470 1.26e-07 [0.01695429]
0.490 1.26e-07 [0.00768791]
0.510 1.26e-07 [0.00266832]
0.530 1.26e-07 [0.00062076]
0.220 2.51e-07 [1.96363739]
0.250 2.51e-07 [2.10745459]
0.270 2.51e-07 [2.01322589]
0.290 2.51e-07 [1.9227852]
0.310 2.51e-07 [1.65107358]
0.330 2.51e-07 [1.4365048]
0.350 2.51e-07 [1.19985089]
0.370 2.51e-07 [0.96572549]
0.390 2.51e-07 [0.73960229]
0.410 2.51e-07 [0.54266527]
0.430 2.51e-07 [0.37066583]
0.450 2.51e-07 [0.23105417]
0.470 2.51e-07 [0.12609462]
0.490 2.51e-07 [0.05518143]
0.510 2.51e-07 [0.0185455]
0.530 2.51e-07 [0.00414509]
0.220 5.01e-07 [14.84603494]
0.250 5.01e-07 [13.47502623]
0.270 5.01e-07 [12.00230726]
0.290 5.01e-07 [10.4617627]
0.310 5.01e-07 [8.81500726]
0.330 5.01e-07 [7.2549945]
0.350 5.01e-07 [5.79306249]
0.370 5.01e-07 [4.45704981]
0.390 5.01e-07 [3.27578087]
0.410 5.01e-07 [2.30370246]
0.430 5.01e-07 [1.51471516]
0.450 5.01e-07 [0.91081833]
0.470 5.01e-07 [0.47896673]
0.490 5.01e-07 [0.20141286]
0.510 5.01e-07 [0.06536493]
0.530 5.01e-07 [0.0139987]
0.220 1.00e-06 [59.95551721]
0.250 1.00e-06 [45.58989149]
0.270 1.00e-06 [37.38957746]
0.290 1.00e-06 [29.12721024]
0.310 1.00e-06 [23.97958332]
0.330 1.00e-06 [18.35435268]
0.350 1.00e-06 [13.81296717]
0.370 1.00e-06 [10.01251543]
0.390 1.00e-06 [7.03487454]
0.410 1.00e-06 [4.63351314]
0.430 1.00e-06 [2.88485673]
0.450 1.00e-06 [1.64392602]
0.470 1.00e-06 [0.82156903]
0.490 1.00e-06 [0.32428082]
0.510 1.00e-06 [0.09963571]
0.530 1.00e-06 [0.01999469]
0.220 1.99e-06 [121.70382508]
0.250 1.99e-06 [69.64516038]
0.270 1.99e-06 [50.42961371]
0.290 1.99e-06 [32.01683202]
0.310 1.99e-06 [25.51860394]
0.330 1.99e-06 [17.34151197]
0.350 1.99e-06 [11.84046121]
0.370 1.99e-06 [7.65638113]
0.390 1.99e-06 [4.84667553]
0.410 1.99e-06 [2.84722762]
0.430 1.99e-06 [1.58898251]
0.450 1.99e-06 [0.8138567]
0.470 1.99e-06 [0.36756977]
0.490 1.99e-06 [0.13087101]
0.510 1.99e-06 [0.03615374]
0.530 1.99e-06 [0.0064249]
0.220 3.98e-06 [87.41880498]
0.250 3.98e-06 [29.43592937]
0.270 3.98e-06 [17.44323036]
0.290 3.98e-06 [7.24503964]
0.310 3.98e-06 [5.0499732]
0.330 3.98e-06 [2.94425361]
0.350 3.98e-06 [1.60315588]
0.370 3.98e-06 [0.75854698]
0.390 3.98e-06 [0.39340271]
0.410 3.98e-06 [0.17704925]
0.430 3.98e-06 [0.05802881]
0.450 3.98e-06 [0.02102681]
0.470 3.98e-06 [0.00775913]
0.490 3.98e-06 [0.00212456]
0.510 3.98e-06 [0.00040298]
0.530 3.98e-06 [4.44935406e-05]
0.220 7.94e-06 [8.13020976]
0.250 7.94e-06 [1.04096073]
0.270 7.94e-06 [0.19505707]
0.290 7.94e-06 [0.05589537]
0.310 7.94e-06 [0.]
0.330 7.94e-06 [0.]
0.350 7.94e-06 [0.]
0.370 7.94e-06 [0.]
0.390 7.94e-06 [0.]
0.410 7.94e-06 [0.]
0.430 7.94e-06 [0.]
0.450 7.94e-06 [0.]
0.470 7.94e-06 [0.]
0.490 7.94e-06 [0.]
0.510 7.94e-06 [0.]
0.530 7.94e-06 [0.]
0.220 1.58e-05 [0.]
0.250 1.58e-05 [0.]
0.270 1.58e-05 [0.]
0.290 1.58e-05 [0.]
0.310 1.58e-05 [0.]
0.330 1.58e-05 [0.]
0.350 1.58e-05 [0.]
0.370 1.58e-05 [0.]
0.390 1.58e-05 [0.]
0.410 1.58e-05 [0.]
0.430 1.58e-05 [0.]
0.450 1.58e-05 [0.]
0.470 1.58e-05 [0.]
0.490 1.58e-05 [0.]
0.510 1.58e-05 [0.]
0.530 1.58e-05 [0.]
0.220 3.16e-05 [0.]
0.250 3.16e-05 [0.]
0.270 3.16e-05 [0.]
0.290 3.16e-05 [0.]
0.310 3.16e-05 [0.]
0.330 3.16e-05 [0.]
0.350 3.16e-05 [0.]
0.370 3.16e-05 [0.]
0.390 3.16e-05 [0.]
0.410 3.16e-05 [0.]
0.430 3.16e-05 [0.]
0.450 3.16e-05 [0.]
0.470 3.16e-05 [0.]
0.490 3.16e-05 [0.]
0.510 3.16e-05 [0.]
0.530 3.16e-05 [0.]
0.220 6.31e-05 [0.]
0.250 6.31e-05 [0.]
0.270 6.31e-05 [0.]
0.290 6.31e-05 [0.]
0.310 6.31e-05 [0.]
0.330 6.31e-05 [0.]
0.350 6.31e-05 [0.]
0.370 6.31e-05 [0.]
0.390 6.31e-05 [0.]
0.410 6.31e-05 [0.]
0.430 6.31e-05 [0.]
0.450 6.31e-05 [0.]
0.470 6.31e-05 [0.]
0.490 6.31e-05 [0.]
0.510 6.31e-05 [0.]
0.530 6.31e-05 [0.]
0.220 1.26e-04 [0.]
0.250 1.26e-04 [0.]
0.270 1.26e-04 [0.]
0.290 1.26e-04 [0.]
0.310 1.26e-04 [0.]
0.330 1.26e-04 [0.]
0.350 1.26e-04 [0.]
0.370 1.26e-04 [0.]
0.390 1.26e-04 [0.]
0.410 1.26e-04 [0.]
0.430 1.26e-04 [0.]
0.450 1.26e-04 [0.]
0.470 1.26e-04 [0.]
0.490 1.26e-04 [0.]
0.510 1.26e-04 [0.]
0.530 1.26e-04 [0.]
0.220 2.51e-04 [0.]
0.250 2.51e-04 [0.]
0.270 2.51e-04 [0.]
0.290 2.51e-04 [0.]
0.310 2.51e-04 [0.]
0.330 2.51e-04 [0.]
0.350 2.51e-04 [0.]
0.370 2.51e-04 [0.]
0.390 2.51e-04 [0.]
0.410 2.51e-04 [0.]
0.430 2.51e-04 [0.]
0.450 2.51e-04 [0.]
0.470 2.51e-04 [0.]
0.490 2.51e-04 [0.]
0.510 2.51e-04 [0.]
0.530 2.51e-04 [0.]
0.220 5.01e-04 [0.]
0.250 5.01e-04 [0.]
0.270 5.01e-04 [0.]
0.290 5.01e-04 [0.]
0.310 5.01e-04 [0.]
0.330 5.01e-04 [0.]
0.350 5.01e-04 [0.]
0.370 5.01e-04 [0.]
0.390 5.01e-04 [0.]
0.410 5.01e-04 [0.]
0.430 5.01e-04 [0.]
0.450 5.01e-04 [0.]
0.470 5.01e-04 [0.]
0.490 5.01e-04 [0.]
0.510 5.01e-04 [0.]
0.530 5.01e-04 [0.]
0.220 1.00e-03 [0.]
0.250 1.00e-03 [0.]
0.270 1.00e-03 [0.]
0.290 1.00e-03 [0.]
0.310 1.00e-03 [0.]
0.330 1.00e-03 [0.]
0.350 1.00e-03 [0.]
0.370 1.00e-03 [0.]
0.390 1.00e-03 [0.]
0.410 1.00e-03 [0.]
0.430 1.00e-03 [0.]
0.450 1.00e-03 [0.]
0.470 1.00e-03 [0.]
0.490 1.00e-03 [0.]
0.510 1.00e-03 [0.]
0.530 1.00e-03 [0.]
0.220 1.00e-09 [1.40069893e-09]
0.250 1.00e-09 [1.17852062e-09]
0.270 1.00e-09 [1.03055532e-09]
0.290 1.00e-09 [8.85944893e-10]
0.310 1.00e-09 [7.46237111e-10]
0.330 1.00e-09 [6.15154093e-10]
0.350 1.00e-09 [4.93443617e-10]
0.370 1.00e-09 [3.82902422e-10]
0.390 1.00e-09 [5.70641997e-10]
0.410 1.00e-09 [4.06234713e-10]
0.430 1.00e-09 [2.71222369e-10]
0.450 1.00e-09 [1.65843735e-10]
0.470 1.00e-09 [8.90155511e-11]
0.490 1.00e-09 [3.83016378e-11]
0.510 1.00e-09 [1.90702516e-11]
0.530 1.00e-09 [4.21118063e-12]
0.220 2.00e-09 [1.12055915e-08]
0.250 2.00e-09 [1.41422474e-08]
0.270 2.00e-09 [1.23666638e-08]
0.290 2.00e-09 [1.41751183e-08]
0.310 2.00e-09 [1.19397938e-08]
0.330 2.00e-09 [1.23030819e-08]
0.350 2.00e-09 [9.86887234e-09]
0.370 2.00e-09 [9.18965813e-09]
0.390 2.00e-09 [6.84770397e-09]
0.410 2.00e-09 [5.68728599e-09]
0.430 2.00e-09 [3.79711317e-09]
0.450 2.00e-09 [2.65349975e-09]
0.470 2.00e-09 [1.60227992e-09]
0.490 2.00e-09 [6.8942948e-10]
0.510 2.00e-09 [2.54270021e-10]
0.530 2.00e-09 [6.17639826e-11]
0.220 4.00e-09 [1.79289464e-07]
0.250 4.00e-09 [2.26275958e-07]
0.270 4.00e-09 [2.30844391e-07]
0.290 4.00e-09 [2.40977011e-07]
0.310 4.00e-09 [2.02976494e-07]
0.330 4.00e-09 [1.87006844e-07]
0.350 4.00e-09 [1.65797055e-07]
0.370 4.00e-09 [1.40908091e-07]
0.390 4.00e-09 [1.14128399e-07]
0.410 4.00e-09 [8.77466981e-08]
0.430 4.00e-09 [6.50933687e-08]
0.450 4.00e-09 [4.24559961e-08]
0.470 4.00e-09 [2.42122299e-08]
0.490 4.00e-09 [1.13372848e-08]
0.510 4.00e-09 [4.06832034e-09]
0.530 4.00e-09 [9.65764091e-10]
0.220 8.00e-09 [2.86863142e-06]
0.250 8.00e-09 [3.46956469e-06]
0.270 8.00e-09 [3.56159918e-06]
0.290 8.00e-09 [3.74223123e-06]
0.310 8.00e-09 [3.24762391e-06]
0.330 8.00e-09 [3.03147937e-06]
0.350 8.00e-09 [2.65275289e-06]
0.370 8.00e-09 [2.25452946e-06]
0.390 8.00e-09 [1.82605439e-06]
0.410 8.00e-09 [1.41694668e-06]
0.430 8.00e-09 [1.02413567e-06]
0.450 8.00e-09 [6.73988938e-07]
0.470 8.00e-09 [3.87395678e-07]
0.490 8.00e-09 [1.80170904e-07]
0.510 8.00e-09 [6.42794614e-08]
0.530 8.00e-09 [1.54522255e-08]
0.220 1.60e-08 [4.55395238e-05]
0.250 1.60e-08 [5.58147363e-05]
0.270 1.60e-08 [5.64579425e-05]
0.290 1.60e-08 [5.94220959e-05]
0.310 1.60e-08 [5.19619825e-05]
0.330 1.60e-08 [4.80312316e-05]
0.350 1.60e-08 [4.20650815e-05]
0.370 1.60e-08 [3.57784023e-05]
0.390 1.60e-08 [2.90707859e-05]
0.410 1.60e-08 [2.24631547e-05]
0.430 1.60e-08 [1.62125884e-05]
0.450 1.60e-08 [1.0656455e-05]
0.470 1.60e-08 [6.16414888e-06]
0.490 1.60e-08 [2.86312403e-06]
0.510 1.60e-08 [1.01708008e-06]
0.530 1.60e-08 [2.44001421e-07]
0.220 3.20e-08 [0.00072146]
0.250 3.20e-08 [0.00088097]
0.270 3.20e-08 [0.00089277]
0.290 3.20e-08 [0.00093624]
0.310 3.20e-08 [0.00081917]
0.330 3.20e-08 [0.00075716]
0.350 3.20e-08 [0.00066243]
0.370 3.20e-08 [0.00056304]
0.390 3.20e-08 [0.00045608]
0.410 3.20e-08 [0.00035255]
0.430 3.20e-08 [0.00025399]
0.450 3.20e-08 [0.00016685]
0.470 3.20e-08 [9.6302008e-05]
0.490 3.20e-08 [4.4672579e-05]
0.510 3.20e-08 [1.58631947e-05]
0.530 3.20e-08 [3.79765392e-06]
0.220 6.30e-08 [0.01092973]
0.250 6.30e-08 [0.01324214]
0.270 6.30e-08 [0.01336293]
0.290 6.30e-08 [0.01393516]
0.310 6.30e-08 [0.0121701]
0.330 6.30e-08 [0.0112067]
0.350 6.30e-08 [0.00976693]
0.370 6.30e-08 [0.00826586]
0.390 6.30e-08 [0.00667007]
0.410 6.30e-08 [0.0051321]
0.430 6.30e-08 [0.00368211]
0.450 6.30e-08 [0.00240848]
0.470 6.30e-08 [0.001383]
0.490 6.30e-08 [0.00063818]
0.510 6.30e-08 [0.00022535]
0.530 6.30e-08 [5.35800766e-05]
0.220 1.26e-07 [0.16177779]
0.250 1.26e-07 [0.19037622]
0.270 1.26e-07 [0.18952694]
0.290 1.26e-07 [0.19314417]
0.310 1.26e-07 [0.16788753]
0.330 1.26e-07 [0.15224508]
0.350 1.26e-07 [0.13113967]
0.370 1.26e-07 [0.10937871]
0.390 1.26e-07 [0.08693961]
0.410 1.26e-07 [0.06593848]
0.430 1.26e-07 [0.04659873]
0.450 1.26e-07 [0.03002599]
0.470 1.26e-07 [0.01695429]
0.490 1.26e-07 [0.00768791]
0.510 1.26e-07 [0.00266832]
0.530 1.26e-07 [0.00062076]
0.220 2.51e-07 [1.96363739]
0.250 2.51e-07 [2.10745459]
0.270 2.51e-07 [2.01322589]
0.290 2.51e-07 [1.9227852]
0.310 2.51e-07 [1.65107358]
0.330 2.51e-07 [1.4365048]
0.350 2.51e-07 [1.19985089]
0.370 2.51e-07 [0.96572549]
0.390 2.51e-07 [0.73960229]
0.410 2.51e-07 [0.54266527]
0.430 2.51e-07 [0.37066583]
0.450 2.51e-07 [0.23105417]
0.470 2.51e-07 [0.12609462]
0.490 2.51e-07 [0.05518143]
0.510 2.51e-07 [0.0185455]
0.530 2.51e-07 [0.00414509]
0.220 5.01e-07 [14.84603494]
0.250 5.01e-07 [13.47502623]
0.270 5.01e-07 [12.00230726]
0.290 5.01e-07 [10.4617627]
0.310 5.01e-07 [8.81500726]
0.330 5.01e-07 [7.2549945]
0.350 5.01e-07 [5.79306249]
0.370 5.01e-07 [4.45704981]
0.390 5.01e-07 [3.27578087]
0.410 5.01e-07 [2.30370246]
0.430 5.01e-07 [1.51471516]
0.450 5.01e-07 [0.91081833]
0.470 5.01e-07 [0.47896673]
0.490 5.01e-07 [0.20141286]
0.510 5.01e-07 [0.06536493]
0.530 5.01e-07 [0.0139987]
0.220 1.00e-06 [59.95551721]
0.250 1.00e-06 [45.58989149]
0.270 1.00e-06 [37.38957746]
0.290 1.00e-06 [29.12721024]
0.310 1.00e-06 [23.97958332]
0.330 1.00e-06 [18.35435268]
0.350 1.00e-06 [13.81296717]
0.370 1.00e-06 [10.01251543]
0.390 1.00e-06 [7.03487454]
0.410 1.00e-06 [4.63351314]
0.430 1.00e-06 [2.88485673]
0.450 1.00e-06 [1.64392602]
0.470 1.00e-06 [0.82156903]
0.490 1.00e-06 [0.32428082]
0.510 1.00e-06 [0.09963571]
0.530 1.00e-06 [0.01999469]
0.220 1.99e-06 [121.70382508]
0.250 1.99e-06 [69.64516038]
0.270 1.99e-06 [50.42961371]
0.290 1.99e-06 [32.01683202]
0.310 1.99e-06 [25.51860394]
0.330 1.99e-06 [17.34151197]
0.350 1.99e-06 [11.84046121]
0.370 1.99e-06 [7.65638113]
0.390 1.99e-06 [4.84667553]
0.410 1.99e-06 [2.84722762]
0.430 1.99e-06 [1.58898251]
0.450 1.99e-06 [0.8138567]
0.470 1.99e-06 [0.36756977]
0.490 1.99e-06 [0.13087101]
0.510 1.99e-06 [0.03615374]
0.530 1.99e-06 [0.0064249]
0.220 3.98e-06 [87.41880498]
0.250 3.98e-06 [29.43592937]
0.270 3.98e-06 [17.44323036]
0.290 3.98e-06 [7.24503964]
0.310 3.98e-06 [5.0499732]
0.330 3.98e-06 [2.94425361]
0.350 3.98e-06 [1.60315588]
0.370 3.98e-06 [0.75854698]
0.390 3.98e-06 [0.39340271]
0.410 3.98e-06 [0.17704925]
0.430 3.98e-06 [0.05802881]
0.450 3.98e-06 [0.02102681]
0.470 3.98e-06 [0.00775913]
0.490 3.98e-06 [0.00212456]
0.510 3.98e-06 [0.00040298]
0.530 3.98e-06 [4.44935406e-05]
0.220 7.94e-06 [8.13020976]
0.250 7.94e-06 [1.04096073]
0.270 7.94e-06 [0.19505707]
0.290 7.94e-06 [0.05589537]
0.310 7.94e-06 [0.]
0.330 7.94e-06 [0.]
0.350 7.94e-06 [0.]
0.370 7.94e-06 [0.]
0.390 7.94e-06 [0.]
0.410 7.94e-06 [0.]
0.430 7.94e-06 [0.]
0.450 7.94e-06 [0.]
0.470 7.94e-06 [0.]
0.490 7.94e-06 [0.]
0.510 7.94e-06 [0.]
0.530 7.94e-06 [0.]
0.220 1.58e-05 [0.]
0.250 1.58e-05 [0.]
0.270 1.58e-05 [0.]
0.290 1.58e-05 [0.]
0.310 1.58e-05 [0.]
0.330 1.58e-05 [0.]
0.350 1.58e-05 [0.]
0.370 1.58e-05 [0.]
0.390 1.58e-05 [0.]
0.410 1.58e-05 [0.]
0.430 1.58e-05 [0.]
0.450 1.58e-05 [0.]
0.470 1.58e-05 [0.]
0.490 1.58e-05 [0.]
0.510 1.58e-05 [0.]
0.530 1.58e-05 [0.]
0.220 3.16e-05 [0.]
0.250 3.16e-05 [0.]
0.270 3.16e-05 [0.]
0.290 3.16e-05 [0.]
0.310 3.16e-05 [0.]
0.330 3.16e-05 [0.]
0.350 3.16e-05 [0.]
0.370 3.16e-05 [0.]
0.390 3.16e-05 [0.]
0.410 3.16e-05 [0.]
0.430 3.16e-05 [0.]
0.450 3.16e-05 [0.]
0.470 3.16e-05 [0.]
0.490 3.16e-05 [0.]
0.510 3.16e-05 [0.]
0.530 3.16e-05 [0.]
0.220 6.31e-05 [0.]
0.250 6.31e-05 [0.]
0.270 6.31e-05 [0.]
0.290 6.31e-05 [0.]
0.310 6.31e-05 [0.]
0.330 6.31e-05 [0.]
0.350 6.31e-05 [0.]
0.370 6.31e-05 [0.]
0.390 6.31e-05 [0.]
0.410 6.31e-05 [0.]
0.430 6.31e-05 [0.]
0.450 6.31e-05 [0.]
0.470 6.31e-05 [0.]
0.490 6.31e-05 [0.]
0.510 6.31e-05 [0.]
0.530 6.31e-05 [0.]
0.220 1.26e-04 [0.]
0.250 1.26e-04 [0.]
0.270 1.26e-04 [0.]
0.290 1.26e-04 [0.]
0.310 1.26e-04 [0.]
0.330 1.26e-04 [0.]
0.350 1.26e-04 [0.]
0.370 1.26e-04 [0.]
0.390 1.26e-04 [0.]
0.410 1.26e-04 [0.]
0.430 1.26e-04 [0.]
0.450 1.26e-04 [0.]
0.470 1.26e-04 [0.]
0.490 1.26e-04 [0.]
0.510 1.26e-04 [0.]
0.530 1.26e-04 [0.]
0.220 2.51e-04 [0.]
0.250 2.51e-04 [0.]
0.270 2.51e-04 [0.]
0.290 2.51e-04 [0.]
0.310 2.51e-04 [0.]
0.330 2.51e-04 [0.]
0.350 2.51e-04 [0.]
0.370 2.51e-04 [0.]
0.390 2.51e-04 [0.]
0.410 2.51e-04 [0.]
0.430 2.51e-04 [0.]
0.450 2.51e-04 [0.]
0.470 2.51e-04 [0.]
0.490 2.51e-04 [0.]
0.510 2.51e-04 [0.]
0.530 2.51e-04 [0.]
0.220 5.01e-04 [0.]
0.250 5.01e-04 [0.]
0.270 5.01e-04 [0.]
0.290 5.01e-04 [0.]
0.310 5.01e-04 [0.]
0.330 5.01e-04 [0.]
0.350 5.01e-04 [0.]
0.370 5.01e-04 [0.]
0.390 5.01e-04 [0.]
0.410 5.01e-04 [0.]
0.430 5.01e-04 [0.]
0.450 5.01e-04 [0.]
0.470 5.01e-04 [0.]
0.490 5.01e-04 [0.]
0.510 5.01e-04 [0.]
0.530 5.01e-04 [0.]
0.220 1.00e-03 [0.]
0.250 1.00e-03 [0.]
0.270 1.00e-03 [0.]
0.290 1.00e-03 [0.]
0.310 1.00e-03 [0.]
0.330 1.00e-03 [0.]
0.350 1.00e-03 [0.]
0.370 1.00e-03 [0.]
0.390 1.00e-03 [0.]
0.410 1.00e-03 [0.]
0.430 1.00e-03 [0.]
0.450 1.00e-03 [0.]
0.470 1.00e-03 [0.]
0.490 1.00e-03 [0.]
0.510 1.00e-03 [0.]
0.530 1.00e-03 [0.]
0.220 1.00e-09 [1.40069893e-09]
0.250 1.00e-09 [1.17852062e-09]
0.270 1.00e-09 [1.03055532e-09]
0.290 1.00e-09 [8.85944893e-10]
0.310 1.00e-09 [7.46237111e-10]
0.330 1.00e-09 [6.15154093e-10]
0.350 1.00e-09 [4.93443617e-10]
0.370 1.00e-09 [3.82902422e-10]
0.390 1.00e-09 [5.70641997e-10]
0.410 1.00e-09 [4.06234713e-10]
0.430 1.00e-09 [2.71222369e-10]
0.450 1.00e-09 [1.65843735e-10]
0.470 1.00e-09 [8.90155511e-11]
0.490 1.00e-09 [3.83016378e-11]
0.510 1.00e-09 [1.90702516e-11]
0.530 1.00e-09 [4.21118063e-12]
0.220 2.00e-09 [1.12055915e-08]
0.250 2.00e-09 [1.41422474e-08]
0.270 2.00e-09 [1.23666638e-08]
0.290 2.00e-09 [1.41751183e-08]
0.310 2.00e-09 [1.19397938e-08]
0.330 2.00e-09 [1.23030819e-08]
0.350 2.00e-09 [9.86887234e-09]
0.370 2.00e-09 [9.18965813e-09]
0.390 2.00e-09 [6.84770397e-09]
0.410 2.00e-09 [5.68728599e-09]
0.430 2.00e-09 [3.79711317e-09]
0.450 2.00e-09 [2.65349975e-09]
0.470 2.00e-09 [1.60227992e-09]
0.490 2.00e-09 [6.8942948e-10]
0.510 2.00e-09 [2.54270021e-10]
0.530 2.00e-09 [6.17639826e-11]
0.220 4.00e-09 [1.79289464e-07]
0.250 4.00e-09 [2.26275958e-07]
0.270 4.00e-09 [2.30844391e-07]
0.290 4.00e-09 [2.40977011e-07]
0.310 4.00e-09 [2.02976494e-07]
0.330 4.00e-09 [1.87006844e-07]
0.350 4.00e-09 [1.65797055e-07]
0.370 4.00e-09 [1.40908091e-07]
0.390 4.00e-09 [1.14128399e-07]
0.410 4.00e-09 [8.77466981e-08]
0.430 4.00e-09 [6.50933687e-08]
0.450 4.00e-09 [4.24559961e-08]
0.470 4.00e-09 [2.42122299e-08]
0.490 4.00e-09 [1.13372848e-08]
0.510 4.00e-09 [4.06832034e-09]
0.530 4.00e-09 [9.65764091e-10]
0.220 8.00e-09 [2.86863142e-06]
0.250 8.00e-09 [3.46956469e-06]
0.270 8.00e-09 [3.56159918e-06]
0.290 8.00e-09 [3.74223123e-06]
0.310 8.00e-09 [3.24762391e-06]
0.330 8.00e-09 [3.03147937e-06]
0.350 8.00e-09 [2.65275289e-06]
0.370 8.00e-09 [2.25452946e-06]
0.390 8.00e-09 [1.82605439e-06]
0.410 8.00e-09 [1.41694668e-06]
0.430 8.00e-09 [1.02413567e-06]
0.450 8.00e-09 [6.73988938e-07]
0.470 8.00e-09 [3.87395678e-07]
0.490 8.00e-09 [1.80170904e-07]
0.510 8.00e-09 [6.42794614e-08]
0.530 8.00e-09 [1.54522255e-08]
0.220 1.60e-08 [4.55395238e-05]
0.250 1.60e-08 [5.58147363e-05]
0.270 1.60e-08 [5.64579425e-05]
0.290 1.60e-08 [5.94220959e-05]
0.310 1.60e-08 [5.19619825e-05]
0.330 1.60e-08 [4.80312316e-05]
0.350 1.60e-08 [4.20650815e-05]
0.370 1.60e-08 [3.57784023e-05]
0.390 1.60e-08 [2.90707859e-05]
0.410 1.60e-08 [2.24631547e-05]
0.430 1.60e-08 [1.62125884e-05]
0.450 1.60e-08 [1.0656455e-05]
0.470 1.60e-08 [6.16414888e-06]
0.490 1.60e-08 [2.86312403e-06]
0.510 1.60e-08 [1.01708008e-06]
0.530 1.60e-08 [2.44001421e-07]
0.220 3.20e-08 [0.00072146]
0.250 3.20e-08 [0.00088097]
0.270 3.20e-08 [0.00089277]
0.290 3.20e-08 [0.00093624]
0.310 3.20e-08 [0.00081917]
0.330 3.20e-08 [0.00075716]
0.350 3.20e-08 [0.00066243]
0.370 3.20e-08 [0.00056304]
0.390 3.20e-08 [0.00045608]
0.410 3.20e-08 [0.00035255]
0.430 3.20e-08 [0.00025399]
0.450 3.20e-08 [0.00016685]
0.470 3.20e-08 [9.6302008e-05]
0.490 3.20e-08 [4.4672579e-05]
0.510 3.20e-08 [1.58631947e-05]
0.530 3.20e-08 [3.79765392e-06]
0.220 6.30e-08 [0.01092973]
0.250 6.30e-08 [0.01324214]
0.270 6.30e-08 [0.01336293]
0.290 6.30e-08 [0.01393516]
0.310 6.30e-08 [0.0121701]
0.330 6.30e-08 [0.0112067]
0.350 6.30e-08 [0.00976693]
0.370 6.30e-08 [0.00826586]
0.390 6.30e-08 [0.00667007]
0.410 6.30e-08 [0.0051321]
0.430 6.30e-08 [0.00368211]
0.450 6.30e-08 [0.00240848]
0.470 6.30e-08 [0.001383]
0.490 6.30e-08 [0.00063818]
0.510 6.30e-08 [0.00022535]
0.530 6.30e-08 [5.35800766e-05]
0.220 1.26e-07 [0.16177779]
0.250 1.26e-07 [0.19037622]
0.270 1.26e-07 [0.18952694]
0.290 1.26e-07 [0.19314417]
0.310 1.26e-07 [0.16788753]
0.330 1.26e-07 [0.15224508]
0.350 1.26e-07 [0.13113967]
0.370 1.26e-07 [0.10937871]
0.390 1.26e-07 [0.08693961]
0.410 1.26e-07 [0.06593848]
0.430 1.26e-07 [0.04659873]
0.450 1.26e-07 [0.03002599]
0.470 1.26e-07 [0.01695429]
0.490 1.26e-07 [0.00768791]
0.510 1.26e-07 [0.00266832]
0.530 1.26e-07 [0.00062076]
0.220 2.51e-07 [1.96363739]
0.250 2.51e-07 [2.10745459]
0.270 2.51e-07 [2.01322589]
0.290 2.51e-07 [1.9227852]
0.310 2.51e-07 [1.65107358]
0.330 2.51e-07 [1.4365048]
0.350 2.51e-07 [1.19985089]
0.370 2.51e-07 [0.96572549]
0.390 2.51e-07 [0.73960229]
0.410 2.51e-07 [0.54266527]
0.430 2.51e-07 [0.37066583]
0.450 2.51e-07 [0.23105417]
0.470 2.51e-07 [0.12609462]
0.490 2.51e-07 [0.05518143]
0.510 2.51e-07 [0.0185455]
0.530 2.51e-07 [0.00414509]
0.220 5.01e-07 [14.84603494]
0.250 5.01e-07 [13.47502623]
0.270 5.01e-07 [12.00230726]
0.290 5.01e-07 [10.4617627]
0.310 5.01e-07 [8.81500726]
0.330 5.01e-07 [7.2549945]
0.350 5.01e-07 [5.79306249]
0.370 5.01e-07 [4.45704981]
0.390 5.01e-07 [3.27578087]
0.410 5.01e-07 [2.30370246]
0.430 5.01e-07 [1.51471516]
0.450 5.01e-07 [0.91081833]
0.470 5.01e-07 [0.47896673]
0.490 5.01e-07 [0.20141286]
0.510 5.01e-07 [0.06536493]
0.530 5.01e-07 [0.0139987]
0.220 1.00e-06 [59.95551721]
0.250 1.00e-06 [45.58989149]
0.270 1.00e-06 [37.38957746]
0.290 1.00e-06 [29.12721024]
0.310 1.00e-06 [23.97958332]
0.330 1.00e-06 [18.35435268]
0.350 1.00e-06 [13.81296717]
0.370 1.00e-06 [10.01251543]
0.390 1.00e-06 [7.03487454]
0.410 1.00e-06 [4.63351314]
0.430 1.00e-06 [2.88485673]
0.450 1.00e-06 [1.64392602]
0.470 1.00e-06 [0.82156903]
0.490 1.00e-06 [0.32428082]
0.510 1.00e-06 [0.09963571]
0.530 1.00e-06 [0.01999469]
0.220 1.99e-06 [121.70382508]
0.250 1.99e-06 [69.64516038]
0.270 1.99e-06 [50.42961371]
0.290 1.99e-06 [32.01683202]
0.310 1.99e-06 [25.51860394]
0.330 1.99e-06 [17.34151197]
0.350 1.99e-06 [11.84046121]
0.370 1.99e-06 [7.65638113]
0.390 1.99e-06 [4.84667553]
0.410 1.99e-06 [2.84722762]
0.430 1.99e-06 [1.58898251]
0.450 1.99e-06 [0.8138567]
0.470 1.99e-06 [0.36756977]
0.490 1.99e-06 [0.13087101]
0.510 1.99e-06 [0.03615374]
0.530 1.99e-06 [0.0064249]
0.220 3.98e-06 [87.41880498]
0.250 3.98e-06 [29.43592937]
0.270 3.98e-06 [17.44323036]
0.290 3.98e-06 [7.24503964]
0.310 3.98e-06 [5.0499732]
0.330 3.98e-06 [2.94425361]
0.350 3.98e-06 [1.60315588]
0.370 3.98e-06 [0.75854698]
0.390 3.98e-06 [0.39340271]
0.410 3.98e-06 [0.17704925]
0.430 3.98e-06 [0.05802881]
0.450 3.98e-06 [0.02102681]
0.470 3.98e-06 [0.00775913]
0.490 3.98e-06 [0.00212456]
0.510 3.98e-06 [0.00040298]
0.530 3.98e-06 [4.44935406e-05]
0.220 7.94e-06 [8.13020976]
0.250 7.94e-06 [1.04096073]
0.270 7.94e-06 [0.19505707]
0.290 7.94e-06 [0.05589537]
0.310 7.94e-06 [0.]
0.330 7.94e-06 [0.]
0.350 7.94e-06 [0.]
0.370 7.94e-06 [0.]
0.390 7.94e-06 [0.]
0.410 7.94e-06 [0.]
0.430 7.94e-06 [0.]
0.450 7.94e-06 [0.]
0.470 7.94e-06 [0.]
0.490 7.94e-06 [0.]
0.510 7.94e-06 [0.]
0.530 7.94e-06 [0.]
0.220 1.58e-05 [0.]
0.250 1.58e-05 [0.]
0.270 1.58e-05 [0.]
0.290 1.58e-05 [0.]
0.310 1.58e-05 [0.]
0.330 1.58e-05 [0.]
0.350 1.58e-05 [0.]
0.370 1.58e-05 [0.]
0.390 1.58e-05 [0.]
0.410 1.58e-05 [0.]
0.430 1.58e-05 [0.]
0.450 1.58e-05 [0.]
0.470 1.58e-05 [0.]
0.490 1.58e-05 [0.]
0.510 1.58e-05 [0.]
0.530 1.58e-05 [0.]
0.220 3.16e-05 [0.]
0.250 3.16e-05 [0.]
0.270 3.16e-05 [0.]
0.290 3.16e-05 [0.]
0.310 3.16e-05 [0.]
0.330 3.16e-05 [0.]
0.350 3.16e-05 [0.]
0.370 3.16e-05 [0.]
0.390 3.16e-05 [0.]
0.410 3.16e-05 [0.]
0.430 3.16e-05 [0.]
0.450 3.16e-05 [0.]
0.470 3.16e-05 [0.]
0.490 3.16e-05 [0.]
0.510 3.16e-05 [0.]
0.530 3.16e-05 [0.]
0.220 6.31e-05 [0.]
0.250 6.31e-05 [0.]
0.270 6.31e-05 [0.]
0.290 6.31e-05 [0.]
0.310 6.31e-05 [0.]
0.330 6.31e-05 [0.]
0.350 6.31e-05 [0.]
0.370 6.31e-05 [0.]
0.390 6.31e-05 [0.]
0.410 6.31e-05 [0.]
0.430 6.31e-05 [0.]
0.450 6.31e-05 [0.]
0.470 6.31e-05 [0.]
0.490 6.31e-05 [0.]
0.510 6.31e-05 [0.]
0.530 6.31e-05 [0.]
0.220 1.26e-04 [0.]
0.250 1.26e-04 [0.]
0.270 1.26e-04 [0.]
0.290 1.26e-04 [0.]
0.310 1.26e-04 [0.]
0.330 1.26e-04 [0.]
0.350 1.26e-04 [0.]
0.370 1.26e-04 [0.]
0.390 1.26e-04 [0.]
0.410 1.26e-04 [0.]
0.430 1.26e-04 [0.]
0.450 1.26e-04 [0.]
0.470 1.26e-04 [0.]
0.490 1.26e-04 [0.]
0.510 1.26e-04 [0.]
0.530 1.26e-04 [0.]
0.220 2.51e-04 [0.]
0.250 2.51e-04 [0.]
0.270 2.51e-04 [0.]
0.290 2.51e-04 [0.]
0.310 2.51e-04 [0.]
0.330 2.51e-04 [0.]
0.350 2.51e-04 [0.]
0.370 2.51e-04 [0.]
0.390 2.51e-04 [0.]
0.410 2.51e-04 [0.]
0.430 2.51e-04 [0.]
0.450 2.51e-04 [0.]
0.470 2.51e-04 [0.]
0.490 2.51e-04 [0.]
0.510 2.51e-04 [0.]
0.530 2.51e-04 [0.]
0.220 5.01e-04 [0.]
0.250 5.01e-04 [0.]
0.270 5.01e-04 [0.]
0.290 5.01e-04 [0.]
0.310 5.01e-04 [0.]
0.330 5.01e-04 [0.]
0.350 5.01e-04 [0.]
0.370 5.01e-04 [0.]
0.390 5.01e-04 [0.]
0.410 5.01e-04 [0.]
0.430 5.01e-04 [0.]
0.450 5.01e-04 [0.]
0.470 5.01e-04 [0.]
0.490 5.01e-04 [0.]
0.510 5.01e-04 [0.]
0.530 5.01e-04 [0.]
0.220 1.00e-03 [0.]
0.250 1.00e-03 [0.]
0.270 1.00e-03 [0.]
0.290 1.00e-03 [0.]
0.310 1.00e-03 [0.]
0.330 1.00e-03 [0.]
0.350 1.00e-03 [0.]
0.370 1.00e-03 [0.]
0.390 1.00e-03 [0.]
0.410 1.00e-03 [0.]
0.430 1.00e-03 [0.]
0.450 1.00e-03 [0.]
0.470 1.00e-03 [0.]
0.490 1.00e-03 [0.]
0.510 1.00e-03 [0.]
0.530 1.00e-03 [0.]
0.220 1.00e-09 [1.40069893e-09]
0.250 1.00e-09 [1.17852062e-09]
0.270 1.00e-09 [1.03055532e-09]
0.290 1.00e-09 [8.85944893e-10]
0.310 1.00e-09 [7.46237111e-10]
0.330 1.00e-09 [6.15154093e-10]
0.350 1.00e-09 [4.93443617e-10]
0.370 1.00e-09 [3.82902422e-10]
0.390 1.00e-09 [5.70641997e-10]
0.410 1.00e-09 [4.06234713e-10]
0.430 1.00e-09 [2.71222369e-10]
0.450 1.00e-09 [1.65843735e-10]
0.470 1.00e-09 [8.90155511e-11]
0.490 1.00e-09 [3.83016378e-11]
0.510 1.00e-09 [1.90702516e-11]
0.530 1.00e-09 [4.21118063e-12]
0.220 2.00e-09 [1.12055915e-08]
0.250 2.00e-09 [1.41422474e-08]
0.270 2.00e-09 [1.23666638e-08]
0.290 2.00e-09 [1.41751183e-08]
0.310 2.00e-09 [1.19397938e-08]
0.330 2.00e-09 [1.23030819e-08]
0.350 2.00e-09 [9.86887234e-09]
0.370 2.00e-09 [9.18965813e-09]
0.390 2.00e-09 [6.84770397e-09]
0.410 2.00e-09 [5.68728599e-09]
0.430 2.00e-09 [3.79711317e-09]
0.450 2.00e-09 [2.65349975e-09]
0.470 2.00e-09 [1.60227992e-09]
0.490 2.00e-09 [6.8942948e-10]
0.510 2.00e-09 [2.54270021e-10]
0.530 2.00e-09 [6.17639826e-11]
0.220 4.00e-09 [1.79289464e-07]
0.250 4.00e-09 [2.26275958e-07]
0.270 4.00e-09 [2.30844391e-07]
0.290 4.00e-09 [2.40977011e-07]
0.310 4.00e-09 [2.02976494e-07]
0.330 4.00e-09 [1.87006844e-07]
0.350 4.00e-09 [1.65797055e-07]
0.370 4.00e-09 [1.40908091e-07]
0.390 4.00e-09 [1.14128399e-07]
0.410 4.00e-09 [8.77466981e-08]
0.430 4.00e-09 [6.50933687e-08]
0.450 4.00e-09 [4.24559961e-08]
0.470 4.00e-09 [2.42122299e-08]
0.490 4.00e-09 [1.13372848e-08]
0.510 4.00e-09 [4.06832034e-09]
0.530 4.00e-09 [9.65764091e-10]
0.220 8.00e-09 [2.86863142e-06]
0.250 8.00e-09 [3.46956469e-06]
0.270 8.00e-09 [3.56159918e-06]
0.290 8.00e-09 [3.74223123e-06]
0.310 8.00e-09 [3.24762391e-06]
0.330 8.00e-09 [3.03147937e-06]
0.350 8.00e-09 [2.65275289e-06]
0.370 8.00e-09 [2.25452946e-06]
0.390 8.00e-09 [1.82605439e-06]
0.410 8.00e-09 [1.41694668e-06]
0.430 8.00e-09 [1.02413567e-06]
0.450 8.00e-09 [6.73988938e-07]
0.470 8.00e-09 [3.87395678e-07]
0.490 8.00e-09 [1.80170904e-07]
0.510 8.00e-09 [6.42794614e-08]
0.530 8.00e-09 [1.54522255e-08]
0.220 1.60e-08 [4.55395238e-05]
0.250 1.60e-08 [5.58147363e-05]
0.270 1.60e-08 [5.64579425e-05]
0.290 1.60e-08 [5.94220959e-05]
0.310 1.60e-08 [5.19619825e-05]
0.330 1.60e-08 [4.80312316e-05]
0.350 1.60e-08 [4.20650815e-05]
0.370 1.60e-08 [3.57784023e-05]
0.390 1.60e-08 [2.90707859e-05]
0.410 1.60e-08 [2.24631547e-05]
0.430 1.60e-08 [1.62125884e-05]
0.450 1.60e-08 [1.0656455e-05]
0.470 1.60e-08 [6.16414888e-06]
0.490 1.60e-08 [2.86312403e-06]
0.510 1.60e-08 [1.01708008e-06]
0.530 1.60e-08 [2.44001421e-07]
0.220 3.20e-08 [0.00072146]
0.250 3.20e-08 [0.00088097]
0.270 3.20e-08 [0.00089277]
0.290 3.20e-08 [0.00093624]
0.310 3.20e-08 [0.00081917]
0.330 3.20e-08 [0.00075716]
0.350 3.20e-08 [0.00066243]
0.370 3.20e-08 [0.00056304]
0.390 3.20e-08 [0.00045608]
0.410 3.20e-08 [0.00035255]
0.430 3.20e-08 [0.00025399]
0.450 3.20e-08 [0.00016685]
0.470 3.20e-08 [9.6302008e-05]
0.490 3.20e-08 [4.4672579e-05]
0.510 3.20e-08 [1.58631947e-05]
0.530 3.20e-08 [3.79765392e-06]
0.220 6.30e-08 [0.01092973]
0.250 6.30e-08 [0.01324214]
0.270 6.30e-08 [0.01336293]
0.290 6.30e-08 [0.01393516]
0.310 6.30e-08 [0.0121701]
0.330 6.30e-08 [0.0112067]
0.350 6.30e-08 [0.00976693]
0.370 6.30e-08 [0.00826586]
0.390 6.30e-08 [0.00667007]
0.410 6.30e-08 [0.0051321]
0.430 6.30e-08 [0.00368211]
0.450 6.30e-08 [0.00240848]
0.470 6.30e-08 [0.001383]
0.490 6.30e-08 [0.00063818]
0.510 6.30e-08 [0.00022535]
0.530 6.30e-08 [5.35800766e-05]
0.220 1.26e-07 [0.16177779]
0.250 1.26e-07 [0.19037622]
0.270 1.26e-07 [0.18952694]
0.290 1.26e-07 [0.19314417]
0.310 1.26e-07 [0.16788753]
0.330 1.26e-07 [0.15224508]
0.350 1.26e-07 [0.13113967]
0.370 1.26e-07 [0.10937871]
0.390 1.26e-07 [0.08693961]
0.410 1.26e-07 [0.06593848]
0.430 1.26e-07 [0.04659873]
0.450 1.26e-07 [0.03002599]
0.470 1.26e-07 [0.01695429]
0.490 1.26e-07 [0.00768791]
0.510 1.26e-07 [0.00266832]
0.530 1.26e-07 [0.00062076]
0.220 2.51e-07 [1.96363739]
0.250 2.51e-07 [2.10745459]
0.270 2.51e-07 [2.01322589]
0.290 2.51e-07 [1.9227852]
0.310 2.51e-07 [1.65107358]
0.330 2.51e-07 [1.4365048]
0.350 2.51e-07 [1.19985089]
0.370 2.51e-07 [0.96572549]
0.390 2.51e-07 [0.73960229]
0.410 2.51e-07 [0.54266527]
0.430 2.51e-07 [0.37066583]
0.450 2.51e-07 [0.23105417]
0.470 2.51e-07 [0.12609462]
0.490 2.51e-07 [0.05518143]
0.510 2.51e-07 [0.0185455]
0.530 2.51e-07 [0.00414509]
0.220 5.01e-07 [14.84603494]
0.250 5.01e-07 [13.47502623]
0.270 5.01e-07 [12.00230726]
0.290 5.01e-07 [10.4617627]
0.310 5.01e-07 [8.81500726]
0.330 5.01e-07 [7.2549945]
0.350 5.01e-07 [5.79306249]
0.370 5.01e-07 [4.45704981]
0.390 5.01e-07 [3.27578087]
0.410 5.01e-07 [2.30370246]
0.430 5.01e-07 [1.51471516]
0.450 5.01e-07 [0.91081833]
0.470 5.01e-07 [0.47896673]
0.490 5.01e-07 [0.20141286]
0.510 5.01e-07 [0.06536493]
0.530 5.01e-07 [0.0139987]
0.220 1.00e-06 [59.95551721]
0.250 1.00e-06 [45.58989149]
0.270 1.00e-06 [37.38957746]
0.290 1.00e-06 [29.12721024]
0.310 1.00e-06 [23.97958332]
0.330 1.00e-06 [18.35435268]
0.350 1.00e-06 [13.81296717]
0.370 1.00e-06 [10.01251543]
0.390 1.00e-06 [7.03487454]
0.410 1.00e-06 [4.63351314]
0.430 1.00e-06 [2.88485673]
0.450 1.00e-06 [1.64392602]
0.470 1.00e-06 [0.82156903]
0.490 1.00e-06 [0.32428082]
0.510 1.00e-06 [0.09963571]
0.530 1.00e-06 [0.01999469]
0.220 1.99e-06 [121.70382508]
0.250 1.99e-06 [69.64516038]
0.270 1.99e-06 [50.42961371]
0.290 1.99e-06 [32.01683202]
0.310 1.99e-06 [25.51860394]
0.330 1.99e-06 [17.34151197]
0.350 1.99e-06 [11.84046121]
0.370 1.99e-06 [7.65638113]
0.390 1.99e-06 [4.84667553]
0.410 1.99e-06 [2.84722762]
0.430 1.99e-06 [1.58898251]
0.450 1.99e-06 [0.8138567]
0.470 1.99e-06 [0.36756977]
0.490 1.99e-06 [0.13087101]
0.510 1.99e-06 [0.03615374]
0.530 1.99e-06 [0.0064249]
0.220 3.98e-06 [87.41880498]
0.250 3.98e-06 [29.43592937]
0.270 3.98e-06 [17.44323036]
0.290 3.98e-06 [7.24503964]
0.310 3.98e-06 [5.0499732]
0.330 3.98e-06 [2.94425361]
0.350 3.98e-06 [1.60315588]
0.370 3.98e-06 [0.75854698]
0.390 3.98e-06 [0.39340271]
0.410 3.98e-06 [0.17704925]
0.430 3.98e-06 [0.05802881]
0.450 3.98e-06 [0.02102681]
0.470 3.98e-06 [0.00775913]
0.490 3.98e-06 [0.00212456]
0.510 3.98e-06 [0.00040298]
0.530 3.98e-06 [4.44935406e-05]
0.220 7.94e-06 [8.13020976]
0.250 7.94e-06 [1.04096073]
0.270 7.94e-06 [0.19505707]
0.290 7.94e-06 [0.05589537]
0.310 7.94e-06 [0.]
0.330 7.94e-06 [0.]
0.350 7.94e-06 [0.]
0.370 7.94e-06 [0.]
0.390 7.94e-06 [0.]
0.410 7.94e-06 [0.]
0.430 7.94e-06 [0.]
0.450 7.94e-06 [0.]
0.470 7.94e-06 [0.]
0.490 7.94e-06 [0.]
0.510 7.94e-06 [0.]
0.530 7.94e-06 [0.]
0.220 1.58e-05 [0.]
0.250 1.58e-05 [0.]
0.270 1.58e-05 [0.]
0.290 1.58e-05 [0.]
0.310 1.58e-05 [0.]
0.330 1.58e-05 [0.]
0.350 1.58e-05 [0.]
0.370 1.58e-05 [0.]
0.390 1.58e-05 [0.]
0.410 1.58e-05 [0.]
0.430 1.58e-05 [0.]
0.450 1.58e-05 [0.]
0.470 1.58e-05 [0.]
0.490 1.58e-05 [0.]
0.510 1.58e-05 [0.]
0.530 1.58e-05 [0.]
0.220 3.16e-05 [0.]
0.250 3.16e-05 [0.]
0.270 3.16e-05 [0.]
0.290 3.16e-05 [0.]
0.310 3.16e-05 [0.]
0.330 3.16e-05 [0.]
0.350 3.16e-05 [0.]
0.370 3.16e-05 [0.]
0.390 3.16e-05 [0.]
0.410 3.16e-05 [0.]
0.430 3.16e-05 [0.]
0.450 3.16e-05 [0.]
0.470 3.16e-05 [0.]
0.490 3.16e-05 [0.]
0.510 3.16e-05 [0.]
0.530 3.16e-05 [0.]
0.220 6.31e-05 [0.]
0.250 6.31e-05 [0.]
0.270 6.31e-05 [0.]
0.290 6.31e-05 [0.]
0.310 6.31e-05 [0.]
0.330 6.31e-05 [0.]
0.350 6.31e-05 [0.]
0.370 6.31e-05 [0.]
0.390 6.31e-05 [0.]
0.410 6.31e-05 [0.]
0.430 6.31e-05 [0.]
0.450 6.31e-05 [0.]
0.470 6.31e-05 [0.]
0.490 6.31e-05 [0.]
0.510 6.31e-05 [0.]
0.530 6.31e-05 [0.]
0.220 1.26e-04 [0.]
0.250 1.26e-04 [0.]
0.270 1.26e-04 [0.]
0.290 1.26e-04 [0.]
0.310 1.26e-04 [0.]
0.330 1.26e-04 [0.]
0.350 1.26e-04 [0.]
0.370 1.26e-04 [0.]
0.390 1.26e-04 [0.]
0.410 1.26e-04 [0.]
0.430 1.26e-04 [0.]
0.450 1.26e-04 [0.]
0.470 1.26e-04 [0.]
0.490 1.26e-04 [0.]
0.510 1.26e-04 [0.]
0.530 1.26e-04 [0.]
0.220 2.51e-04 [0.]
0.250 2.51e-04 [0.]
0.270 2.51e-04 [0.]
0.290 2.51e-04 [0.]
0.310 2.51e-04 [0.]
0.330 2.51e-04 [0.]
0.350 2.51e-04 [0.]
0.370 2.51e-04 [0.]
0.390 2.51e-04 [0.]
0.410 2.51e-04 [0.]
0.430 2.51e-04 [0.]
0.450 2.51e-04 [0.]
0.470 2.51e-04 [0.]
0.490 2.51e-04 [0.]
0.510 2.51e-04 [0.]
0.530 2.51e-04 [0.]
0.220 5.01e-04 [0.]
0.250 5.01e-04 [0.]
0.270 5.01e-04 [0.]
0.290 5.01e-04 [0.]
0.310 5.01e-04 [0.]
0.330 5.01e-04 [0.]
0.350 5.01e-04 [0.]
0.370 5.01e-04 [0.]
0.390 5.01e-04 [0.]
0.410 5.01e-04 [0.]
0.430 5.01e-04 [0.]
0.450 5.01e-04 [0.]
0.470 5.01e-04 [0.]
0.490 5.01e-04 [0.]
0.510 5.01e-04 [0.]
0.530 5.01e-04 [0.]
0.220 1.00e-03 [0.]
0.250 1.00e-03 [0.]
0.270 1.00e-03 [0.]
0.290 1.00e-03 [0.]
0.310 1.00e-03 [0.]
0.330 1.00e-03 [0.]
0.350 1.00e-03 [0.]
0.370 1.00e-03 [0.]
0.390 1.00e-03 [0.]
0.410 1.00e-03 [0.]
0.430 1.00e-03 [0.]
0.450 1.00e-03 [0.]
0.470 1.00e-03 [0.]
0.490 1.00e-03 [0.]
0.510 1.00e-03 [0.]
0.530 1.00e-03 [0.]
0.220 1.00e-09 [1.40069893e-09]
0.250 1.00e-09 [1.17852062e-09]
0.270 1.00e-09 [1.03055532e-09]
0.290 1.00e-09 [8.85944893e-10]
0.310 1.00e-09 [7.46237111e-10]
0.330 1.00e-09 [6.15154093e-10]
0.350 1.00e-09 [4.93443617e-10]
0.370 1.00e-09 [3.82902422e-10]
0.390 1.00e-09 [5.70641997e-10]
0.410 1.00e-09 [4.06234713e-10]
0.430 1.00e-09 [2.71222369e-10]
0.450 1.00e-09 [1.65843735e-10]
0.470 1.00e-09 [8.90155511e-11]
0.490 1.00e-09 [3.83016378e-11]
0.510 1.00e-09 [1.90702516e-11]
0.530 1.00e-09 [4.21118063e-12]
0.220 2.00e-09 [1.12055915e-08]
0.250 2.00e-09 [1.41422474e-08]
0.270 2.00e-09 [1.23666638e-08]
0.290 2.00e-09 [1.41751183e-08]
0.310 2.00e-09 [1.19397938e-08]
0.330 2.00e-09 [1.23030819e-08]
0.350 2.00e-09 [9.86887234e-09]
0.370 2.00e-09 [9.18965813e-09]
0.390 2.00e-09 [6.84770397e-09]
0.410 2.00e-09 [5.68728599e-09]
0.430 2.00e-09 [3.79711317e-09]
0.450 2.00e-09 [2.65349975e-09]
0.470 2.00e-09 [1.60227992e-09]
0.490 2.00e-09 [6.8942948e-10]
0.510 2.00e-09 [2.54270021e-10]
0.530 2.00e-09 [6.17639826e-11]
0.220 4.00e-09 [1.79289464e-07]
0.250 4.00e-09 [2.26275958e-07]
0.270 4.00e-09 [2.30844391e-07]
0.290 4.00e-09 [2.40977011e-07]
0.310 4.00e-09 [2.02976494e-07]
0.330 4.00e-09 [1.87006844e-07]
0.350 4.00e-09 [1.65797055e-07]
0.370 4.00e-09 [1.40908091e-07]
0.390 4.00e-09 [1.14128399e-07]
0.410 4.00e-09 [8.77466981e-08]
0.430 4.00e-09 [6.50933687e-08]
0.450 4.00e-09 [4.24559961e-08]
0.470 4.00e-09 [2.42122299e-08]
0.490 4.00e-09 [1.13372848e-08]
0.510 4.00e-09 [4.06832034e-09]
0.530 4.00e-09 [9.65764091e-10]
0.220 8.00e-09 [2.86863142e-06]
0.250 8.00e-09 [3.46956469e-06]
0.270 8.00e-09 [3.56159918e-06]
0.290 8.00e-09 [3.74223123e-06]
0.310 8.00e-09 [3.24762391e-06]
0.330 8.00e-09 [3.03147937e-06]
0.350 8.00e-09 [2.65275289e-06]
0.370 8.00e-09 [2.25452946e-06]
0.390 8.00e-09 [1.82605439e-06]
0.410 8.00e-09 [1.41694668e-06]
0.430 8.00e-09 [1.02413567e-06]
0.450 8.00e-09 [6.73988938e-07]
0.470 8.00e-09 [3.87395678e-07]
0.490 8.00e-09 [1.80170904e-07]
0.510 8.00e-09 [6.42794614e-08]
0.530 8.00e-09 [1.54522255e-08]
0.220 1.60e-08 [4.55395238e-05]
0.250 1.60e-08 [5.58147363e-05]
0.270 1.60e-08 [5.64579425e-05]
0.290 1.60e-08 [5.94220959e-05]
0.310 1.60e-08 [5.19619825e-05]
0.330 1.60e-08 [4.80312316e-05]
0.350 1.60e-08 [4.20650815e-05]
0.370 1.60e-08 [3.57784023e-05]
0.390 1.60e-08 [2.90707859e-05]
0.410 1.60e-08 [2.24631547e-05]
0.430 1.60e-08 [1.62125884e-05]
0.450 1.60e-08 [1.0656455e-05]
0.470 1.60e-08 [6.16414888e-06]
0.490 1.60e-08 [2.86312403e-06]
0.510 1.60e-08 [1.01708008e-06]
0.530 1.60e-08 [2.44001421e-07]
0.220 3.20e-08 [0.00072146]
0.250 3.20e-08 [0.00088097]
0.270 3.20e-08 [0.00089277]
0.290 3.20e-08 [0.00093624]
0.310 3.20e-08 [0.00081917]
0.330 3.20e-08 [0.00075716]
0.350 3.20e-08 [0.00066243]
0.370 3.20e-08 [0.00056304]
0.390 3.20e-08 [0.00045608]
0.410 3.20e-08 [0.00035255]
0.430 3.20e-08 [0.00025399]
0.450 3.20e-08 [0.00016685]
0.470 3.20e-08 [9.6302008e-05]
0.490 3.20e-08 [4.4672579e-05]
0.510 3.20e-08 [1.58631947e-05]
0.530 3.20e-08 [3.79765392e-06]
0.220 6.30e-08 [0.01092973]
0.250 6.30e-08 [0.01324214]
0.270 6.30e-08 [0.01336293]
0.290 6.30e-08 [0.01393516]
0.310 6.30e-08 [0.0121701]
0.330 6.30e-08 [0.0112067]
0.350 6.30e-08 [0.00976693]
0.370 6.30e-08 [0.00826586]
0.390 6.30e-08 [0.00667007]
0.410 6.30e-08 [0.0051321]
0.430 6.30e-08 [0.00368211]
0.450 6.30e-08 [0.00240848]
0.470 6.30e-08 [0.001383]
0.490 6.30e-08 [0.00063818]
0.510 6.30e-08 [0.00022535]
0.530 6.30e-08 [5.35800766e-05]
0.220 1.26e-07 [0.16177779]
0.250 1.26e-07 [0.19037622]
0.270 1.26e-07 [0.18952694]
0.290 1.26e-07 [0.19314417]
0.310 1.26e-07 [0.16788753]
0.330 1.26e-07 [0.15224508]
0.350 1.26e-07 [0.13113967]
0.370 1.26e-07 [0.10937871]
0.390 1.26e-07 [0.08693961]
0.410 1.26e-07 [0.06593848]
0.430 1.26e-07 [0.04659873]
0.450 1.26e-07 [0.03002599]
0.470 1.26e-07 [0.01695429]
0.490 1.26e-07 [0.00768791]
0.510 1.26e-07 [0.00266832]
0.530 1.26e-07 [0.00062076]
0.220 2.51e-07 [1.96363739]
0.250 2.51e-07 [2.10745459]
0.270 2.51e-07 [2.01322589]
0.290 2.51e-07 [1.9227852]
0.310 2.51e-07 [1.65107358]
0.330 2.51e-07 [1.4365048]
0.350 2.51e-07 [1.19985089]
0.370 2.51e-07 [0.96572549]
0.390 2.51e-07 [0.73960229]
0.410 2.51e-07 [0.54266527]
0.430 2.51e-07 [0.37066583]
0.450 2.51e-07 [0.23105417]
0.470 2.51e-07 [0.12609462]
0.490 2.51e-07 [0.05518143]
0.510 2.51e-07 [0.0185455]
0.530 2.51e-07 [0.00414509]
0.220 5.01e-07 [14.84603494]
0.250 5.01e-07 [13.47502623]
0.270 5.01e-07 [12.00230726]
0.290 5.01e-07 [10.4617627]
0.310 5.01e-07 [8.81500726]
0.330 5.01e-07 [7.2549945]
0.350 5.01e-07 [5.79306249]
0.370 5.01e-07 [4.45704981]
0.390 5.01e-07 [3.27578087]
0.410 5.01e-07 [2.30370246]
0.430 5.01e-07 [1.51471516]
0.450 5.01e-07 [0.91081833]
0.470 5.01e-07 [0.47896673]
0.490 5.01e-07 [0.20141286]
0.510 5.01e-07 [0.06536493]
0.530 5.01e-07 [0.0139987]
0.220 1.00e-06 [59.95551721]
0.250 1.00e-06 [45.58989149]
0.270 1.00e-06 [37.38957746]
0.290 1.00e-06 [29.12721024]
0.310 1.00e-06 [23.97958332]
0.330 1.00e-06 [18.35435268]
0.350 1.00e-06 [13.81296717]
0.370 1.00e-06 [10.01251543]
0.390 1.00e-06 [7.03487454]
0.410 1.00e-06 [4.63351314]
0.430 1.00e-06 [2.88485673]
0.450 1.00e-06 [1.64392602]
0.470 1.00e-06 [0.82156903]
0.490 1.00e-06 [0.32428082]
0.510 1.00e-06 [0.09963571]
0.530 1.00e-06 [0.01999469]
0.220 1.99e-06 [121.70382508]
0.250 1.99e-06 [69.64516038]
0.270 1.99e-06 [50.42961371]
0.290 1.99e-06 [32.01683202]
0.310 1.99e-06 [25.51860394]
0.330 1.99e-06 [17.34151197]
0.350 1.99e-06 [11.84046121]
0.370 1.99e-06 [7.65638113]
0.390 1.99e-06 [4.84667553]
0.410 1.99e-06 [2.84722762]
0.430 1.99e-06 [1.58898251]
0.450 1.99e-06 [0.8138567]
0.470 1.99e-06 [0.36756977]
0.490 1.99e-06 [0.13087101]
0.510 1.99e-06 [0.03615374]
0.530 1.99e-06 [0.0064249]
0.220 3.98e-06 [87.41880498]
0.250 3.98e-06 [29.43592937]
0.270 3.98e-06 [17.44323036]
0.290 3.98e-06 [7.24503964]
0.310 3.98e-06 [5.0499732]
0.330 3.98e-06 [2.94425361]
0.350 3.98e-06 [1.60315588]
0.370 3.98e-06 [0.75854698]
0.390 3.98e-06 [0.39340271]
0.410 3.98e-06 [0.17704925]
0.430 3.98e-06 [0.05802881]
0.450 3.98e-06 [0.02102681]
0.470 3.98e-06 [0.00775913]
0.490 3.98e-06 [0.00212456]
0.510 3.98e-06 [0.00040298]
0.530 3.98e-06 [4.44935406e-05]
0.220 7.94e-06 [8.13020976]
0.250 7.94e-06 [1.04096073]
0.270 7.94e-06 [0.19505707]
0.290 7.94e-06 [0.05589537]
0.310 7.94e-06 [0.]
0.330 7.94e-06 [0.]
0.350 7.94e-06 [0.]
0.370 7.94e-06 [0.]
0.390 7.94e-06 [0.]
0.410 7.94e-06 [0.]
0.430 7.94e-06 [0.]
0.450 7.94e-06 [0.]
0.470 7.94e-06 [0.]
0.490 7.94e-06 [0.]
0.510 7.94e-06 [0.]
0.530 7.94e-06 [0.]
0.220 1.58e-05 [0.]
0.250 1.58e-05 [0.]
0.270 1.58e-05 [0.]
0.290 1.58e-05 [0.]
0.310 1.58e-05 [0.]
0.330 1.58e-05 [0.]
0.350 1.58e-05 [0.]
0.370 1.58e-05 [0.]
0.390 1.58e-05 [0.]
0.410 1.58e-05 [0.]
0.430 1.58e-05 [0.]
0.450 1.58e-05 [0.]
0.470 1.58e-05 [0.]
0.490 1.58e-05 [0.]
0.510 1.58e-05 [0.]
0.530 1.58e-05 [0.]
0.220 3.16e-05 [0.]
0.250 3.16e-05 [0.]
0.270 3.16e-05 [0.]
0.290 3.16e-05 [0.]
0.310 3.16e-05 [0.]
0.330 3.16e-05 [0.]
0.350 3.16e-05 [0.]
0.370 3.16e-05 [0.]
0.390 3.16e-05 [0.]
0.410 3.16e-05 [0.]
0.430 3.16e-05 [0.]
0.450 3.16e-05 [0.]
0.470 3.16e-05 [0.]
0.490 3.16e-05 [0.]
0.510 3.16e-05 [0.]
0.530 3.16e-05 [0.]
0.220 6.31e-05 [0.]
0.250 6.31e-05 [0.]
0.270 6.31e-05 [0.]
0.290 6.31e-05 [0.]
0.310 6.31e-05 [0.]
0.330 6.31e-05 [0.]
0.350 6.31e-05 [0.]
0.370 6.31e-05 [0.]
0.390 6.31e-05 [0.]
0.410 6.31e-05 [0.]
0.430 6.31e-05 [0.]
0.450 6.31e-05 [0.]
0.470 6.31e-05 [0.]
0.490 6.31e-05 [0.]
0.510 6.31e-05 [0.]
0.530 6.31e-05 [0.]
0.220 1.26e-04 [0.]
0.250 1.26e-04 [0.]
0.270 1.26e-04 [0.]
0.290 1.26e-04 [0.]
0.310 1.26e-04 [0.]
0.330 1.26e-04 [0.]
0.350 1.26e-04 [0.]
0.370 1.26e-04 [0.]
0.390 1.26e-04 [0.]
0.410 1.26e-04 [0.]
0.430 1.26e-04 [0.]
0.450 1.26e-04 [0.]
0.470 1.26e-04 [0.]
0.490 1.26e-04 [0.]
0.510 1.26e-04 [0.]
0.530 1.26e-04 [0.]
0.220 2.51e-04 [0.]
0.250 2.51e-04 [0.]
0.270 2.51e-04 [0.]
0.290 2.51e-04 [0.]
0.310 2.51e-04 [0.]
0.330 2.51e-04 [0.]
0.350 2.51e-04 [0.]
0.370 2.51e-04 [0.]
0.390 2.51e-04 [0.]
0.410 2.51e-04 [0.]
0.430 2.51e-04 [0.]
0.450 2.51e-04 [0.]
0.470 2.51e-04 [0.]
0.490 2.51e-04 [0.]
0.510 2.51e-04 [0.]
0.530 2.51e-04 [0.]
0.220 5.01e-04 [0.]
0.250 5.01e-04 [0.]
0.270 5.01e-04 [0.]
0.290 5.01e-04 [0.]
0.310 5.01e-04 [0.]
0.330 5.01e-04 [0.]
0.350 5.01e-04 [0.]
0.370 5.01e-04 [0.]
0.390 5.01e-04 [0.]
0.410 5.01e-04 [0.]
0.430 5.01e-04 [0.]
0.450 5.01e-04 [0.]
0.470 5.01e-04 [0.]
0.490 5.01e-04 [0.]
0.510 5.01e-04 [0.]
0.530 5.01e-04 [0.]
0.220 1.00e-03 [0.]
0.250 1.00e-03 [0.]
0.270 1.00e-03 [0.]
0.290 1.00e-03 [0.]
0.310 1.00e-03 [0.]
0.330 1.00e-03 [0.]
0.350 1.00e-03 [0.]
0.370 1.00e-03 [0.]
0.390 1.00e-03 [0.]
0.410 1.00e-03 [0.]
0.430 1.00e-03 [0.]
0.450 1.00e-03 [0.]
0.470 1.00e-03 [0.]
0.490 1.00e-03 [0.]
0.510 1.00e-03 [0.]
0.530 1.00e-03 [0.]
