0.220 1.00e-09 [1.40069893e-08]
0.250 1.00e-09 [1.17852062e-08]
0.270 1.00e-09 [1.03055532e-08]
0.290 1.00e-09 [8.85944893e-09]
0.310 1.00e-09 [7.46237111e-09]
0.330 1.00e-09 [6.15154093e-09]
0.350 1.00e-09 [4.93443617e-09]
0.370 1.00e-09 [3.82902422e-09]
0.390 1.00e-09 [5.70641997e-09]
0.410 1.00e-09 [4.06234713e-09]
0.430 1.00e-09 [2.71222369e-09]
0.450 1.00e-09 [1.65843735e-09]
0.470 1.00e-09 [8.90155511e-10]
0.490 1.00e-09 [3.83016378e-10]
0.510 1.00e-09 [1.90702516e-10]
0.530 1.00e-09 [4.21118063e-11]
0.220 2.00e-09 [1.12055915e-07]
0.250 2.00e-09 [1.41422474e-07]
0.270 2.00e-09 [1.23666638e-07]
0.290 2.00e-09 [1.41751183e-07]
0.310 2.00e-09 [1.19397938e-07]
0.330 2.00e-09 [1.23030819e-07]
0.350 2.00e-09 [9.86887234e-08]
0.370 2.00e-09 [9.18965813e-08]
0.390 2.00e-09 [6.84770397e-08]
0.410 2.00e-09 [5.68728599e-08]
0.430 2.00e-09 [3.79711317e-08]
0.450 2.00e-09 [2.65349975e-08]
0.470 2.00e-09 [1.60227992e-08]
0.490 2.00e-09 [6.8942948e-09]
0.510 2.00e-09 [2.54270021e-09]
0.530 2.00e-09 [6.17639826e-10]
0.220 4.00e-09 [1.79289464e-06]
0.250 4.00e-09 [2.26275958e-06]
0.270 4.00e-09 [2.30844391e-06]
0.290 4.00e-09 [2.40977011e-06]
0.310 4.00e-09 [2.02976494e-06]
0.330 4.00e-09 [1.87006844e-06]
0.350 4.00e-09 [1.65797055e-06]
0.370 4.00e-09 [1.40908091e-06]
0.390 4.00e-09 [1.14128399e-06]
0.410 4.00e-09 [8.77466981e-07]
0.430 4.00e-09 [6.50933687e-07]
0.450 4.00e-09 [4.24559961e-07]
0.470 4.00e-09 [2.42122299e-07]
0.490 4.00e-09 [1.13372848e-07]
0.510 4.00e-09 [4.06832034e-08]
0.530 4.00e-09 [9.65764091e-09]
0.220 8.00e-09 [2.86863142e-05]
0.250 8.00e-09 [3.46956469e-05]
0.270 8.00e-09 [3.56159918e-05]
0.290 8.00e-09 [3.74223123e-05]
0.310 8.00e-09 [3.24762391e-05]
0.330 8.00e-09 [3.03147937e-05]
0.350 8.00e-09 [2.65275289e-05]
0.370 8.00e-09 [2.25452946e-05]
0.390 8.00e-09 [1.82605439e-05]
0.410 8.00e-09 [1.41694668e-05]
0.430 8.00e-09 [1.02413567e-05]
0.450 8.00e-09 [6.73988938e-06]
0.470 8.00e-09 [3.87395678e-06]
0.490 8.00e-09 [1.80170904e-06]
0.510 8.00e-09 [6.42794614e-07]
0.530 8.00e-09 [1.54522255e-07]
0.220 1.60e-08 [0.0004554]
0.250 1.60e-08 [0.00055815]
0.270 1.60e-08 [0.00056458]
0.290 1.60e-08 [0.00059422]
0.310 1.60e-08 [0.00051962]
0.330 1.60e-08 [0.00048031]
0.350 1.60e-08 [0.00042065]
0.370 1.60e-08 [0.00035778]
0.390 1.60e-08 [0.00029071]
0.410 1.60e-08 [0.00022463]
0.430 1.60e-08 [0.00016213]
0.450 1.60e-08 [0.00010656]
0.470 1.60e-08 [6.16414888e-05]
0.490 1.60e-08 [2.86312403e-05]
0.510 1.60e-08 [1.01708008e-05]
0.530 1.60e-08 [2.44001421e-06]
0.220 3.20e-08 [0.00721461]
0.250 3.20e-08 [0.00880968]
0.270 3.20e-08 [0.00892774]
0.290 3.20e-08 [0.00936238]
0.310 3.20e-08 [0.00819165]
0.330 3.20e-08 [0.00757161]
0.350 3.20e-08 [0.0066243]
0.370 3.20e-08 [0.00563044]
0.390 3.20e-08 [0.00456075]
0.410 3.20e-08 [0.00352547]
0.430 3.20e-08 [0.00253986]
0.450 3.20e-08 [0.00166852]
0.470 3.20e-08 [0.00096302]
0.490 3.20e-08 [0.00044673]
0.510 3.20e-08 [0.00015863]
0.530 3.20e-08 [3.79765392e-05]
0.220 6.30e-08 [0.10929729]
0.250 6.30e-08 [0.13242139]
0.270 6.30e-08 [0.13362925]
0.290 6.30e-08 [0.13935157]
0.310 6.30e-08 [0.12170098]
0.330 6.30e-08 [0.11206699]
0.350 6.30e-08 [0.09766928]
0.370 6.30e-08 [0.08265864]
0.390 6.30e-08 [0.06670066]
0.410 6.30e-08 [0.05132096]
0.430 6.30e-08 [0.03682105]
0.450 6.30e-08 [0.02408477]
0.470 6.30e-08 [0.01383004]
0.490 6.30e-08 [0.00638177]
0.510 6.30e-08 [0.00225354]
0.530 6.30e-08 [0.0005358]
0.220 1.26e-07 [1.61777786]
0.250 1.26e-07 [1.90376217]
0.270 1.26e-07 [1.89526939]
0.290 1.26e-07 [1.93144166]
0.310 1.26e-07 [1.67887527]
0.330 1.26e-07 [1.5224508]
0.350 1.26e-07 [1.31139668]
0.370 1.26e-07 [1.09378707]
0.390 1.26e-07 [0.8693961]
0.410 1.26e-07 [0.65938485]
0.430 1.26e-07 [0.46598735]
0.450 1.26e-07 [0.30025992]
0.470 1.26e-07 [0.16954291]
0.490 1.26e-07 [0.07687915]
0.510 1.26e-07 [0.02668319]
0.530 1.26e-07 [0.00620764]
0.220 2.51e-07 [19.63637388]
0.250 2.51e-07 [21.07454588]
0.270 2.51e-07 [20.1322589]
0.290 2.51e-07 [19.22785203]
0.310 2.51e-07 [16.51073576]
0.330 2.51e-07 [14.36504804]
0.350 2.51e-07 [11.99850885]
0.370 2.51e-07 [9.65725486]
0.390 2.51e-07 [7.39602287]
0.410 2.51e-07 [5.42665272]
0.430 2.51e-07 [3.70665832]
0.450 2.51e-07 [2.31054173]
0.470 2.51e-07 [1.26094621]
0.490 2.51e-07 [0.55181433]
0.510 2.51e-07 [0.18545504]
0.530 2.51e-07 [0.04145093]
0.220 5.01e-07 [148.46034941]
0.250 5.01e-07 [134.75026234]
0.270 5.01e-07 [120.02307263]
0.290 5.01e-07 [104.617627]
0.310 5.01e-07 [88.15007259]
0.330 5.01e-07 [72.54994496]
0.350 5.01e-07 [57.93062494]
0.370 5.01e-07 [44.57049811]
0.390 5.01e-07 [32.75780869]
0.410 5.01e-07 [23.03702459]
0.430 5.01e-07 [15.14715162]
0.450 5.01e-07 [9.10818332]
0.470 5.01e-07 [4.78966727]
0.490 5.01e-07 [2.01412856]
0.510 5.01e-07 [0.65364927]
0.530 5.01e-07 [0.13998695]
0.220 1.00e-06 [599.55517205]
0.250 1.00e-06 [455.8989149]
0.270 1.00e-06 [373.89577459]
0.290 1.00e-06 [291.27210241]
0.310 1.00e-06 [239.79583324]
0.330 1.00e-06 [183.54352683]
0.350 1.00e-06 [138.12967173]
0.370 1.00e-06 [100.12515431]
0.390 1.00e-06 [70.34874545]
0.410 1.00e-06 [46.33513142]
0.430 1.00e-06 [28.84856732]
0.450 1.00e-06 [16.4392602]
0.470 1.00e-06 [8.21569029]
0.490 1.00e-06 [3.24280816]
0.510 1.00e-06 [0.99635708]
0.530 1.00e-06 [0.19994686]
0.220 1.99e-06 [1217.0382508]
0.250 1.99e-06 [696.4516038]
0.270 1.99e-06 [504.29613708]
0.290 1.99e-06 [320.16832024]
0.310 1.99e-06 [255.18603936]
0.330 1.99e-06 [173.41511972]
0.350 1.99e-06 [118.40461213]
0.370 1.99e-06 [76.56381128]
0.390 1.99e-06 [48.46675534]
0.410 1.99e-06 [28.47227619]
0.430 1.99e-06 [15.88982505]
0.450 1.99e-06 [8.13856705]
0.470 1.99e-06 [3.67569773]
0.490 1.99e-06 [1.30871007]
0.510 1.99e-06 [0.36153737]
0.530 1.99e-06 [0.06424898]
0.220 3.98e-06 [874.18804977]
0.250 3.98e-06 [294.35929372]
0.270 3.98e-06 [174.43230359]
0.290 3.98e-06 [72.45039635]
0.310 3.98e-06 [50.49973199]
0.330 3.98e-06 [29.44253611]
0.350 3.98e-06 [16.03155878]
0.370 3.98e-06 [7.58546976]
0.390 3.98e-06 [3.93402706]
0.410 3.98e-06 [1.77049246]
0.430 3.98e-06 [0.58028805]
0.450 3.98e-06 [0.21026811]
0.470 3.98e-06 [0.07759128]
0.490 3.98e-06 [0.02124564]
0.510 3.98e-06 [0.00402976]
0.530 3.98e-06 [0.00044494]
0.220 7.94e-06 [81.30209765]
0.250 7.94e-06 [10.40960726]
0.270 7.94e-06 [1.95057066]
0.290 7.94e-06 [0.5589537]
0.310 7.94e-06 [0.]
0.330 7.94e-06 [0.]
0.350 7.94e-06 [0.]
0.370 7.94e-06 [0.]
0.390 7.94e-06 [0.]
0.410 7.94e-06 [0.]
0.430 7.94e-06 [0.]
0.450 7.94e-06 [0.]
0.470 7.94e-06 [0.]
0.490 7.94e-06 [0.]
0.510 7.94e-06 [0.]
0.530 7.94e-06 [0.]
0.220 1.58e-05 [0.]
0.250 1.58e-05 [0.]
0.270 1.58e-05 [0.]
0.290 1.58e-05 [0.]
0.310 1.58e-05 [0.]
0.330 1.58e-05 [0.]
0.350 1.58e-05 [0.]
0.370 1.58e-05 [0.]
0.390 1.58e-05 [0.]
0.410 1.58e-05 [0.]
0.430 1.58e-05 [0.]
0.450 1.58e-05 [0.]
0.470 1.58e-05 [0.]
0.490 1.58e-05 [0.]
0.510 1.58e-05 [0.]
0.530 1.58e-05 [0.]
0.220 3.16e-05 [0.]
0.250 3.16e-05 [0.]
0.270 3.16e-05 [0.]
0.290 3.16e-05 [0.]
0.310 3.16e-05 [0.]
0.330 3.16e-05 [0.]
0.350 3.16e-05 [0.]
0.370 3.16e-05 [0.]
0.390 3.16e-05 [0.]
0.410 3.16e-05 [0.]
0.430 3.16e-05 [0.]
0.450 3.16e-05 [0.]
0.470 3.16e-05 [0.]
0.490 3.16e-05 [0.]
0.510 3.16e-05 [0.]
0.530 3.16e-05 [0.]
0.220 6.31e-05 [0.]
0.250 6.31e-05 [0.]
0.270 6.31e-05 [0.]
0.290 6.31e-05 [0.]
0.310 6.31e-05 [0.]
0.330 6.31e-05 [0.]
0.350 6.31e-05 [0.]
0.370 6.31e-05 [0.]
0.390 6.31e-05 [0.]
0.410 6.31e-05 [0.]
0.430 6.31e-05 [0.]
0.450 6.31e-05 [0.]
0.470 6.31e-05 [0.]
0.490 6.31e-05 [0.]
0.510 6.31e-05 [0.]
0.530 6.31e-05 [0.]
0.220 1.26e-04 [0.]
0.250 1.26e-04 [0.]
0.270 1.26e-04 [0.]
0.290 1.26e-04 [0.]
0.310 1.26e-04 [0.]
0.330 1.26e-04 [0.]
0.350 1.26e-04 [0.]
0.370 1.26e-04 [0.]
0.390 1.26e-04 [0.]
0.410 1.26e-04 [0.]
0.430 1.26e-04 [0.]
0.450 1.26e-04 [0.]
0.470 1.26e-04 [0.]
0.490 1.26e-04 [0.]
0.510 1.26e-04 [0.]
0.530 1.26e-04 [0.]
0.220 2.51e-04 [0.]
0.250 2.51e-04 [0.]
0.270 2.51e-04 [0.]
0.290 2.51e-04 [0.]
0.310 2.51e-04 [0.]
0.330 2.51e-04 [0.]
0.350 2.51e-04 [0.]
0.370 2.51e-04 [0.]
0.390 2.51e-04 [0.]
0.410 2.51e-04 [0.]
0.430 2.51e-04 [0.]
0.450 2.51e-04 [0.]
0.470 2.51e-04 [0.]
0.490 2.51e-04 [0.]
0.510 2.51e-04 [0.]
0.530 2.51e-04 [0.]
0.220 5.01e-04 [0.]
0.250 5.01e-04 [0.]
0.270 5.01e-04 [0.]
0.290 5.01e-04 [0.]
0.310 5.01e-04 [0.]
0.330 5.01e-04 [0.]
0.350 5.01e-04 [0.]
0.370 5.01e-04 [0.]
0.390 5.01e-04 [0.]
0.410 5.01e-04 [0.]
0.430 5.01e-04 [0.]
0.450 5.01e-04 [0.]
0.470 5.01e-04 [0.]
0.490 5.01e-04 [0.]
0.510 5.01e-04 [0.]
0.530 5.01e-04 [0.]
0.220 1.00e-03 [0.]
0.250 1.00e-03 [0.]
0.270 1.00e-03 [0.]
0.290 1.00e-03 [0.]
0.310 1.00e-03 [0.]
0.330 1.00e-03 [0.]
0.350 1.00e-03 [0.]
0.370 1.00e-03 [0.]
0.390 1.00e-03 [0.]
0.410 1.00e-03 [0.]
0.430 1.00e-03 [0.]
0.450 1.00e-03 [0.]
0.470 1.00e-03 [0.]
0.490 1.00e-03 [0.]
0.510 1.00e-03 [0.]
0.530 1.00e-03 [0.]
0.220 1.00e-09 [1.40069893e-08]
0.250 1.00e-09 [1.17852062e-08]
0.270 1.00e-09 [1.03055532e-08]
0.290 1.00e-09 [8.85944893e-09]
0.310 1.00e-09 [7.46237111e-09]
0.330 1.00e-09 [6.15154093e-09]
0.350 1.00e-09 [4.93443617e-09]
0.370 1.00e-09 [3.82902422e-09]
0.390 1.00e-09 [5.70641997e-09]
0.410 1.00e-09 [4.06234713e-09]
0.430 1.00e-09 [2.71222369e-09]
0.450 1.00e-09 [1.65843735e-09]
0.470 1.00e-09 [8.90155511e-10]
0.490 1.00e-09 [3.83016378e-10]
0.510 1.00e-09 [1.90702516e-10]
0.530 1.00e-09 [4.21118063e-11]
0.220 2.00e-09 [1.12055915e-07]
0.250 2.00e-09 [1.41422474e-07]
0.270 2.00e-09 [1.23666638e-07]
0.290 2.00e-09 [1.41751183e-07]
0.310 2.00e-09 [1.19397938e-07]
0.330 2.00e-09 [1.23030819e-07]
0.350 2.00e-09 [9.86887234e-08]
0.370 2.00e-09 [9.18965813e-08]
0.390 2.00e-09 [6.84770397e-08]
0.410 2.00e-09 [5.68728599e-08]
0.430 2.00e-09 [3.79711317e-08]
0.450 2.00e-09 [2.65349975e-08]
0.470 2.00e-09 [1.60227992e-08]
0.490 2.00e-09 [6.8942948e-09]
0.510 2.00e-09 [2.54270021e-09]
0.530 2.00e-09 [6.17639826e-10]
0.220 4.00e-09 [1.79289464e-06]
0.250 4.00e-09 [2.26275958e-06]
0.270 4.00e-09 [2.30844391e-06]
0.290 4.00e-09 [2.40977011e-06]
0.310 4.00e-09 [2.02976494e-06]
0.330 4.00e-09 [1.87006844e-06]
0.350 4.00e-09 [1.65797055e-06]
0.370 4.00e-09 [1.40908091e-06]
0.390 4.00e-09 [1.14128399e-06]
0.410 4.00e-09 [8.77466981e-07]
0.430 4.00e-09 [6.50933687e-07]
0.450 4.00e-09 [4.24559961e-07]
0.470 4.00e-09 [2.42122299e-07]
0.490 4.00e-09 [1.13372848e-07]
0.510 4.00e-09 [4.06832034e-08]
0.530 4.00e-09 [9.65764091e-09]
0.220 8.00e-09 [2.86863142e-05]
0.250 8.00e-09 [3.46956469e-05]
0.270 8.00e-09 [3.56159918e-05]
0.290 8.00e-09 [3.74223123e-05]
0.310 8.00e-09 [3.24762391e-05]
0.330 8.00e-09 [3.03147937e-05]
0.350 8.00e-09 [2.65275289e-05]
0.370 8.00e-09 [2.25452946e-05]
0.390 8.00e-09 [1.82605439e-05]
0.410 8.00e-09 [1.41694668e-05]
0.430 8.00e-09 [1.02413567e-05]
0.450 8.00e-09 [6.73988938e-06]
0.470 8.00e-09 [3.87395678e-06]
0.490 8.00e-09 [1.80170904e-06]
0.510 8.00e-09 [6.42794614e-07]
0.530 8.00e-09 [1.54522255e-07]
0.220 1.60e-08 [0.0004554]
0.250 1.60e-08 [0.00055815]
0.270 1.60e-08 [0.00056458]
0.290 1.60e-08 [0.00059422]
0.310 1.60e-08 [0.00051962]
0.330 1.60e-08 [0.00048031]
0.350 1.60e-08 [0.00042065]
0.370 1.60e-08 [0.00035778]
0.390 1.60e-08 [0.00029071]
0.410 1.60e-08 [0.00022463]
0.430 1.60e-08 [0.00016213]
0.450 1.60e-08 [0.00010656]
0.470 1.60e-08 [6.16414888e-05]
0.490 1.60e-08 [2.86312403e-05]
0.510 1.60e-08 [1.01708008e-05]
0.530 1.60e-08 [2.44001421e-06]
0.220 3.20e-08 [0.00721461]
0.250 3.20e-08 [0.00880968]
0.270 3.20e-08 [0.00892774]
0.290 3.20e-08 [0.00936238]
0.310 3.20e-08 [0.00819165]
0.330 3.20e-08 [0.00757161]
0.350 3.20e-08 [0.0066243]
0.370 3.20e-08 [0.00563044]
0.390 3.20e-08 [0.00456075]
0.410 3.20e-08 [0.00352547]
0.430 3.20e-08 [0.00253986]
0.450 3.20e-08 [0.00166852]
0.470 3.20e-08 [0.00096302]
0.490 3.20e-08 [0.00044673]
0.510 3.20e-08 [0.00015863]
0.530 3.20e-08 [3.79765392e-05]
0.220 6.30e-08 [0.10929729]
0.250 6.30e-08 [0.13242139]
0.270 6.30e-08 [0.13362925]
0.290 6.30e-08 [0.13935157]
0.310 6.30e-08 [0.12170098]
0.330 6.30e-08 [0.11206699]
0.350 6.30e-08 [0.09766928]
0.370 6.30e-08 [0.08265864]
0.390 6.30e-08 [0.06670066]
0.410 6.30e-08 [0.05132096]
0.430 6.30e-08 [0.03682105]
0.450 6.30e-08 [0.02408477]
0.470 6.30e-08 [0.01383004]
0.490 6.30e-08 [0.00638177]
0.510 6.30e-08 [0.00225354]
0.530 6.30e-08 [0.0005358]
0.220 1.26e-07 [1.61777786]
0.250 1.26e-07 [1.90376217]
0.270 1.26e-07 [1.89526939]
0.290 1.26e-07 [1.93144166]
0.310 1.26e-07 [1.67887527]
0.330 1.26e-07 [1.5224508]
0.350 1.26e-07 [1.31139668]
0.370 1.26e-07 [1.09378707]
0.390 1.26e-07 [0.8693961]
0.410 1.26e-07 [0.65938485]
0.430 1.26e-07 [0.46598735]
0.450 1.26e-07 [0.30025992]
0.470 1.26e-07 [0.16954291]
0.490 1.26e-07 [0.07687915]
0.510 1.26e-07 [0.02668319]
0.530 1.26e-07 [0.00620764]
0.220 2.51e-07 [19.63637388]
0.250 2.51e-07 [21.07454588]
0.270 2.51e-07 [20.1322589]
0.290 2.51e-07 [19.22785203]
0.310 2.51e-07 [16.51073576]
0.330 2.51e-07 [14.36504804]
0.350 2.51e-07 [11.99850885]
0.370 2.51e-07 [9.65725486]
0.390 2.51e-07 [7.39602287]
0.410 2.51e-07 [5.42665272]
0.430 2.51e-07 [3.70665832]
0.450 2.51e-07 [2.31054173]
0.470 2.51e-07 [1.26094621]
0.490 2.51e-07 [0.55181433]
0.510 2.51e-07 [0.18545504]
0.530 2.51e-07 [0.04145093]
0.220 5.01e-07 [148.46034941]
0.250 5.01e-07 [134.75026234]
0.270 5.01e-07 [120.02307263]
0.290 5.01e-07 [104.617627]
0.310 5.01e-07 [88.15007259]
0.330 5.01e-07 [72.54994496]
0.350 5.01e-07 [57.93062494]
0.370 5.01e-07 [44.57049811]
0.390 5.01e-07 [32.75780869]
0.410 5.01e-07 [23.03702459]
0.430 5.01e-07 [15.14715162]
0.450 5.01e-07 [9.10818332]
0.470 5.01e-07 [4.78966727]
0.490 5.01e-07 [2.01412856]
0.510 5.01e-07 [0.65364927]
0.530 5.01e-07 [0.13998695]
0.220 1.00e-06 [599.55517205]
0.250 1.00e-06 [455.8989149]
0.270 1.00e-06 [373.89577459]
0.290 1.00e-06 [291.27210241]
0.310 1.00e-06 [239.79583324]
0.330 1.00e-06 [183.54352683]
0.350 1.00e-06 [138.12967173]
0.370 1.00e-06 [100.12515431]
0.390 1.00e-06 [70.34874545]
0.410 1.00e-06 [46.33513142]
0.430 1.00e-06 [28.84856732]
0.450 1.00e-06 [16.4392602]
0.470 1.00e-06 [8.21569029]
0.490 1.00e-06 [3.24280816]
0.510 1.00e-06 [0.99635708]
0.530 1.00e-06 [0.19994686]
0.220 1.99e-06 [1217.0382508]
0.250 1.99e-06 [696.4516038]
0.270 1.99e-06 [504.29613708]
0.290 1.99e-06 [320.16832024]
0.310 1.99e-06 [255.18603936]
0.330 1.99e-06 [173.41511972]
0.350 1.99e-06 [118.40461213]
0.370 1.99e-06 [76.56381128]
0.390 1.99e-06 [48.46675534]
0.410 1.99e-06 [28.47227619]
0.430 1.99e-06 [15.88982505]
0.450 1.99e-06 [8.13856705]
0.470 1.99e-06 [3.67569773]
0.490 1.99e-06 [1.30871007]
0.510 1.99e-06 [0.36153737]
0.530 1.99e-06 [0.06424898]
0.220 3.98e-06 [874.18804977]
0.250 3.98e-06 [294.35929372]
0.270 3.98e-06 [174.43230359]
0.290 3.98e-06 [72.45039635]
0.310 3.98e-06 [50.49973199]
0.330 3.98e-06 [29.44253611]
0.350 3.98e-06 [16.03155878]
0.370 3.98e-06 [7.58546976]
0.390 3.98e-06 [3.93402706]
0.410 3.98e-06 [1.77049246]
0.430 3.98e-06 [0.58028805]
0.450 3.98e-06 [0.21026811]
0.470 3.98e-06 [0.07759128]
0.490 3.98e-06 [0.02124564]
0.510 3.98e-06 [0.00402976]
0.530 3.98e-06 [0.00044494]
0.220 7.94e-06 [81.30209765]
0.250 7.94e-06 [10.40960726]
0.270 7.94e-06 [1.95057066]
0.290 7.94e-06 [0.5589537]
0.310 7.94e-06 [0.]
0.330 7.94e-06 [0.]
0.350 7.94e-06 [0.]
0.370 7.94e-06 [0.]
0.390 7.94e-06 [0.]
0.410 7.94e-06 [0.]
0.430 7.94e-06 [0.]
0.450 7.94e-06 [0.]
0.470 7.94e-06 [0.]
0.490 7.94e-06 [0.]
0.510 7.94e-06 [0.]
0.530 7.94e-06 [0.]
0.220 1.58e-05 [0.]
0.250 1.58e-05 [0.]
0.270 1.58e-05 [0.]
0.290 1.58e-05 [0.]
0.310 1.58e-05 [0.]
0.330 1.58e-05 [0.]
0.350 1.58e-05 [0.]
0.370 1.58e-05 [0.]
0.390 1.58e-05 [0.]
0.410 1.58e-05 [0.]
0.430 1.58e-05 [0.]
0.450 1.58e-05 [0.]
0.470 1.58e-05 [0.]
0.490 1.58e-05 [0.]
0.510 1.58e-05 [0.]
0.530 1.58e-05 [0.]
0.220 3.16e-05 [0.]
0.250 3.16e-05 [0.]
0.270 3.16e-05 [0.]
0.290 3.16e-05 [0.]
0.310 3.16e-05 [0.]
0.330 3.16e-05 [0.]
0.350 3.16e-05 [0.]
0.370 3.16e-05 [0.]
0.390 3.16e-05 [0.]
0.410 3.16e-05 [0.]
0.430 3.16e-05 [0.]
0.450 3.16e-05 [0.]
0.470 3.16e-05 [0.]
0.490 3.16e-05 [0.]
0.510 3.16e-05 [0.]
0.530 3.16e-05 [0.]
0.220 6.31e-05 [0.]
0.250 6.31e-05 [0.]
0.270 6.31e-05 [0.]
0.290 6.31e-05 [0.]
0.310 6.31e-05 [0.]
0.330 6.31e-05 [0.]
0.350 6.31e-05 [0.]
0.370 6.31e-05 [0.]
0.390 6.31e-05 [0.]
0.410 6.31e-05 [0.]
0.430 6.31e-05 [0.]
0.450 6.31e-05 [0.]
0.470 6.31e-05 [0.]
0.490 6.31e-05 [0.]
0.510 6.31e-05 [0.]
0.530 6.31e-05 [0.]
0.220 1.26e-04 [0.]
0.250 1.26e-04 [0.]
0.270 1.26e-04 [0.]
0.290 1.26e-04 [0.]
0.310 1.26e-04 [0.]
0.330 1.26e-04 [0.]
0.350 1.26e-04 [0.]
0.370 1.26e-04 [0.]
0.390 1.26e-04 [0.]
0.410 1.26e-04 [0.]
0.430 1.26e-04 [0.]
0.450 1.26e-04 [0.]
0.470 1.26e-04 [0.]
0.490 1.26e-04 [0.]
0.510 1.26e-04 [0.]
0.530 1.26e-04 [0.]
0.220 2.51e-04 [0.]
0.250 2.51e-04 [0.]
0.270 2.51e-04 [0.]
0.290 2.51e-04 [0.]
0.310 2.51e-04 [0.]
0.330 2.51e-04 [0.]
0.350 2.51e-04 [0.]
0.370 2.51e-04 [0.]
0.390 2.51e-04 [0.]
0.410 2.51e-04 [0.]
0.430 2.51e-04 [0.]
0.450 2.51e-04 [0.]
0.470 2.51e-04 [0.]
0.490 2.51e-04 [0.]
0.510 2.51e-04 [0.]
0.530 2.51e-04 [0.]
0.220 5.01e-04 [0.]
0.250 5.01e-04 [0.]
0.270 5.01e-04 [0.]
0.290 5.01e-04 [0.]
0.310 5.01e-04 [0.]
0.330 5.01e-04 [0.]
0.350 5.01e-04 [0.]
0.370 5.01e-04 [0.]
0.390 5.01e-04 [0.]
0.410 5.01e-04 [0.]
0.430 5.01e-04 [0.]
0.450 5.01e-04 [0.]
0.470 5.01e-04 [0.]
0.490 5.01e-04 [0.]
0.510 5.01e-04 [0.]
0.530 5.01e-04 [0.]
0.220 1.00e-03 [0.]
0.250 1.00e-03 [0.]
0.270 1.00e-03 [0.]
0.290 1.00e-03 [0.]
0.310 1.00e-03 [0.]
0.330 1.00e-03 [0.]
0.350 1.00e-03 [0.]
0.370 1.00e-03 [0.]
0.390 1.00e-03 [0.]
0.410 1.00e-03 [0.]
0.430 1.00e-03 [0.]
0.450 1.00e-03 [0.]
0.470 1.00e-03 [0.]
0.490 1.00e-03 [0.]
0.510 1.00e-03 [0.]
0.530 1.00e-03 [0.]
0.220 1.00e-09 [1.40069893e-08]
0.250 1.00e-09 [1.17852062e-08]
0.270 1.00e-09 [1.03055532e-08]
0.290 1.00e-09 [8.85944893e-09]
0.310 1.00e-09 [7.46237111e-09]
0.330 1.00e-09 [6.15154093e-09]
0.350 1.00e-09 [4.93443617e-09]
0.370 1.00e-09 [3.82902422e-09]
0.390 1.00e-09 [5.70641997e-09]
0.410 1.00e-09 [4.06234713e-09]
0.430 1.00e-09 [2.71222369e-09]
0.450 1.00e-09 [1.65843735e-09]
0.470 1.00e-09 [8.90155511e-10]
0.490 1.00e-09 [3.83016378e-10]
0.510 1.00e-09 [1.90702516e-10]
0.530 1.00e-09 [4.21118063e-11]
0.220 2.00e-09 [1.12055915e-07]
0.250 2.00e-09 [1.41422474e-07]
0.270 2.00e-09 [1.23666638e-07]
0.290 2.00e-09 [1.41751183e-07]
0.310 2.00e-09 [1.19397938e-07]
0.330 2.00e-09 [1.23030819e-07]
0.350 2.00e-09 [9.86887234e-08]
0.370 2.00e-09 [9.18965813e-08]
0.390 2.00e-09 [6.84770397e-08]
0.410 2.00e-09 [5.68728599e-08]
0.430 2.00e-09 [3.79711317e-08]
0.450 2.00e-09 [2.65349975e-08]
0.470 2.00e-09 [1.60227992e-08]
0.490 2.00e-09 [6.8942948e-09]
0.510 2.00e-09 [2.54270021e-09]
0.530 2.00e-09 [6.17639826e-10]
0.220 4.00e-09 [1.79289464e-06]
0.250 4.00e-09 [2.26275958e-06]
0.270 4.00e-09 [2.30844391e-06]
0.290 4.00e-09 [2.40977011e-06]
0.310 4.00e-09 [2.02976494e-06]
0.330 4.00e-09 [1.87006844e-06]
0.350 4.00e-09 [1.65797055e-06]
0.370 4.00e-09 [1.40908091e-06]
0.390 4.00e-09 [1.14128399e-06]
0.410 4.00e-09 [8.77466981e-07]
0.430 4.00e-09 [6.50933687e-07]
0.450 4.00e-09 [4.24559961e-07]
0.470 4.00e-09 [2.42122299e-07]
0.490 4.00e-09 [1.13372848e-07]
0.510 4.00e-09 [4.06832034e-08]
0.530 4.00e-09 [9.65764091e-09]
0.220 8.00e-09 [2.86863142e-05]
0.250 8.00e-09 [3.46956469e-05]
0.270 8.00e-09 [3.56159918e-05]
0.290 8.00e-09 [3.74223123e-05]
0.310 8.00e-09 [3.24762391e-05]
0.330 8.00e-09 [3.03147937e-05]
0.350 8.00e-09 [2.65275289e-05]
0.370 8.00e-09 [2.25452946e-05]
0.390 8.00e-09 [1.82605439e-05]
0.410 8.00e-09 [1.41694668e-05]
0.430 8.00e-09 [1.02413567e-05]
0.450 8.00e-09 [6.73988938e-06]
0.470 8.00e-09 [3.87395678e-06]
0.490 8.00e-09 [1.80170904e-06]
0.510 8.00e-09 [6.42794614e-07]
0.530 8.00e-09 [1.54522255e-07]
0.220 1.60e-08 [0.0004554]
0.250 1.60e-08 [0.00055815]
0.270 1.60e-08 [0.00056458]
0.290 1.60e-08 [0.00059422]
0.310 1.60e-08 [0.00051962]
0.330 1.60e-08 [0.00048031]
0.350 1.60e-08 [0.00042065]
0.370 1.60e-08 [0.00035778]
0.390 1.60e-08 [0.00029071]
0.410 1.60e-08 [0.00022463]
0.430 1.60e-08 [0.00016213]
0.450 1.60e-08 [0.00010656]
0.470 1.60e-08 [6.16414888e-05]
0.490 1.60e-08 [2.86312403e-05]
0.510 1.60e-08 [1.01708008e-05]
0.530 1.60e-08 [2.44001421e-06]
0.220 3.20e-08 [0.00721461]
0.250 3.20e-08 [0.00880968]
0.270 3.20e-08 [0.00892774]
0.290 3.20e-08 [0.00936238]
0.310 3.20e-08 [0.00819165]
0.330 3.20e-08 [0.00757161]
0.350 3.20e-08 [0.0066243]
0.370 3.20e-08 [0.00563044]
0.390 3.20e-08 [0.00456075]
0.410 3.20e-08 [0.00352547]
0.430 3.20e-08 [0.00253986]
0.450 3.20e-08 [0.00166852]
0.470 3.20e-08 [0.00096302]
0.490 3.20e-08 [0.00044673]
0.510 3.20e-08 [0.00015863]
0.530 3.20e-08 [3.79765392e-05]
0.220 6.30e-08 [0.10929729]
0.250 6.30e-08 [0.13242139]
0.270 6.30e-08 [0.13362925]
0.290 6.30e-08 [0.13935157]
0.310 6.30e-08 [0.12170098]
0.330 6.30e-08 [0.11206699]
0.350 6.30e-08 [0.09766928]
0.370 6.30e-08 [0.08265864]
0.390 6.30e-08 [0.06670066]
0.410 6.30e-08 [0.05132096]
0.430 6.30e-08 [0.03682105]
0.450 6.30e-08 [0.02408477]
0.470 6.30e-08 [0.01383004]
0.490 6.30e-08 [0.00638177]
0.510 6.30e-08 [0.00225354]
0.530 6.30e-08 [0.0005358]
0.220 1.26e-07 [1.61777786]
0.250 1.26e-07 [1.90376217]
0.270 1.26e-07 [1.89526939]
0.290 1.26e-07 [1.93144166]
0.310 1.26e-07 [1.67887527]
0.330 1.26e-07 [1.5224508]
0.350 1.26e-07 [1.31139668]
0.370 1.26e-07 [1.09378707]
0.390 1.26e-07 [0.8693961]
0.410 1.26e-07 [0.65938485]
0.430 1.26e-07 [0.46598735]
0.450 1.26e-07 [0.30025992]
0.470 1.26e-07 [0.16954291]
0.490 1.26e-07 [0.07687915]
0.510 1.26e-07 [0.02668319]
0.530 1.26e-07 [0.00620764]
0.220 2.51e-07 [19.63637388]
0.250 2.51e-07 [21.07454588]
0.270 2.51e-07 [20.1322589]
0.290 2.51e-07 [19.22785203]
0.310 2.51e-07 [16.51073576]
0.330 2.51e-07 [14.36504804]
0.350 2.51e-07 [11.99850885]
0.370 2.51e-07 [9.65725486]
0.390 2.51e-07 [7.39602287]
0.410 2.51e-07 [5.42665272]
0.430 2.51e-07 [3.70665832]
0.450 2.51e-07 [2.31054173]
0.470 2.51e-07 [1.26094621]
0.490 2.51e-07 [0.55181433]
0.510 2.51e-07 [0.18545504]
0.530 2.51e-07 [0.04145093]
0.220 5.01e-07 [148.46034941]
0.250 5.01e-07 [134.75026234]
0.270 5.01e-07 [120.02307263]
0.290 5.01e-07 [104.617627]
0.310 5.01e-07 [88.15007259]
0.330 5.01e-07 [72.54994496]
0.350 5.01e-07 [57.93062494]
0.370 5.01e-07 [44.57049811]
0.390 5.01e-07 [32.75780869]
0.410 5.01e-07 [23.03702459]
0.430 5.01e-07 [15.14715162]
0.450 5.01e-07 [9.10818332]
0.470 5.01e-07 [4.78966727]
0.490 5.01e-07 [2.01412856]
0.510 5.01e-07 [0.65364927]
0.530 5.01e-07 [0.13998695]
0.220 1.00e-06 [599.55517205]
0.250 1.00e-06 [455.8989149]
0.270 1.00e-06 [373.89577459]
0.290 1.00e-06 [291.27210241]
0.310 1.00e-06 [239.79583324]
0.330 1.00e-06 [183.54352683]
0.350 1.00e-06 [138.12967173]
0.370 1.00e-06 [100.12515431]
0.390 1.00e-06 [70.34874545]
0.410 1.00e-06 [46.33513142]
0.430 1.00e-06 [28.84856732]
0.450 1.00e-06 [16.4392602]
0.470 1.00e-06 [8.21569029]
0.490 1.00e-06 [3.24280816]
0.510 1.00e-06 [0.99635708]
0.530 1.00e-06 [0.19994686]
0.220 1.99e-06 [1217.0382508]
0.250 1.99e-06 [696.4516038]
0.270 1.99e-06 [504.29613708]
0.290 1.99e-06 [320.16832024]
0.310 1.99e-06 [255.18603936]
0.330 1.99e-06 [173.41511972]
0.350 1.99e-06 [118.40461213]
0.370 1.99e-06 [76.56381128]
0.390 1.99e-06 [48.46675534]
0.410 1.99e-06 [28.47227619]
0.430 1.99e-06 [15.88982505]
0.450 1.99e-06 [8.13856705]
0.470 1.99e-06 [3.67569773]
0.490 1.99e-06 [1.30871007]
0.510 1.99e-06 [0.36153737]
0.530 1.99e-06 [0.06424898]
0.220 3.98e-06 [874.18804977]
0.250 3.98e-06 [294.35929372]
0.270 3.98e-06 [174.43230359]
0.290 3.98e-06 [72.45039635]
0.310 3.98e-06 [50.49973199]
0.330 3.98e-06 [29.44253611]
0.350 3.98e-06 [16.03155878]
0.370 3.98e-06 [7.58546976]
0.390 3.98e-06 [3.93402706]
0.410 3.98e-06 [1.77049246]
0.430 3.98e-06 [0.58028805]
0.450 3.98e-06 [0.21026811]
0.470 3.98e-06 [0.07759128]
0.490 3.98e-06 [0.02124564]
0.510 3.98e-06 [0.00402976]
0.530 3.98e-06 [0.00044494]
0.220 7.94e-06 [81.30209765]
0.250 7.94e-06 [10.40960726]
0.270 7.94e-06 [1.95057066]
0.290 7.94e-06 [0.5589537]
0.310 7.94e-06 [0.]
0.330 7.94e-06 [0.]
0.350 7.94e-06 [0.]
0.370 7.94e-06 [0.]
0.390 7.94e-06 [0.]
0.410 7.94e-06 [0.]
0.430 7.94e-06 [0.]
0.450 7.94e-06 [0.]
0.470 7.94e-06 [0.]
0.490 7.94e-06 [0.]
0.510 7.94e-06 [0.]
0.530 7.94e-06 [0.]
0.220 1.58e-05 [0.]
0.250 1.58e-05 [0.]
0.270 1.58e-05 [0.]
0.290 1.58e-05 [0.]
0.310 1.58e-05 [0.]
0.330 1.58e-05 [0.]
0.350 1.58e-05 [0.]
0.370 1.58e-05 [0.]
0.390 1.58e-05 [0.]
0.410 1.58e-05 [0.]
0.430 1.58e-05 [0.]
0.450 1.58e-05 [0.]
0.470 1.58e-05 [0.]
0.490 1.58e-05 [0.]
0.510 1.58e-05 [0.]
0.530 1.58e-05 [0.]
0.220 3.16e-05 [0.]
0.250 3.16e-05 [0.]
0.270 3.16e-05 [0.]
0.290 3.16e-05 [0.]
0.310 3.16e-05 [0.]
0.330 3.16e-05 [0.]
0.350 3.16e-05 [0.]
0.370 3.16e-05 [0.]
0.390 3.16e-05 [0.]
0.410 3.16e-05 [0.]
0.430 3.16e-05 [0.]
0.450 3.16e-05 [0.]
0.470 3.16e-05 [0.]
0.490 3.16e-05 [0.]
0.510 3.16e-05 [0.]
0.530 3.16e-05 [0.]
0.220 6.31e-05 [0.]
0.250 6.31e-05 [0.]
0.270 6.31e-05 [0.]
0.290 6.31e-05 [0.]
0.310 6.31e-05 [0.]
0.330 6.31e-05 [0.]
0.350 6.31e-05 [0.]
0.370 6.31e-05 [0.]
0.390 6.31e-05 [0.]
0.410 6.31e-05 [0.]
0.430 6.31e-05 [0.]
0.450 6.31e-05 [0.]
0.470 6.31e-05 [0.]
0.490 6.31e-05 [0.]
0.510 6.31e-05 [0.]
0.530 6.31e-05 [0.]
0.220 1.26e-04 [0.]
0.250 1.26e-04 [0.]
0.270 1.26e-04 [0.]
0.290 1.26e-04 [0.]
0.310 1.26e-04 [0.]
0.330 1.26e-04 [0.]
0.350 1.26e-04 [0.]
0.370 1.26e-04 [0.]
0.390 1.26e-04 [0.]
0.410 1.26e-04 [0.]
0.430 1.26e-04 [0.]
0.450 1.26e-04 [0.]
0.470 1.26e-04 [0.]
0.490 1.26e-04 [0.]
0.510 1.26e-04 [0.]
0.530 1.26e-04 [0.]
0.220 2.51e-04 [0.]
0.250 2.51e-04 [0.]
0.270 2.51e-04 [0.]
0.290 2.51e-04 [0.]
0.310 2.51e-04 [0.]
0.330 2.51e-04 [0.]
0.350 2.51e-04 [0.]
0.370 2.51e-04 [0.]
0.390 2.51e-04 [0.]
0.410 2.51e-04 [0.]
0.430 2.51e-04 [0.]
0.450 2.51e-04 [0.]
0.470 2.51e-04 [0.]
0.490 2.51e-04 [0.]
0.510 2.51e-04 [0.]
0.530 2.51e-04 [0.]
0.220 5.01e-04 [0.]
0.250 5.01e-04 [0.]
0.270 5.01e-04 [0.]
0.290 5.01e-04 [0.]
0.310 5.01e-04 [0.]
0.330 5.01e-04 [0.]
0.350 5.01e-04 [0.]
0.370 5.01e-04 [0.]
0.390 5.01e-04 [0.]
0.410 5.01e-04 [0.]
0.430 5.01e-04 [0.]
0.450 5.01e-04 [0.]
0.470 5.01e-04 [0.]
0.490 5.01e-04 [0.]
0.510 5.01e-04 [0.]
0.530 5.01e-04 [0.]
0.220 1.00e-03 [0.]
0.250 1.00e-03 [0.]
0.270 1.00e-03 [0.]
0.290 1.00e-03 [0.]
0.310 1.00e-03 [0.]
0.330 1.00e-03 [0.]
0.350 1.00e-03 [0.]
0.370 1.00e-03 [0.]
0.390 1.00e-03 [0.]
0.410 1.00e-03 [0.]
0.430 1.00e-03 [0.]
0.450 1.00e-03 [0.]
0.470 1.00e-03 [0.]
0.490 1.00e-03 [0.]
0.510 1.00e-03 [0.]
0.530 1.00e-03 [0.]
