0.250 1.00e-03 [0.]
0.350 1.00e-03 [0.]
0.450 1.00e-03 [0.]
0.550 1.00e-03 [0.]
0.650 1.00e-03 [0.]
0.750 1.00e-03 [0.]
0.850 1.00e-03 [0.]
0.950 1.00e-03 [0.]
1.050 1.00e-03 [0.]
1.150 1.00e-03 [0.]
1.250 1.00e-03 [0.]
1.350 1.00e-03 [0.]
1.450 1.00e-03 [0.]
1.550 1.00e-03 [0.]
1.650 1.00e-03 [0.]
1.750 1.00e-03 [0.]
1.850 1.00e-03 [0.]
1.950 1.00e-03 [0.]
2.050 1.00e-03 [0.]
2.150 1.00e-03 [0.]
2.250 1.00e-03 [0.]
2.350 1.00e-03 [0.]
2.450 1.00e-03 [0.]
2.550 1.00e-03 [0.]
2.650 1.00e-03 [0.]
2.750 1.00e-03 [0.]
2.850 1.00e-03 [0.]
2.950 1.00e-03 [0.]
3.050 1.00e-03 [0.]
0.250 5.01e-04 [0.]
0.350 5.01e-04 [0.]
0.450 5.01e-04 [0.]
0.550 5.01e-04 [0.]
0.650 5.01e-04 [0.]
0.750 5.01e-04 [0.]
0.850 5.01e-04 [0.]
0.950 5.01e-04 [0.]
1.050 5.01e-04 [0.]
1.150 5.01e-04 [0.]
1.250 5.01e-04 [0.]
1.350 5.01e-04 [0.]
1.450 5.01e-04 [0.]
1.550 5.01e-04 [0.]
1.650 5.01e-04 [0.]
1.750 5.01e-04 [0.]
1.850 5.01e-04 [0.]
1.950 5.01e-04 [0.]
2.050 5.01e-04 [0.]
2.150 5.01e-04 [0.]
2.250 5.01e-04 [0.]
2.350 5.01e-04 [0.]
2.450 5.01e-04 [0.]
2.550 5.01e-04 [0.]
2.650 5.01e-04 [0.]
2.750 5.01e-04 [0.]
2.850 5.01e-04 [0.]
2.950 5.01e-04 [0.]
3.050 5.01e-04 [0.]
0.250 2.51e-04 [0.]
0.350 2.51e-04 [0.]
0.450 2.51e-04 [0.]
0.550 2.51e-04 [0.]
0.650 2.51e-04 [0.]
0.750 2.51e-04 [0.]
0.850 2.51e-04 [0.]
0.950 2.51e-04 [0.]
1.050 2.51e-04 [0.]
1.150 2.51e-04 [0.]
1.250 2.51e-04 [0.]
1.350 2.51e-04 [0.]
1.450 2.51e-04 [0.]
1.550 2.51e-04 [0.]
1.650 2.51e-04 [0.]
1.750 2.51e-04 [0.]
1.850 2.51e-04 [0.]
1.950 2.51e-04 [0.]
2.050 2.51e-04 [0.]
2.150 2.51e-04 [0.]
2.250 2.51e-04 [0.]
2.350 2.51e-04 [0.]
2.450 2.51e-04 [0.]
2.550 2.51e-04 [0.]
2.650 2.51e-04 [0.]
2.750 2.51e-04 [0.]
2.850 2.51e-04 [0.]
2.950 2.51e-04 [0.]
3.050 2.51e-04 [0.]
0.250 1.26e-04 [0.]
0.350 1.26e-04 [0.]
0.450 1.26e-04 [0.]
0.550 1.26e-04 [0.]
0.650 1.26e-04 [0.]
0.750 1.26e-04 [0.]
0.850 1.26e-04 [0.]
0.950 1.26e-04 [0.]
1.050 1.26e-04 [0.]
1.150 1.26e-04 [0.]
1.250 1.26e-04 [0.]
1.350 1.26e-04 [0.]
1.450 1.26e-04 [0.]
1.550 1.26e-04 [0.]
1.650 1.26e-04 [0.]
1.750 1.26e-04 [0.]
1.850 1.26e-04 [0.]
1.950 1.26e-04 [0.]
2.050 1.26e-04 [0.]
2.150 1.26e-04 [0.]
2.250 1.26e-04 [0.]
2.350 1.26e-04 [0.]
2.450 1.26e-04 [0.]
2.550 1.26e-04 [0.]
2.650 1.26e-04 [0.]
2.750 1.26e-04 [0.]
2.850 1.26e-04 [0.]
2.950 1.26e-04 [0.]
3.050 1.26e-04 [0.]
0.250 6.31e-05 [0.]
0.350 6.31e-05 [0.]
0.450 6.31e-05 [0.]
0.550 6.31e-05 [0.]
0.650 6.31e-05 [0.]
0.750 6.31e-05 [0.]
0.850 6.31e-05 [0.]
0.950 6.31e-05 [0.]
1.050 6.31e-05 [0.]
1.150 6.31e-05 [0.]
1.250 6.31e-05 [0.]
1.350 6.31e-05 [0.]
1.450 6.31e-05 [0.]
1.550 6.31e-05 [0.]
1.650 6.31e-05 [0.]
1.750 6.31e-05 [0.]
1.850 6.31e-05 [0.]
1.950 6.31e-05 [0.]
2.050 6.31e-05 [0.]
2.150 6.31e-05 [0.]
2.250 6.31e-05 [0.]
2.350 6.31e-05 [0.]
2.450 6.31e-05 [0.]
2.550 6.31e-05 [0.]
2.650 6.31e-05 [0.]
2.750 6.31e-05 [0.]
2.850 6.31e-05 [0.]
2.950 6.31e-05 [0.]
3.050 6.31e-05 [0.]
0.250 3.16e-05 [0.]
0.350 3.16e-05 [0.]
0.450 3.16e-05 [0.]
0.550 3.16e-05 [0.]
0.650 3.16e-05 [0.]
0.750 3.16e-05 [0.]
0.850 3.16e-05 [0.]
0.950 3.16e-05 [0.]
1.050 3.16e-05 [0.]
1.150 3.16e-05 [0.]
1.250 3.16e-05 [0.]
1.350 3.16e-05 [0.]
1.450 3.16e-05 [0.]
1.550 3.16e-05 [0.]
1.650 3.16e-05 [0.]
1.750 3.16e-05 [0.]
1.850 3.16e-05 [0.]
1.950 3.16e-05 [0.]
2.050 3.16e-05 [0.]
2.150 3.16e-05 [0.]
2.250 3.16e-05 [0.]
2.350 3.16e-05 [0.]
2.450 3.16e-05 [0.]
2.550 3.16e-05 [0.]
2.650 3.16e-05 [0.]
2.750 3.16e-05 [0.]
2.850 3.16e-05 [0.]
2.950 3.16e-05 [0.]
3.050 3.16e-05 [0.]
0.250 1.58e-05 [0.]
0.350 1.58e-05 [0.]
0.450 1.58e-05 [0.]
0.550 1.58e-05 [0.]
0.650 1.58e-05 [0.]
0.750 1.58e-05 [0.]
0.850 1.58e-05 [0.]
0.950 1.58e-05 [0.]
1.050 1.58e-05 [0.]
1.150 1.58e-05 [0.]
1.250 1.58e-05 [0.]
1.350 1.58e-05 [0.]
1.450 1.58e-05 [0.]
1.550 1.58e-05 [0.]
1.650 1.58e-05 [0.]
1.750 1.58e-05 [0.]
1.850 1.58e-05 [0.]
1.950 1.58e-05 [0.]
2.050 1.58e-05 [0.]
2.150 1.58e-05 [0.]
2.250 1.58e-05 [0.]
2.350 1.58e-05 [0.]
2.450 1.58e-05 [0.]
2.550 1.58e-05 [0.]
2.650 1.58e-05 [0.]
2.750 1.58e-05 [0.]
2.850 1.58e-05 [0.]
2.950 1.58e-05 [0.]
3.050 1.58e-05 [0.]
0.250 7.94e-06 [44.17837433]
0.350 7.94e-06 [0.27195882]
0.450 7.94e-06 [0.]
0.550 7.94e-06 [0.]
0.650 7.94e-06 [0.]
0.750 7.94e-06 [0.]
0.850 7.94e-06 [0.]
0.950 7.94e-06 [0.]
1.050 7.94e-06 [0.]
1.150 7.94e-06 [0.]
1.250 7.94e-06 [0.]
1.350 7.94e-06 [0.]
1.450 7.94e-06 [0.]
1.550 7.94e-06 [0.]
1.650 7.94e-06 [0.]
1.750 7.94e-06 [0.]
1.850 7.94e-06 [0.]
1.950 7.94e-06 [0.]
2.050 7.94e-06 [0.]
2.150 7.94e-06 [0.]
2.250 7.94e-06 [0.]
2.350 7.94e-06 [0.]
2.450 7.94e-06 [0.]
2.550 7.94e-06 [0.]
2.650 7.94e-06 [0.]
2.750 7.94e-06 [0.]
2.850 7.94e-06 [0.]
2.950 7.94e-06 [0.]
3.050 7.94e-06 [0.]
0.250 3.98e-06 [302.96443925]
0.350 3.98e-06 [70.53561078]
0.450 3.98e-06 [14.03587972]
0.550 3.98e-06 [0.90258914]
0.650 3.98e-06 [0.]
0.750 3.98e-06 [0.]
0.850 3.98e-06 [0.]
0.950 3.98e-06 [0.]
1.050 3.98e-06 [0.]
1.150 3.98e-06 [0.]
1.250 3.98e-06 [0.]
1.350 3.98e-06 [0.]
1.450 3.98e-06 [0.]
1.550 3.98e-06 [0.]
1.650 3.98e-06 [0.]
1.750 3.98e-06 [0.]
1.850 3.98e-06 [0.]
1.950 3.98e-06 [0.]
2.050 3.98e-06 [0.]
2.150 3.98e-06 [0.]
2.250 3.98e-06 [0.]
2.350 3.98e-06 [0.]
2.450 3.98e-06 [0.]
2.550 3.98e-06 [0.]
2.650 3.98e-06 [0.]
2.750 3.98e-06 [0.]
2.850 3.98e-06 [0.]
2.950 3.98e-06 [0.]
3.050 3.98e-06 [0.]
0.250 1.99e-06 [222.10360551]
0.350 1.99e-06 [173.52587165]
0.450 1.99e-06 [121.57727036]
0.550 1.99e-06 [80.70484954]
0.650 1.99e-06 [16.11982638]
0.750 1.99e-06 [0.]
0.850 1.99e-06 [0.80851776]
0.950 1.99e-06 [1.98030644]
1.050 1.99e-06 [0.19827523]
1.150 1.99e-06 [0.14017913]
1.250 1.99e-06 [0.01271976]
1.350 1.99e-06 [0.]
1.450 1.99e-06 [0.]
1.550 1.99e-06 [0.]
1.650 1.99e-06 [0.]
1.750 1.99e-06 [0.]
1.850 1.99e-06 [0.]
1.950 1.99e-06 [0.]
2.050 1.99e-06 [0.]
2.150 1.99e-06 [0.]
2.250 1.99e-06 [0.]
2.350 1.99e-06 [0.]
2.450 1.99e-06 [0.]
2.550 1.99e-06 [0.]
2.650 1.99e-06 [0.]
2.750 1.99e-06 [0.]
2.850 1.99e-06 [0.]
2.950 1.99e-06 [0.]
3.050 1.99e-06 [0.]
0.250 1.00e-06 [35.95136723]
0.350 1.00e-06 [65.1250663]
0.450 1.00e-06 [94.38089856]
0.550 1.00e-06 [130.96150487]
0.650 1.00e-06 [160.13623881]
0.750 1.00e-06 [1024.85971227]
0.850 1.00e-06 [129.01329888]
0.950 1.00e-06 [67.08702857]
1.050 1.00e-06 [22.40407422]
1.150 1.00e-06 [20.52484252]
1.250 1.00e-06 [8.19269052]
1.350 1.00e-06 [1.5622189]
1.450 1.00e-06 [0.13204327]
1.550 1.00e-06 [0.01349352]
1.650 1.00e-06 [0.0018294]
1.750 1.00e-06 [0.00023222]
1.850 1.00e-06 [0.00013122]
1.950 1.00e-06 [3.44764731e-05]
2.050 1.00e-06 [4.11203812e-06]
2.150 1.00e-06 [5.76240539e-07]
2.250 1.00e-06 [3.35403284e-07]
2.350 1.00e-06 [0.]
2.450 1.00e-06 [0.]
2.550 1.00e-06 [0.]
2.650 1.00e-06 [0.]
2.750 1.00e-06 [0.]
2.850 1.00e-06 [0.]
2.950 1.00e-06 [0.]
3.050 1.00e-06 [0.]
0.250 5.01e-07 [2.94719534]
0.350 5.01e-07 [7.32538087]
0.450 5.01e-07 [15.78526666]
0.550 5.01e-07 [38.01763359]
0.650 5.01e-07 [117.78977644]
0.750 5.01e-07 [4350.325138]
0.850 5.01e-07 [203.06921427]
0.950 5.01e-07 [69.23391689]
1.050 5.01e-07 [32.99666654]
1.150 5.01e-07 [27.05832204]
1.250 5.01e-07 [17.09232637]
1.350 5.01e-07 [5.63660206]
1.450 5.01e-07 [1.17900545]
1.550 5.01e-07 [0.25857029]
1.650 5.01e-07 [0.0731769]
1.750 5.01e-07 [0.02329812]
1.850 5.01e-07 [0.01129354]
1.950 5.01e-07 [0.00471382]
2.050 5.01e-07 [0.00162792]
2.150 5.01e-07 [0.00073027]
2.250 5.01e-07 [0.00040199]
2.350 5.01e-07 [0.00018019]
2.450 5.01e-07 [7.70083257e-05]
2.550 5.01e-07 [3.53734789e-05]
2.650 5.01e-07 [2.34790355e-05]
2.750 5.01e-07 [1.09496217e-05]
2.850 5.01e-07 [5.38059438e-06]
2.950 5.01e-07 [2.50727221e-06]
3.050 5.01e-07 [8.90614604e-07]
0.250 2.51e-07 [0.19879894]
0.350 2.51e-07 [0.53886236]
0.450 2.51e-07 [1.31273363]
0.550 2.51e-07 [3.86855415]
0.650 2.51e-07 [19.23824998]
0.750 2.51e-07 [2366.23978998]
0.850 2.51e-07 [59.17066008]
0.950 2.51e-07 [15.1312224]
1.050 2.51e-07 [9.66065453]
1.150 2.51e-07 [7.46880364]
1.250 2.51e-07 [5.84464026]
1.350 2.51e-07 [2.4797698]
1.450 2.51e-07 [0.74018518]
1.550 2.51e-07 [0.20487177]
1.650 2.51e-07 [0.07062725]
1.750 2.51e-07 [0.02705028]
1.850 2.51e-07 [0.0124141]
1.950 2.51e-07 [0.00612422]
2.050 2.51e-07 [0.0029175]
2.150 2.51e-07 [0.00158313]
2.250 2.51e-07 [0.00092253]
2.350 2.51e-07 [0.00050605]
2.450 2.51e-07 [0.00027585]
2.550 2.51e-07 [0.00016585]
2.650 2.51e-07 [0.00010912]
2.750 2.51e-07 [7.12696582e-05]
2.850 2.51e-07 [4.26112523e-05]
2.950 2.51e-07 [2.59187767e-05]
3.050 2.51e-07 [1.56251974e-05]
0.250 1.26e-07 [0.01279993]
0.350 1.26e-07 [0.03548329]
0.450 1.26e-07 [0.08927364]
0.550 1.26e-07 [0.27792255]
0.650 1.26e-07 [1.59713854]
0.750 1.26e-07 [334.11149428]
0.850 1.26e-07 [6.1962472]
0.950 1.26e-07 [1.40482106]
1.050 1.26e-07 [1.00910556]
1.150 1.26e-07 [0.77416156]
1.250 1.26e-07 [0.67139209]
1.350 1.26e-07 [0.32597662]
1.450 1.26e-07 [0.11905814]
1.550 1.26e-07 [0.0407681]
1.650 1.26e-07 [0.0162687]
1.750 1.26e-07 [0.00678865]
1.850 1.26e-07 [0.00302218]
1.950 1.26e-07 [0.00159887]
2.050 1.26e-07 [0.00092259]
2.150 1.26e-07 [0.00052556]
2.250 1.26e-07 [0.00030554]
2.350 1.26e-07 [0.00018694]
2.450 1.26e-07 [0.00011854]
2.550 1.26e-07 [7.53394347e-05]
2.650 1.26e-07 [4.77681543e-05]
2.750 1.26e-07 [3.24630645e-05]
2.850 1.26e-07 [2.22581075e-05]
2.950 1.26e-07 [1.48943936e-05]
3.050 1.26e-07 [1.05707153e-05]
0.250 6.30e-08 [0.00080618]
0.350 6.30e-08 [0.00224978]
0.450 6.30e-08 [0.005706]
0.550 6.30e-08 [0.01802945]
0.650 6.30e-08 [0.10757542]
0.750 6.30e-08 [26.19664155]
0.850 6.30e-08 [0.44540146]
0.950 6.30e-08 [0.09760699]
1.050 6.30e-08 [0.07243362]
1.150 6.30e-08 [0.05552317]
1.250 6.30e-08 [0.04964724]
1.350 6.30e-08 [0.02511502]
1.450 6.30e-08 [0.00980995]
1.550 6.30e-08 [0.00363887]
1.650 6.30e-08 [0.00154591]
1.750 6.30e-08 [0.00067536]
1.850 6.30e-08 [0.00029716]
1.950 6.30e-08 [0.00016319]
2.050 6.30e-08 [0.00010203]
2.150 6.30e-08 [6.01506958e-05]
2.250 6.30e-08 [3.52133159e-05]
2.350 6.30e-08 [2.32839353e-05]
2.450 6.30e-08 [1.5718702e-05]
2.550 6.30e-08 [1.02572308e-05]
2.650 6.30e-08 [6.80419418e-06]
2.750 6.30e-08 [4.77542468e-06]
2.850 6.30e-08 [3.49077853e-06]
2.950 6.30e-08 [2.55749997e-06]
3.050 6.30e-08 [1.78230726e-06]
0.250 3.20e-08 [5.19987462e-05]
0.350 3.20e-08 [0.00014566]
0.450 3.20e-08 [0.00037114]
0.550 3.20e-08 [0.00117748]
0.650 3.20e-08 [0.00709442]
0.750 3.20e-08 [1.79748619]
0.850 3.20e-08 [0.02986811]
0.950 3.20e-08 [0.00649238]
1.050 3.20e-08 [0.00485759]
1.150 3.20e-08 [0.00372156]
1.250 3.20e-08 [0.00335605]
1.350 3.20e-08 [0.00171563]
1.450 3.20e-08 [0.00068234]
1.550 3.20e-08 [0.0002587]
1.650 3.20e-08 [0.00011189]
1.750 3.20e-08 [4.95539844e-05]
1.850 3.20e-08 [2.17297004e-05]
1.950 3.20e-08 [1.2070014e-05]
2.050 3.20e-08 [7.71931535e-06]
2.150 3.20e-08 [4.60785907e-06]
2.250 3.20e-08 [2.70537899e-06]
2.350 3.20e-08 [1.83366632e-06]
2.450 3.20e-08 [1.25909133e-06]
2.550 3.20e-08 [8.30114376e-07]
2.650 3.20e-08 [5.62974649e-07]
2.750 3.20e-08 [3.99240748e-07]
2.850 3.20e-08 [2.97689638e-07]
2.950 3.20e-08 [2.25709609e-07]
3.050 3.20e-08 [1.55561661e-07]
0.250 1.60e-08 [3.19290547e-06]
0.350 1.60e-08 [9.10390946e-06]
0.450 1.60e-08 [2.32934411e-05]
0.550 1.60e-08 [7.42865509e-05]
0.650 1.60e-08 [0.00044821]
0.750 1.60e-08 [0.11457283]
0.850 1.60e-08 [0.00189384]
0.950 1.60e-08 [0.00040987]
1.050 1.60e-08 [0.0003075]
1.150 1.60e-08 [0.00023556]
1.250 1.60e-08 [0.00021313]
1.350 1.60e-08 [0.00010913]
1.450 1.60e-08 [4.3615291e-05]
1.550 1.60e-08 [1.66330857e-05]
1.650 1.60e-08 [7.22713831e-06]
1.750 1.60e-08 [3.21230413e-06]
1.850 1.60e-08 [1.40705569e-06]
1.950 1.60e-08 [7.84040966e-07]
2.050 1.60e-08 [5.04234563e-07]
2.150 1.60e-08 [3.02116e-07]
2.250 1.60e-08 [1.77565182e-07]
2.350 1.60e-08 [1.21092146e-07]
2.450 1.60e-08 [8.35384373e-08]
2.550 1.60e-08 [5.52193622e-08]
2.650 1.60e-08 [3.76882426e-08]
2.750 1.60e-08 [2.6804243e-08]
2.850 1.60e-08 [2.00875979e-08]
2.950 1.60e-08 [1.53761892e-08]
3.050 1.60e-08 [1.05655716e-08]
0.250 8.00e-09 [2.28064676e-07]
0.350 8.00e-09 [5.51752088e-07]
0.450 8.00e-09 [1.45584007e-06]
0.550 8.00e-09 [4.68630111e-06]
0.650 8.00e-09 [2.83738181e-05]
0.750 8.00e-09 [0.00722808]
0.850 8.00e-09 [0.00011918]
0.950 8.00e-09 [2.58534826e-05]
1.050 8.00e-09 [1.93070811e-05]
1.150 8.00e-09 [1.47926793e-05]
1.250 8.00e-09 [1.33972142e-05]
1.350 8.00e-09 [6.87246941e-06]
1.450 8.00e-09 [2.7474199e-06]
1.550 8.00e-09 [1.05226764e-06]
1.650 8.00e-09 [4.5768328e-07]
1.750 8.00e-09 [2.03290232e-07]
1.850 8.00e-09 [8.90207471e-08]
1.950 8.00e-09 [4.96461212e-08]
2.050 8.00e-09 [3.19752085e-08]
2.150 8.00e-09 [1.91772852e-08]
2.250 8.00e-09 [1.12695503e-08]
2.350 8.00e-09 [7.70046985e-09]
2.450 8.00e-09 [5.31463582e-09]
2.550 8.00e-09 [3.51760365e-09]
2.650 8.00e-09 [2.40445246e-09]
2.750 8.00e-09 [1.71232123e-09]
2.850 8.00e-09 [1.28449666e-09]
2.950 8.00e-09 [9.85204408e-10]
3.050 8.00e-09 [6.77045879e-10]
0.250 4.00e-09 [1.42540423e-08]
0.350 4.00e-09 [3.44845055e-08]
0.450 4.00e-09 [9.70560047e-08]
0.550 4.00e-09 [3.03741738e-07]
0.650 4.00e-09 [1.80342064e-06]
0.750 4.00e-09 [0.00045176]
0.850 4.00e-09 [7.58403856e-06]
0.950 4.00e-09 [1.65525346e-06]
1.050 4.00e-09 [1.195622e-06]
1.150 4.00e-09 [9.1573729e-07]
1.250 4.00e-09 [8.4371769e-07]
1.350 4.00e-09 [4.34704391e-07]
1.450 4.00e-09 [1.71713744e-07]
1.550 4.00e-09 [6.62202909e-08]
1.650 4.00e-09 [2.8605205e-08]
1.750 4.00e-09 [1.27388135e-08]
1.850 4.00e-09 [5.57879345e-09]
1.950 4.00e-09 [3.12586689e-09]
2.050 4.00e-09 [2.0066746e-09]
2.150 4.00e-09 [1.20780017e-09]
2.250 4.00e-09 [7.08371735e-10]
2.350 4.00e-09 [4.83697855e-10]
2.450 4.00e-09 [3.34153749e-10]
2.550 4.00e-09 [2.2172929e-10]
2.650 4.00e-09 [1.51705616e-10]
2.750 4.00e-09 [1.0784969e-10]
2.850 4.00e-09 [8.10348536e-11]
2.950 4.00e-09 [6.22830373e-11]
3.050 4.00e-09 [4.27108382e-11]
0.250 2.00e-09 [0.]
0.350 2.00e-09 [4.31056319e-09]
0.450 2.00e-09 [6.06600029e-09]
0.550 2.00e-09 [2.16958385e-08]
0.650 2.00e-09 [1.20228043e-07]
0.750 2.00e-09 [2.88354433e-05]
0.850 2.00e-09 [4.7400241e-07]
0.950 2.00e-09 [9.85269916e-08]
1.050 2.00e-09 [7.74940183e-08]
1.150 2.00e-09 [6.16361637e-08]
1.250 2.00e-09 [5.11344054e-08]
1.350 2.00e-09 [2.58752613e-08]
1.450 2.00e-09 [1.0732109e-08]
1.550 2.00e-09 [4.08207273e-09]
1.650 2.00e-09 [1.82940265e-09]
1.750 2.00e-09 [7.96175842e-10]
1.850 2.00e-09 [3.44925401e-10]
1.950 2.00e-09 [1.991974e-10]
2.050 2.00e-09 [1.27473182e-10]
2.150 2.00e-09 [7.60637512e-11]
2.250 2.00e-09 [4.42732334e-11]
2.350 2.00e-09 [3.06341975e-11]
2.450 2.00e-09 [2.08846093e-11]
2.550 2.00e-09 [1.40929634e-11]
2.650 2.00e-09 [9.58355373e-12]
2.750 2.00e-09 [6.77517283e-12]
2.850 2.00e-09 [5.08823499e-12]
2.950 2.00e-09 [3.92486082e-12]
3.050 2.00e-09 [2.68041268e-12]
0.250 1.00e-09 [0.]
0.350 1.00e-09 [0.]
0.450 1.00e-09 [0.]
0.550 1.00e-09 [0.]
0.650 1.00e-09 [7.51425268e-09]
0.750 1.00e-09 [1.8022152e-06]
0.850 1.00e-09 [3.3857315e-08]
0.950 1.00e-09 [4.92634958e-09]
1.050 1.00e-09 [5.53528702e-09]
1.150 1.00e-09 [4.40258312e-09]
1.250 1.00e-09 [3.19590034e-09]
1.350 1.00e-09 [1.9406446e-09]
1.450 1.00e-09 [7.66579215e-10]
1.550 1.00e-09 [2.83477273e-10]
1.650 1.00e-09 [1.03943332e-10]
1.750 1.00e-09 [4.97609901e-11]
1.850 1.00e-09 [2.24951349e-11]
1.950 1.00e-09 [1.14921577e-11]
2.050 1.00e-09 [8.22407625e-12]
2.150 1.00e-09 [4.60992432e-12]
2.250 1.00e-09 [2.68322627e-12]
2.350 1.00e-09 [2.01540773e-12]
2.450 1.00e-09 [1.36744466e-12]
2.550 1.00e-09 [8.61236649e-13]
2.650 1.00e-09 [6.11716195e-13]
2.750 1.00e-09 [4.148065e-13]
2.850 1.00e-09 [3.29793009e-13]
2.950 1.00e-09 [2.41282427e-13]
3.050 1.00e-09 [1.64779468e-13]
0.250 1.00e-04 [0.]
0.270 1.00e-04 [0.]
0.290 1.00e-04 [0.]
0.310 1.00e-04 [0.]
0.330 1.00e-04 [0.]
0.350 1.00e-04 [0.]
0.370 1.00e-04 [0.]
0.390 1.00e-04 [0.]
0.410 1.00e-04 [0.]
0.430 1.00e-04 [0.]
0.450 1.00e-04 [0.]
0.470 1.00e-04 [0.]
0.490 1.00e-04 [0.]
0.510 1.00e-04 [0.]
0.530 1.00e-04 [0.]
0.550 1.00e-04 [0.]
0.570 1.00e-04 [0.]
0.590 1.00e-04 [0.]
0.610 1.00e-04 [0.]
0.630 1.00e-04 [0.]
0.650 1.00e-04 [0.]
0.670 1.00e-04 [0.]
0.690 1.00e-04 [0.]
0.710 1.00e-04 [0.]
0.730 1.00e-04 [0.]
0.750 1.00e-04 [0.]
0.770 1.00e-04 [0.]
0.790 1.00e-04 [0.]
0.810 1.00e-04 [0.]
0.830 1.00e-04 [0.]
0.850 1.00e-04 [0.]
0.870 1.00e-04 [0.]
0.890 1.00e-04 [0.]
0.910 1.00e-04 [0.]
0.930 1.00e-04 [0.]
0.950 1.00e-04 [0.]
0.970 1.00e-04 [0.]
0.990 1.00e-04 [0.]
1.010 1.00e-04 [0.]
1.030 1.00e-04 [0.]
1.050 1.00e-04 [0.]
1.070 1.00e-04 [0.]
1.090 1.00e-04 [0.]
1.110 1.00e-04 [0.]
1.130 1.00e-04 [0.]
1.150 1.00e-04 [0.]
1.170 1.00e-04 [0.]
1.190 1.00e-04 [0.]
1.210 1.00e-04 [0.]
1.230 1.00e-04 [0.]
0.250 6.31e-05 [0.]
0.270 6.31e-05 [0.]
0.290 6.31e-05 [0.]
0.310 6.31e-05 [0.]
0.330 6.31e-05 [0.]
0.350 6.31e-05 [0.]
0.370 6.31e-05 [0.]
0.390 6.31e-05 [0.]
0.410 6.31e-05 [0.]
0.430 6.31e-05 [0.]
0.450 6.31e-05 [0.]
0.470 6.31e-05 [0.]
0.490 6.31e-05 [0.]
0.510 6.31e-05 [0.]
0.530 6.31e-05 [0.]
0.550 6.31e-05 [0.]
0.570 6.31e-05 [0.]
0.590 6.31e-05 [0.]
0.610 6.31e-05 [0.]
0.630 6.31e-05 [0.]
0.650 6.31e-05 [0.]
0.670 6.31e-05 [0.]
0.690 6.31e-05 [0.]
0.710 6.31e-05 [0.]
0.730 6.31e-05 [0.]
0.750 6.31e-05 [0.]
0.770 6.31e-05 [0.]
0.790 6.31e-05 [0.]
0.810 6.31e-05 [0.]
0.830 6.31e-05 [0.]
0.850 6.31e-05 [0.]
0.870 6.31e-05 [0.]
0.890 6.31e-05 [0.]
0.910 6.31e-05 [0.]
0.930 6.31e-05 [0.]
0.950 6.31e-05 [0.]
0.970 6.31e-05 [0.]
0.990 6.31e-05 [0.]
1.010 6.31e-05 [0.]
1.030 6.31e-05 [0.]
1.050 6.31e-05 [0.]
1.070 6.31e-05 [0.]
1.090 6.31e-05 [0.]
1.110 6.31e-05 [0.]
1.130 6.31e-05 [0.]
1.150 6.31e-05 [0.]
1.170 6.31e-05 [0.]
1.190 6.31e-05 [0.]
1.210 6.31e-05 [0.]
1.230 6.31e-05 [0.]
0.250 3.98e-05 [0.]
0.270 3.98e-05 [0.]
0.290 3.98e-05 [0.]
0.310 3.98e-05 [0.]
0.330 3.98e-05 [0.]
0.350 3.98e-05 [0.]
0.370 3.98e-05 [0.]
0.390 3.98e-05 [0.]
0.410 3.98e-05 [0.]
0.430 3.98e-05 [0.]
0.450 3.98e-05 [0.]
0.470 3.98e-05 [0.]
0.490 3.98e-05 [0.]
0.510 3.98e-05 [0.]
0.530 3.98e-05 [0.]
0.550 3.98e-05 [0.]
0.570 3.98e-05 [0.]
0.590 3.98e-05 [0.]
0.610 3.98e-05 [0.]
0.630 3.98e-05 [0.]
0.650 3.98e-05 [0.]
0.670 3.98e-05 [0.]
0.690 3.98e-05 [0.]
0.710 3.98e-05 [0.]
0.730 3.98e-05 [0.]
0.750 3.98e-05 [0.]
0.770 3.98e-05 [0.]
0.790 3.98e-05 [0.]
0.810 3.98e-05 [0.]
0.830 3.98e-05 [0.]
0.850 3.98e-05 [0.]
0.870 3.98e-05 [0.]
0.890 3.98e-05 [0.]
0.910 3.98e-05 [0.]
0.930 3.98e-05 [0.]
0.950 3.98e-05 [0.]
0.970 3.98e-05 [0.]
0.990 3.98e-05 [0.]
1.010 3.98e-05 [0.]
1.030 3.98e-05 [0.]
1.050 3.98e-05 [0.]
1.070 3.98e-05 [0.]
1.090 3.98e-05 [0.]
1.110 3.98e-05 [0.]
1.130 3.98e-05 [0.]
1.150 3.98e-05 [0.]
1.170 3.98e-05 [0.]
1.190 3.98e-05 [0.]
1.210 3.98e-05 [0.]
1.230 3.98e-05 [0.]
0.250 2.51e-05 [0.]
0.270 2.51e-05 [0.]
0.290 2.51e-05 [0.]
0.310 2.51e-05 [0.]
0.330 2.51e-05 [0.]
0.350 2.51e-05 [0.]
0.370 2.51e-05 [0.]
0.390 2.51e-05 [0.]
0.410 2.51e-05 [0.]
0.430 2.51e-05 [0.]
0.450 2.51e-05 [0.]
0.470 2.51e-05 [0.]
0.490 2.51e-05 [0.]
0.510 2.51e-05 [0.]
0.530 2.51e-05 [0.]
0.550 2.51e-05 [0.]
0.570 2.51e-05 [0.]
0.590 2.51e-05 [0.]
0.610 2.51e-05 [0.]
0.630 2.51e-05 [0.]
0.650 2.51e-05 [0.]
0.670 2.51e-05 [0.]
0.690 2.51e-05 [0.]
0.710 2.51e-05 [0.]
0.730 2.51e-05 [0.]
0.750 2.51e-05 [0.]
0.770 2.51e-05 [0.]
0.790 2.51e-05 [0.]
0.810 2.51e-05 [0.]
0.830 2.51e-05 [0.]
0.850 2.51e-05 [0.]
0.870 2.51e-05 [0.]
0.890 2.51e-05 [0.]
0.910 2.51e-05 [0.]
0.930 2.51e-05 [0.]
0.950 2.51e-05 [0.]
0.970 2.51e-05 [0.]
0.990 2.51e-05 [0.]
1.010 2.51e-05 [0.]
1.030 2.51e-05 [0.]
1.050 2.51e-05 [0.]
1.070 2.51e-05 [0.]
1.090 2.51e-05 [0.]
1.110 2.51e-05 [0.]
1.130 2.51e-05 [0.]
1.150 2.51e-05 [0.]
1.170 2.51e-05 [0.]
1.190 2.51e-05 [0.]
1.210 2.51e-05 [0.]
1.230 2.51e-05 [0.]
0.250 1.58e-05 [0.]
0.270 1.58e-05 [0.]
0.290 1.58e-05 [0.]
0.310 1.58e-05 [0.]
0.330 1.58e-05 [0.]
0.350 1.58e-05 [0.]
0.370 1.58e-05 [0.]
0.390 1.58e-05 [0.]
0.410 1.58e-05 [0.]
0.430 1.58e-05 [0.]
0.450 1.58e-05 [0.]
0.470 1.58e-05 [0.]
0.490 1.58e-05 [0.]
0.510 1.58e-05 [0.]
0.530 1.58e-05 [0.]
0.550 1.58e-05 [0.]
0.570 1.58e-05 [0.]
0.590 1.58e-05 [0.]
0.610 1.58e-05 [0.]
0.630 1.58e-05 [0.]
0.650 1.58e-05 [0.]
0.670 1.58e-05 [0.]
0.690 1.58e-05 [0.]
0.710 1.58e-05 [0.]
0.730 1.58e-05 [0.]
0.750 1.58e-05 [0.]
0.770 1.58e-05 [0.]
0.790 1.58e-05 [0.]
0.810 1.58e-05 [0.]
0.830 1.58e-05 [0.]
0.850 1.58e-05 [0.]
0.870 1.58e-05 [0.]
0.890 1.58e-05 [0.]
0.910 1.58e-05 [0.]
0.930 1.58e-05 [0.]
0.950 1.58e-05 [0.]
0.970 1.58e-05 [0.]
0.990 1.58e-05 [0.]
1.010 1.58e-05 [0.]
1.030 1.58e-05 [0.]
1.050 1.58e-05 [0.]
1.070 1.58e-05 [0.]
1.090 1.58e-05 [0.]
1.110 1.58e-05 [0.]
1.130 1.58e-05 [0.]
1.150 1.58e-05 [0.]
1.170 1.58e-05 [0.]
1.190 1.58e-05 [0.]
1.210 1.58e-05 [0.]
1.230 1.58e-05 [0.]
0.250 1.00e-05 [6.14705573]
0.270 1.00e-05 [1.64898866]
0.290 1.00e-05 [0.18963495]
0.310 1.00e-05 [0.09837976]
0.330 1.00e-05 [0.]
0.350 1.00e-05 [0.]
0.370 1.00e-05 [0.]
0.390 1.00e-05 [0.]
0.410 1.00e-05 [0.]
0.430 1.00e-05 [0.]
0.450 1.00e-05 [0.]
0.470 1.00e-05 [0.]
0.490 1.00e-05 [0.]
0.510 1.00e-05 [0.]
0.530 1.00e-05 [0.]
0.550 1.00e-05 [0.]
0.570 1.00e-05 [0.]
0.590 1.00e-05 [0.]
0.610 1.00e-05 [0.]
0.630 1.00e-05 [0.]
0.650 1.00e-05 [0.]
0.670 1.00e-05 [0.]
0.690 1.00e-05 [0.]
0.710 1.00e-05 [0.]
0.730 1.00e-05 [0.]
0.750 1.00e-05 [0.]
0.770 1.00e-05 [0.]
0.790 1.00e-05 [0.]
0.810 1.00e-05 [0.]
0.830 1.00e-05 [0.]
0.850 1.00e-05 [0.]
0.870 1.00e-05 [0.]
0.890 1.00e-05 [0.]
0.910 1.00e-05 [0.]
0.930 1.00e-05 [0.]
0.950 1.00e-05 [0.]
0.970 1.00e-05 [0.]
0.990 1.00e-05 [0.]
1.010 1.00e-05 [0.]
1.030 1.00e-05 [0.]
1.050 1.00e-05 [0.]
1.070 1.00e-05 [0.]
1.090 1.00e-05 [0.]
1.110 1.00e-05 [0.]
1.130 1.00e-05 [0.]
1.150 1.00e-05 [0.]
1.170 1.00e-05 [0.]
1.190 1.00e-05 [0.]
1.210 1.00e-05 [0.]
1.230 1.00e-05 [0.]
0.250 6.31e-06 [115.77823595]
0.270 6.31e-06 [66.67761773]
0.290 6.31e-06 [28.50322905]
0.310 6.31e-06 [20.99564703]
0.330 6.31e-06 [11.28542014]
0.350 6.31e-06 [5.49215408]
0.370 6.31e-06 [2.58108588]
0.390 6.31e-06 [1.2022954]
0.410 6.31e-06 [0.46330338]
0.430 6.31e-06 [0.16654209]
0.450 6.31e-06 [0.06038112]
0.470 6.31e-06 [0.]
0.490 6.31e-06 [0.]
0.510 6.31e-06 [0.]
0.530 6.31e-06 [0.]
0.550 6.31e-06 [0.]
0.570 6.31e-06 [0.]
0.590 6.31e-06 [0.]
0.610 6.31e-06 [0.]
0.630 6.31e-06 [0.]
0.650 6.31e-06 [0.]
0.670 6.31e-06 [0.]
0.690 6.31e-06 [0.]
0.710 6.31e-06 [0.]
0.730 6.31e-06 [0.]
0.750 6.31e-06 [0.]
0.770 6.31e-06 [0.]
0.790 6.31e-06 [0.]
0.810 6.31e-06 [0.]
0.830 6.31e-06 [0.]
0.850 6.31e-06 [0.]
0.870 6.31e-06 [0.]
0.890 6.31e-06 [0.]
0.910 6.31e-06 [0.]
0.930 6.31e-06 [0.]
0.950 6.31e-06 [0.]
0.970 6.31e-06 [0.]
0.990 6.31e-06 [0.]
1.010 6.31e-06 [0.]
1.030 6.31e-06 [0.]
1.050 6.31e-06 [0.]
1.070 6.31e-06 [0.]
1.090 6.31e-06 [0.]
1.110 6.31e-06 [0.]
1.130 6.31e-06 [0.]
1.150 6.31e-06 [0.]
1.170 6.31e-06 [0.]
1.190 6.31e-06 [0.]
1.210 6.31e-06 [0.]
1.230 6.31e-06 [0.]
0.250 3.98e-06 [289.98912376]
0.270 3.98e-06 [220.5689988]
0.290 3.98e-06 [148.75243102]
0.310 3.98e-06 [131.60852149]
0.330 3.98e-06 [101.77068911]
0.350 3.98e-06 [75.89836666]
0.370 3.98e-06 [56.52353177]
0.390 3.98e-06 [42.41959989]
0.410 3.98e-06 [29.85438649]
0.430 3.98e-06 [21.03610614]
0.450 3.98e-06 [14.56462861]
0.470 3.98e-06 [9.64635263]
0.490 3.98e-06 [6.05214353]
0.510 3.98e-06 [3.83662694]
0.530 3.98e-06 [2.12456963]
0.550 3.98e-06 [0.98855001]
0.570 3.98e-06 [0.45262402]
0.590 3.98e-06 [0.17865918]
0.610 3.98e-06 [0.]
0.630 3.98e-06 [0.]
0.650 3.98e-06 [0.]
0.670 3.98e-06 [0.]
0.690 3.98e-06 [0.]
0.710 3.98e-06 [0.]
0.730 3.98e-06 [0.]
0.750 3.98e-06 [0.]
0.770 3.98e-06 [0.]
0.790 3.98e-06 [0.]
0.810 3.98e-06 [0.]
0.830 3.98e-06 [0.]
0.850 3.98e-06 [0.]
0.870 3.98e-06 [0.]
0.890 3.98e-06 [0.]
0.910 3.98e-06 [0.]
0.930 3.98e-06 [0.]
0.950 3.98e-06 [0.]
0.970 3.98e-06 [0.]
0.990 3.98e-06 [0.]
1.010 3.98e-06 [0.]
1.030 3.98e-06 [0.]
1.050 3.98e-06 [0.]
1.070 3.98e-06 [0.]
1.090 3.98e-06 [0.]
1.110 3.98e-06 [0.]
1.130 3.98e-06 [0.]
1.150 3.98e-06 [0.]
1.170 3.98e-06 [0.]
1.190 3.98e-06 [0.]
1.210 3.98e-06 [0.]
1.230 3.98e-06 [0.]
0.250 2.51e-06 [297.90365793]
0.270 2.51e-06 [266.43491918]
0.290 2.51e-06 [221.97970926]
0.310 2.51e-06 [211.27982061]
0.330 2.51e-06 [188.06222702]
0.350 2.51e-06 [164.9900647]
0.370 2.51e-06 [145.74601554]
0.390 2.51e-06 [130.11762535]
0.410 2.51e-06 [113.63796617]
0.430 2.51e-06 [101.00968971]
0.450 2.51e-06 [89.39671672]
0.470 2.51e-06 [78.12016424]
0.490 2.51e-06 [67.87921794]
0.510 2.51e-06 [59.21011665]
0.530 2.51e-06 [49.22622132]
0.550 2.51e-06 [39.20584429]
0.570 2.51e-06 [30.89697273]
0.590 2.51e-06 [21.50632904]
0.610 2.51e-06 [13.31456828]
0.630 2.51e-06 [7.19513949]
0.650 2.51e-06 [2.79754497]
0.670 2.51e-06 [0.82514746]
0.690 2.51e-06 [0.19252298]
0.710 2.51e-06 [0.]
0.730 2.51e-06 [nan]
0.750 2.51e-06 [nan]
0.770 2.51e-06 [0.]
0.790 2.51e-06 [0.]
0.810 2.51e-06 [0.]
0.830 2.51e-06 [0.]
0.850 2.51e-06 [0.]
0.870 2.51e-06 [0.]
0.890 2.51e-06 [0.0567646]
0.910 2.51e-06 [0.04626921]
0.930 2.51e-06 [0.07215597]
0.950 2.51e-06 [0.09325793]
0.970 2.51e-06 [0.0782819]
0.990 2.51e-06 [0.04647319]
1.010 2.51e-06 [0.]
1.030 2.51e-06 [0.]
1.050 2.51e-06 [0.]
1.070 2.51e-06 [0.]
1.090 2.51e-06 [0.]
1.110 2.51e-06 [0.]
1.130 2.51e-06 [0.]
1.150 2.51e-06 [0.]
1.170 2.51e-06 [0.]
1.190 2.51e-06 [0.]
1.210 2.51e-06 [0.]
1.230 2.51e-06 [0.]
0.250 1.59e-06 [139.0880356]
0.270 1.59e-06 [146.60999649]
0.290 1.59e-06 [150.14162883]
0.310 1.59e-06 [153.31338466]
0.330 1.59e-06 [153.60406399]
0.350 1.59e-06 [151.6643173]
0.370 1.59e-06 [149.14129751]
0.390 1.59e-06 [146.48503938]
0.410 1.59e-06 [142.36530278]
0.430 1.59e-06 [139.46338782]
0.450 1.59e-06 [136.59999881]
0.470 1.59e-06 [133.50553023]
0.490 1.59e-06 [130.34372879]
0.510 1.59e-06 [128.61459171]
0.530 1.59e-06 [125.08685217]
0.550 1.59e-06 [121.40269073]
0.570 1.59e-06 [118.21732598]
0.590 1.59e-06 [109.29789735]
0.610 1.59e-06 [99.03023174]
0.630 1.59e-06 [86.49228493]
0.650 1.59e-06 [66.76969427]
0.670 1.59e-06 [46.9013615]
0.690 1.59e-06 [29.20295524]
0.710 1.59e-06 [13.85375201]
0.730 1.59e-06 [nan]
0.750 1.59e-06 [18.11028036]
0.770 1.59e-06 [7.97479336]
0.790 1.59e-06 [4.99870632]
0.810 1.59e-06 [4.57442962]
0.830 1.59e-06 [9.09262725]
0.850 1.59e-06 [10.71720635]
0.870 1.59e-06 [13.60445436]
0.890 1.59e-06 [14.32801872]
0.910 1.59e-06 [14.71831676]
0.930 1.59e-06 [14.16245153]
0.950 1.59e-06 [12.73500543]
0.970 1.59e-06 [10.82497959]
0.990 1.59e-06 [8.81626448]
1.010 1.59e-06 [0.83899925]
1.030 1.59e-06 [0.15739483]
1.050 1.59e-06 [2.76031846]
1.070 1.59e-06 [3.0931143]
1.090 1.59e-06 [2.76038472]
1.110 1.59e-06 [2.42796459]
1.130 1.59e-06 [2.06516702]
1.150 1.59e-06 [1.63139121]
1.170 1.59e-06 [1.40568253]
1.190 1.59e-06 [1.08928758]
1.210 1.59e-06 [0.72531859]
1.230 1.59e-06 [0.52996074]
0.250 1.00e-06 [36.36384358]
0.270 1.00e-06 [42.31854574]
0.290 1.00e-06 [49.81141309]
0.310 1.00e-06 [53.66025581]
0.330 1.00e-06 [59.21813099]
0.350 1.00e-06 [64.97635187]
0.370 1.00e-06 [70.607132]
0.390 1.00e-06 [76.20678406]
0.410 1.00e-06 [82.05635362]
0.430 1.00e-06 [88.00435406]
0.450 1.00e-06 [94.23379805]
0.470 1.00e-06 [100.94677784]
0.490 1.00e-06 [107.62508291]
0.510 1.00e-06 [115.37038224]
0.530 1.00e-06 [123.33867706]
0.550 1.00e-06 [131.50932479]
0.570 1.00e-06 [141.94157878]
0.590 1.00e-06 [148.87550182]
0.610 1.00e-06 [157.23601601]
0.630 1.00e-06 [165.3536521]
0.650 1.00e-06 [167.36494989]
0.670 1.00e-06 [165.43813951]
0.690 1.00e-06 [167.24098336]
0.710 1.00e-06 [159.94691974]
0.730 1.00e-06 [180.19622399]
0.750 1.00e-06 [1096.347582]
0.770 1.00e-06 [1464.98308659]
0.790 1.00e-06 [966.02490499]
0.810 1.00e-06 [147.72987998]
0.830 1.00e-06 [156.93384444]
0.850 1.00e-06 [117.87424224]
0.870 1.00e-06 [112.17226165]
0.890 1.00e-06 [94.51855673]
0.910 1.00e-06 [85.43843974]
0.930 1.00e-06 [73.32068233]
0.950 1.00e-06 [64.58936933]
0.970 1.00e-06 [54.80021486]
0.990 1.00e-06 [47.21229114]
1.010 1.00e-06 [16.23667046]
1.030 1.00e-06 [7.70315935]
1.050 1.00e-06 [24.45489806]
1.070 1.00e-06 [24.83056333]
1.090 1.00e-06 [23.14091598]
1.110 1.00e-06 [21.35382447]
1.130 1.00e-06 [19.61785636]
1.150 1.00e-06 [17.45844337]
1.170 1.00e-06 [16.10104596]
1.190 1.00e-06 [14.183006]
1.210 1.00e-06 [11.64871279]
1.230 1.00e-06 [9.79857578]
0.250 6.31e-07 [7.11589213]
0.270 6.31e-07 [8.66480749]
0.290 6.31e-07 [10.89918176]
0.310 6.31e-07 [12.05957062]
0.330 6.31e-07 [13.99146762]
0.350 6.31e-07 [16.26106682]
0.370 6.31e-07 [18.71151417]
0.390 6.31e-07 [21.38787324]
0.410 6.31e-07 [24.61891223]
0.430 6.31e-07 [28.14228319]
0.450 6.31e-07 [32.23325252]
0.470 6.31e-07 [37.14281869]
0.490 6.31e-07 [42.72209772]
0.510 6.31e-07 [49.39690035]
0.530 6.31e-07 [57.63849677]
0.550 6.31e-07 [67.52018113]
0.570 6.31e-07 [79.61586324]
0.590 6.31e-07 [93.64025382]
0.610 6.31e-07 [111.71167655]
0.630 6.31e-07 [134.2875842]
0.650 6.31e-07 [158.97965298]
0.670 6.31e-07 [186.94359885]
0.690 6.31e-07 [233.42233081]
0.710 6.31e-07 [297.61988796]
0.730 6.31e-07 [462.9818572]
0.750 6.31e-07 [3937.79488925]
0.770 6.31e-07 [7680.21054808]
0.790 6.31e-07 [4910.71141392]
0.810 6.31e-07 [402.98471793]
0.830 6.31e-07 [332.96646282]
0.850 6.31e-07 [208.33015682]
0.870 6.31e-07 [176.27513358]
0.890 6.31e-07 [134.81404642]
0.910 6.31e-07 [115.02327454]
0.930 6.31e-07 [93.59018628]
0.950 6.31e-07 [81.4112388]
0.970 6.31e-07 [68.64553303]
0.990 6.31e-07 [60.33687897]
1.010 6.31e-07 [34.68235072]
1.030 6.31e-07 [23.68388558]
1.050 6.31e-07 [38.16444763]
1.070 6.31e-07 [36.95871702]
1.090 6.31e-07 [35.03955241]
1.110 6.31e-07 [33.02314901]
1.130 6.31e-07 [31.02816624]
1.150 6.31e-07 [28.94274114]
1.170 6.31e-07 [27.41535521]
1.190 6.31e-07 [25.23617189]
1.210 6.31e-07 [22.52050946]
1.230 6.31e-07 [19.95691529]
0.250 3.98e-07 [1.22787278]
0.270 3.98e-07 [1.523704]
0.290 3.98e-07 [1.97130512]
0.310 3.98e-07 [2.20650279]
0.330 3.98e-07 [2.61643614]
0.350 3.98e-07 [3.11941955]
0.370 3.98e-07 [3.68353348]
0.390 3.98e-07 [4.32305685]
0.410 3.98e-07 [5.13536515]
0.430 3.98e-07 [6.05544364]
0.450 3.98e-07 [7.17464111]
0.470 3.98e-07 [8.58437523]
0.490 3.98e-07 [10.2858136]
0.510 3.98e-07 [12.40869497]
0.530 3.98e-07 [15.2400415]
0.550 3.98e-07 [18.96933716]
0.570 3.98e-07 [23.68899694]
0.590 3.98e-07 [30.24132927]
0.610 3.98e-07 [39.65618574]
0.630 3.98e-07 [53.39904408]
0.650 3.98e-07 [72.56945934]
0.670 3.98e-07 [99.79240767]
0.690 3.98e-07 [149.94853435]
0.710 3.98e-07 [235.13504549]
0.730 3.98e-07 [441.00259021]
0.750 3.98e-07 [4415.01393041]
0.770 3.98e-07 [10137.94404045]
0.790 3.98e-07 [6405.6578077]
0.810 3.98e-07 [390.99335496]
0.830 3.98e-07 [281.16813749]
0.850 3.98e-07 [157.52329405]
0.870 3.98e-07 [122.53840356]
0.890 3.98e-07 [87.5028854]
0.910 3.98e-07 [71.69238684]
0.930 3.98e-07 [56.07173137]
0.950 3.98e-07 [48.33665518]
0.970 3.98e-07 [40.54951747]
0.990 3.98e-07 [36.05438269]
1.010 3.98e-07 [28.80805803]
1.030 3.98e-07 [23.45433174]
1.050 3.98e-07 [26.29514164]
1.070 3.98e-07 [24.63469631]
1.090 3.98e-07 [23.53906999]
1.110 3.98e-07 [22.41350628]
1.130 3.98e-07 [21.45714565]
1.150 3.98e-07 [20.60464102]
1.170 3.98e-07 [19.79007066]
1.190 3.98e-07 [18.66223714]
1.210 3.98e-07 [17.37362616]
1.230 3.98e-07 [15.8818297]
0.250 2.51e-07 [0.20121236]
0.270 2.51e-07 [0.25163966]
0.290 2.51e-07 [0.32932434]
0.310 2.51e-07 [0.37033189]
0.330 2.51e-07 [0.44312325]
0.350 2.51e-07 [0.53390621]
0.370 2.51e-07 [0.63725529]
0.390 2.51e-07 [0.75623869]
0.410 2.51e-07 [0.91040983]
0.430 2.51e-07 [1.08789631]
0.450 2.51e-07 [1.30795658]
0.470 2.51e-07 [1.59080372]
0.490 2.51e-07 [1.94085203]
0.510 2.51e-07 [2.38640406]
0.530 2.51e-07 [3.0001387]
0.550 2.51e-07 [3.84241296]
0.570 2.51e-07 [4.93084883]
0.590 2.51e-07 [6.55431616]
0.610 2.51e-07 [9.02356624]
0.630 2.51e-07 [12.92147341]
0.650 2.51e-07 [19.02947819]
0.670 2.51e-07 [28.90516838]
0.690 2.51e-07 [49.62261986]
0.710 2.51e-07 [91.85688512]
0.730 2.51e-07 [203.63497626]
0.750 2.51e-07 [2362.72000782]
0.770 2.51e-07 [6220.38993809]
0.790 2.51e-07 [3900.65260259]
0.810 2.51e-07 [184.817326]
0.830 2.51e-07 [117.97180237]
0.850 2.51e-07 [60.2307833]
0.870 2.51e-07 [43.73581665]
0.890 2.51e-07 [29.58452596]
0.910 2.51e-07 [23.54449321]
0.930 2.51e-07 [17.91482432]
0.950 2.51e-07 [15.34599494]
0.970 2.51e-07 [12.84697545]
0.990 2.51e-07 [11.53762832]
1.010 2.51e-07 [12.11669715]
1.030 2.51e-07 [11.51015271]
1.050 2.51e-07 [9.44653516]
1.070 2.51e-07 [8.64400918]
1.090 2.51e-07 [8.30225874]
1.110 2.51e-07 [7.96980129]
1.130 2.51e-07 [7.77962655]
1.150 2.51e-07 [7.65228201]
1.170 2.51e-07 [7.44876463]
1.190 2.51e-07 [7.17502715]
1.210 2.51e-07 [6.94276227]
1.230 2.51e-07 [6.52629294]
0.250 1.58e-07 [0.03218109]
0.270 1.58e-07 [0.04036492]
0.290 1.58e-07 [0.05306867]
0.310 1.58e-07 [0.05980244]
0.330 1.58e-07 [0.07180872]
0.350 1.58e-07 [0.08689419]
0.370 1.58e-07 [0.10416715]
0.390 1.58e-07 [0.12416894]
0.410 1.58e-07 [0.15030889]
0.430 1.58e-07 [0.18057524]
0.450 1.58e-07 [0.21840227]
0.470 1.58e-07 [0.26746886]
0.490 1.58e-07 [0.32878052]
0.510 1.58e-07 [0.40743697]
0.530 1.58e-07 [0.5172516]
0.550 1.58e-07 [0.67051926]
0.570 1.58e-07 [0.87044946]
0.590 1.58e-07 [1.17736801]
0.610 1.58e-07 [1.65563782]
0.630 1.58e-07 [2.43638809]
0.650 1.58e-07 [3.72188993]
0.670 1.58e-07 [5.9244261]
0.690 1.58e-07 [10.864607]
0.710 1.58e-07 [21.96737598]
0.730 1.58e-07 [53.70863142]
0.750 1.58e-07 [686.37507311]
0.770 1.58e-07 [1993.62082078]
0.790 1.58e-07 [1243.51831078]
0.810 1.58e-07 [49.62973559]
0.830 1.58e-07 [29.48219181]
0.850 1.58e-07 [14.28031334]
0.870 1.58e-07 [9.99141624]
0.890 1.58e-07 [6.56778608]
0.910 1.58e-07 [5.14989637]
0.930 1.58e-07 [3.86485982]
0.950 1.58e-07 [3.30032861]
0.970 1.58e-07 [2.76084085]
0.990 1.58e-07 [2.49326857]
1.010 1.58e-07 [3.04861503]
1.030 1.58e-07 [3.19882135]
1.050 1.58e-07 [2.17161345]
1.070 1.58e-07 [1.96307228]
1.090 1.58e-07 [1.89106854]
1.110 1.58e-07 [1.82365006]
1.130 1.58e-07 [1.80006013]
1.150 1.58e-07 [1.79482132]
1.170 1.58e-07 [1.76127778]
1.190 1.58e-07 [1.71776951]
1.210 1.58e-07 [1.70168997]
1.230 1.58e-07 [1.62641529]
0.250 1.00e-07 [0.00515818]
0.270 1.00e-07 [0.00647686]
0.290 1.00e-07 [0.00853357]
0.310 1.00e-07 [0.00962154]
0.330 1.00e-07 [0.01157374]
0.350 1.00e-07 [0.01403088]
0.370 1.00e-07 [0.01685455]
0.390 1.00e-07 [0.02012276]
0.410 1.00e-07 [0.02440991]
0.430 1.00e-07 [0.02939102]
0.450 1.00e-07 [0.03563775]
0.470 1.00e-07 [0.04375722]
0.490 1.00e-07 [0.0539426]
0.510 1.00e-07 [0.06707989]
0.530 1.00e-07 [0.08549017]
0.550 1.00e-07 [0.11135389]
0.570 1.00e-07 [0.14527354]
0.590 1.00e-07 [0.1978794]
0.610 1.00e-07 [0.28069323]
0.630 1.00e-07 [0.41776187]
0.650 1.00e-07 [0.64802915]
0.670 1.00e-07 [1.0521572]
0.690 1.00e-07 [1.98513812]
0.710 1.00e-07 [4.1735117]
0.730 1.00e-07 [10.66981992]
0.750 1.00e-07 [142.78350317]
0.770 1.00e-07 [435.47931687]
0.790 1.00e-07 [270.90482145]
0.810 1.00e-07 [9.94816749]
0.830 1.00e-07 [5.71635418]
0.850 1.00e-07 [2.70384518]
0.870 1.00e-07 [1.86066155]
0.890 1.00e-07 [1.20786205]
0.910 1.00e-07 [0.94098137]
0.930 1.00e-07 [0.7019895]
0.950 1.00e-07 [0.59860074]
0.970 1.00e-07 [0.50065364]
0.990 1.00e-07 [0.4532321]
1.010 1.00e-07 [0.59341282]
1.030 1.00e-07 [0.65276966]
1.050 1.00e-07 [0.40570886]
1.070 1.00e-07 [0.36483413]
1.090 1.00e-07 [0.35190551]
1.110 1.00e-07 [0.34007159]
1.130 1.00e-07 [0.33735719]
1.150 1.00e-07 [0.33844858]
1.170 1.00e-07 [0.33336058]
1.190 1.00e-07 [0.32697907]
1.210 1.00e-07 [0.32746125]
1.230 1.00e-07 [0.31539222]
0.250 6.30e-08 [0.00081679]
0.270 6.30e-08 [0.00102536]
0.290 6.30e-08 [0.00135479]
0.310 6.30e-08 [0.00152673]
0.330 6.30e-08 [0.00183826]
0.350 6.30e-08 [0.0022284]
0.370 6.30e-08 [0.00267673]
0.390 6.30e-08 [0.00319757]
0.410 6.30e-08 [0.00388455]
0.430 6.30e-08 [0.00468161]
0.450 6.30e-08 [0.00568193]
0.470 6.30e-08 [0.00698264]
0.490 6.30e-08 [0.00862543]
0.510 6.30e-08 [0.01073337]
0.530 6.30e-08 [0.0137031]
0.550 6.30e-08 [0.01788952]
0.570 6.30e-08 [0.02337598]
0.590 6.30e-08 [0.03193137]
0.610 6.30e-08 [0.04544959]
0.630 6.30e-08 [0.06795403]
0.650 6.30e-08 [0.10608421]
0.670 6.30e-08 [0.17362788]
0.690 6.30e-08 [0.33143563]
0.710 6.30e-08 [0.70805559]
0.730 6.30e-08 [1.84454861]
0.750 6.30e-08 [25.16899502]
0.770 6.30e-08 [78.40464726]
0.790 6.30e-08 [48.71861775]
0.810 6.30e-08 [1.72630789]
0.830 6.30e-08 [0.97822034]
0.850 6.30e-08 [0.45810034]
0.870 6.30e-08 [0.31310141]
0.890 6.30e-08 [0.20219295]
0.910 6.30e-08 [0.15709661]
0.930 6.30e-08 [0.11691223]
0.950 6.30e-08 [0.09964046]
0.970 6.30e-08 [0.08332764]
0.990 6.30e-08 [0.07551839]
1.010 6.30e-08 [0.10172666]
1.030 6.30e-08 [0.11417233]
1.050 6.30e-08 [0.06836925]
1.070 6.30e-08 [0.06134996]
1.090 6.30e-08 [0.05920678]
1.110 6.30e-08 [0.05726753]
1.130 6.30e-08 [0.05692608]
1.150 6.30e-08 [0.05725308]
1.170 6.30e-08 [0.05648268]
1.190 6.30e-08 [0.05553642]
1.210 6.30e-08 [0.05587468]
1.230 6.30e-08 [0.05398272]
0.250 4.00e-08 [0.00013114]
0.270 4.00e-08 [0.00016563]
0.290 4.00e-08 [0.00021694]
0.310 4.00e-08 [0.00024556]
0.330 4.00e-08 [0.00029576]
0.350 4.00e-08 [0.00035864]
0.370 4.00e-08 [0.00043126]
0.390 4.00e-08 [0.00051406]
0.410 4.00e-08 [0.00062473]
0.430 4.00e-08 [0.00075402]
0.450 4.00e-08 [0.00091475]
0.470 4.00e-08 [0.00112595]
0.490 4.00e-08 [0.00139026]
0.510 4.00e-08 [0.00173141]
0.530 4.00e-08 [0.00221263]
0.550 4.00e-08 [0.00288989]
0.570 4.00e-08 [0.00377749]
0.590 4.00e-08 [0.00516455]
0.610 4.00e-08 [0.00736992]
0.630 4.00e-08 [0.01103017]
0.650 4.00e-08 [0.01726475]
0.670 4.00e-08 [0.02835795]
0.690 4.00e-08 [0.05438116]
0.710 4.00e-08 [0.11693863]
0.730 4.00e-08 [0.30687385]
0.750 4.00e-08 [4.22150889]
0.770 4.00e-08 [13.2638902]
0.790 4.00e-08 [8.23916772]
0.810 4.00e-08 [0.28773545]
0.830 4.00e-08 [0.16209618]
0.850 4.00e-08 [0.0756237]
0.870 4.00e-08 [0.05153625]
0.890 4.00e-08 [0.03321958]
0.910 4.00e-08 [0.02577525]
0.930 4.00e-08 [0.01916492]
0.950 4.00e-08 [0.01633183]
0.970 4.00e-08 [0.01365622]
0.990 4.00e-08 [0.01237882]
1.010 4.00e-08 [0.01686859]
1.030 4.00e-08 [0.01908904]
1.050 4.00e-08 [0.01126099]
1.070 4.00e-08 [0.01009295]
1.090 4.00e-08 [0.00974417]
1.110 4.00e-08 [0.00942851]
1.130 4.00e-08 [0.00938133]
1.150 4.00e-08 [0.00944266]
1.170 4.00e-08 [0.00932363]
1.190 4.00e-08 [0.00917438]
1.210 4.00e-08 [0.00924814]
1.230 4.00e-08 [0.00894726]
0.220 1.00e-09 [0.]
0.250 1.00e-09 [0.]
0.270 1.00e-09 [0.]
0.290 1.00e-09 [0.]
0.310 1.00e-09 [0.]
0.330 1.00e-09 [0.]
0.350 1.00e-09 [0.]
0.370 1.00e-09 [0.]
0.390 1.00e-09 [0.]
0.410 1.00e-09 [0.]
0.430 1.00e-09 [0.]
0.450 1.00e-09 [0.]
0.470 1.00e-09 [0.]
0.490 1.00e-09 [0.]
0.510 1.00e-09 [0.]
0.530 1.00e-09 [0.]
0.550 1.00e-09 [0.]
0.570 1.00e-09 [0.]
0.590 1.00e-09 [3.75767944e-09]
0.610 1.00e-09 [4.59700667e-09]
0.630 1.00e-09 [5.81760026e-09]
0.650 1.00e-09 [7.51425268e-09]
0.670 1.00e-09 [1.00588642e-08]
0.690 1.00e-09 [1.52550382e-08]
0.710 1.00e-09 [5.08252049e-08]
0.730 1.00e-09 [1.05935464e-07]
0.750 1.00e-09 [1.8022152e-06]
0.770 1.00e-09 [4.76159183e-06]
0.790 1.00e-09 [2.98462895e-06]
0.810 1.00e-09 [9.58351476e-08]
0.830 1.00e-09 [6.34974082e-08]
0.850 1.00e-09 [3.3857315e-08]
0.870 1.00e-09 [2.56042597e-08]
0.890 1.00e-09 [8.99577013e-09]
0.910 1.00e-09 [7.33251285e-09]
0.930 1.00e-09 [5.71745807e-09]
0.950 1.00e-09 [4.92634958e-09]
0.970 1.00e-09 [4.13524109e-09]
0.990 1.00e-09 [3.68241878e-09]
1.010 1.00e-09 [6.54836477e-09]
1.030 1.00e-09 [8.95022388e-09]
1.050 1.00e-09 [5.53528702e-09]
1.070 1.00e-09 [5.15156916e-09]
1.090 1.00e-09 [4.92726839e-09]
1.110 1.00e-09 [4.70296762e-09]
1.130 1.00e-09 [4.54169611e-09]
1.150 1.00e-09 [4.40258312e-09]
1.170 1.00e-09 [4.25503329e-09]
1.190 1.00e-09 [4.05228743e-09]
1.210 1.00e-09 [3.84954157e-09]
1.230 1.00e-09 [3.57547009e-09]
1.250 1.00e-09 [3.19590034e-09]
1.270 1.00e-09 [2.81633059e-09]
1.290 1.00e-09 [2.42254689e-09]
1.310 1.00e-09 [2.01696996e-09]
1.330 1.00e-09 [2.41708955e-09]
1.350 1.00e-09 [1.9406446e-09]
1.370 1.00e-09 [1.56949284e-09]
1.390 1.00e-09 [1.19834109e-09]
1.410 1.00e-09 [9.13220915e-10]
1.430 1.00e-09 [7.44077663e-10]
1.450 1.00e-09 [7.66579215e-10]
1.470 1.00e-09 [5.60770797e-10]
1.490 1.00e-09 [4.67329446e-10]
0.220 2.00e-09 [0.]
0.250 2.00e-09 [0.]
0.270 2.00e-09 [0.]
0.290 2.00e-09 [0.]
0.310 2.00e-09 [0.]
0.330 2.00e-09 [0.]
0.350 2.00e-09 [4.31056319e-09]
0.370 2.00e-09 [4.54913549e-09]
0.390 2.00e-09 [4.83139391e-09]
0.410 2.00e-09 [5.17159176e-09]
0.430 2.00e-09 [5.57704362e-09]
0.450 2.00e-09 [6.06600029e-09]
0.470 2.00e-09 [6.67030827e-09]
0.490 2.00e-09 [7.37928884e-09]
0.510 2.00e-09 [8.27635949e-09]
0.530 2.00e-09 [9.40744634e-09]
0.550 2.00e-09 [2.16958385e-08]
0.570 2.00e-09 [2.53863767e-08]
0.590 2.00e-09 [3.00614355e-08]
0.610 2.00e-09 [3.67760533e-08]
0.630 2.00e-09 [6.98112031e-08]
0.650 2.00e-09 [1.20228043e-07]
0.670 2.00e-09 [1.60941827e-07]
0.690 2.00e-09 [3.66120916e-07]
0.710 2.00e-09 [7.11552868e-07]
0.730 2.00e-09 [1.90683835e-06]
0.750 2.00e-09 [2.64324896e-05]
0.770 2.00e-09 [8.88830475e-05]
0.790 2.00e-09 [5.57130738e-05]
0.810 2.00e-09 [1.91670295e-06]
0.830 2.00e-09 [1.01595853e-06]
0.850 2.00e-09 [4.7400241e-07]
0.870 2.00e-09 [3.07251116e-07]
0.890 2.00e-09 [2.15898483e-07]
0.910 2.00e-09 [1.75980308e-07]
0.930 2.00e-09 [1.14349161e-07]
0.950 2.00e-09 [9.85269916e-08]
0.970 2.00e-09 [8.27048217e-08]
0.990 2.00e-09 [7.36483755e-08]
1.010 2.00e-09 [1.04773836e-07]
1.030 2.00e-09 [1.19336318e-07]
1.050 2.00e-09 [6.64234443e-08]
1.070 2.00e-09 [6.18188299e-08]
1.090 2.00e-09 [5.91272206e-08]
1.110 2.00e-09 [5.64356114e-08]
1.130 2.00e-09 [6.35837456e-08]
1.150 2.00e-09 [6.16361637e-08]
1.170 2.00e-09 [5.9570466e-08]
1.190 2.00e-09 [5.6732024e-08]
1.210 2.00e-09 [6.15926651e-08]
1.230 2.00e-09 [5.72075215e-08]
1.250 2.00e-09 [5.11344054e-08]
1.270 2.00e-09 [5.06939506e-08]
1.290 2.00e-09 [4.36058439e-08]
1.310 2.00e-09 [4.03393992e-08]
1.330 2.00e-09 [3.22278606e-08]
1.350 2.00e-09 [2.84627875e-08]
1.370 2.00e-09 [2.30192284e-08]
1.390 2.00e-09 [1.91734574e-08]
1.410 2.00e-09 [1.58291625e-08]
1.430 2.00e-09 [1.28973462e-08]
1.450 2.00e-09 [1.0732109e-08]
1.470 2.00e-09 [8.41156195e-09]
1.490 2.00e-09 [7.00994168e-09]
0.220 4.00e-09 [1.37739293e-08]
0.250 4.00e-09 [1.42540423e-08]
0.270 4.00e-09 [1.4657677e-08]
0.290 4.00e-09 [1.51707962e-08]
0.310 4.00e-09 [3.14815229e-08]
0.330 4.00e-09 [3.28624478e-08]
0.350 4.00e-09 [3.44845055e-08]
0.370 4.00e-09 [3.6393084e-08]
0.390 4.00e-09 [5.7976727e-08]
0.410 4.00e-09 [6.20591012e-08]
0.430 4.00e-09 [6.69245234e-08]
0.450 4.00e-09 [9.70560047e-08]
0.470 4.00e-09 [1.06724932e-07]
0.490 4.00e-09 [1.47585777e-07]
0.510 4.00e-09 [1.6552719e-07]
0.530 4.00e-09 [2.25778712e-07]
0.550 4.00e-09 [3.03741738e-07]
0.570 4.00e-09 [3.55409274e-07]
0.590 4.00e-09 [5.4110584e-07]
0.610 4.00e-09 [7.35521067e-07]
0.630 4.00e-09 [1.11697925e-06]
0.650 4.00e-09 [1.80342064e-06]
0.670 4.00e-09 [2.89695289e-06]
0.690 4.00e-09 [5.36977343e-06]
0.710 4.00e-09 [1.17914475e-05]
0.730 4.00e-09 [3.13568973e-05]
0.750 4.00e-09 [0.00043253]
0.770 4.00e-09 [0.00137134]
0.790 4.00e-09 [0.00085957]
0.810 4.00e-09 [2.9900566e-05]
0.830 4.00e-09 [1.62553365e-05]
0.850 4.00e-09 [7.58403856e-06]
0.870 4.00e-09 [5.32568601e-06]
0.890 4.00e-09 [3.31044341e-06]
0.910 4.00e-09 [2.58104452e-06]
0.930 4.00e-09 [1.92106591e-06]
0.950 4.00e-09 [1.65525346e-06]
0.970 4.00e-09 [1.389441e-06]
0.990 4.00e-09 [1.23729271e-06]
1.010 4.00e-09 [1.7287683e-06]
1.030 4.00e-09 [1.95711562e-06]
1.050 4.00e-09 [1.1513397e-06]
1.070 4.00e-09 [1.03031383e-06]
1.090 4.00e-09 [9.85453677e-07]
1.110 4.00e-09 [9.78217264e-07]
1.130 4.00e-09 [9.44672792e-07]
1.150 4.00e-09 [9.50957955e-07]
1.170 4.00e-09 [9.53127456e-07]
1.190 4.00e-09 [9.40130684e-07]
1.210 4.00e-09 [9.23889977e-07]
1.230 4.00e-09 [9.15320343e-07]
1.250 4.00e-09 [8.4371769e-07]
1.270 4.00e-09 [7.88572565e-07]
1.290 4.00e-09 [7.17073878e-07]
1.310 4.00e-09 [6.13158867e-07]
1.330 4.00e-09 [5.1564577e-07]
1.350 4.00e-09 [4.34704391e-07]
1.370 4.00e-09 [3.76678282e-07]
1.390 4.00e-09 [3.00384165e-07]
1.410 4.00e-09 [2.43525577e-07]
1.430 4.00e-09 [2.06357539e-07]
1.450 4.00e-09 [1.71713744e-07]
1.470 4.00e-09 [1.30098825e-07]
1.490 4.00e-09 [1.14028385e-07]
0.220 8.00e-09 [1.10191435e-07]
0.250 8.00e-09 [2.28064676e-07]
0.270 8.00e-09 [2.34522832e-07]
0.290 8.00e-09 [3.6409911e-07]
0.310 8.00e-09 [3.77778275e-07]
0.330 8.00e-09 [4.6007427e-07]
0.350 8.00e-09 [5.51752088e-07]
0.370 8.00e-09 [6.55075511e-07]
0.390 8.00e-09 [8.50325329e-07]
0.410 8.00e-09 [9.92945619e-07]
0.430 8.00e-09 [1.24925777e-06]
0.450 8.00e-09 [1.45584007e-06]
0.470 8.00e-09 [1.81432385e-06]
0.490 8.00e-09 [2.24330381e-06]
0.510 8.00e-09 [2.78085679e-06]
0.530 8.00e-09 [3.61245939e-06]
0.550 8.00e-09 [4.68630111e-06]
0.570 8.00e-09 [6.09273041e-06]
0.590 8.00e-09 [8.17671047e-06]
0.610 8.00e-09 [1.17683371e-05]
0.630 8.00e-09 [1.7871668e-05]
0.650 8.00e-09 [2.78929059e-05]
0.670 8.00e-09 [4.57074789e-05]
0.690 8.00e-09 [8.68926974e-05]
0.710 8.00e-09 [0.00018866]
0.730 8.00e-09 [0.00049832]
0.750 8.00e-09 [0.00692051]
0.770 8.00e-09 [0.022043]
0.790 8.00e-09 [0.01362583]
0.810 8.00e-09 [0.00046921]
0.830 8.00e-09 [0.00026009]
0.850 8.00e-09 [0.00012134]
0.870 8.00e-09 [8.35723036e-05]
0.890 8.00e-09 [5.35428238e-05]
0.910 8.00e-09 [4.12967124e-05]
0.930 8.00e-09 [3.07370546e-05]
0.950 8.00e-09 [2.6168769e-05]
0.970 8.00e-09 [2.22310561e-05]
0.990 8.00e-09 [2.00323581e-05]
1.010 8.00e-09 [2.74507451e-05]
1.030 8.00e-09 [3.131385e-05]
1.050 8.00e-09 [1.8244306e-05]
1.070 8.00e-09 [1.63201711e-05]
1.090 8.00e-09 [1.59249314e-05]
1.110 8.00e-09 [1.51999913e-05]
1.130 8.00e-09 [1.52600989e-05]
1.150 8.00e-09 [1.50744446e-05]
1.170 8.00e-09 [1.49777172e-05]
1.190 8.00e-09 [1.50420909e-05]
1.210 8.00e-09 [1.4905425e-05]
1.230 8.00e-09 [1.45307104e-05]
1.250 8.00e-09 [1.3499483e-05]
1.270 8.00e-09 [1.23467933e-05]
1.290 8.00e-09 [1.1318139e-05]
1.310 8.00e-09 [9.81054188e-06]
1.330 8.00e-09 [8.25033232e-06]
1.350 8.00e-09 [6.95527025e-06]
1.370 8.00e-09 [5.95988749e-06]
1.390 8.00e-09 [4.75501743e-06]
1.410 8.00e-09 [3.87692719e-06]
1.430 8.00e-09 [3.2699733e-06]
1.450 8.00e-09 [2.7106241e-06]
1.470 8.00e-09 [2.0546642e-06]
1.490 8.00e-09 [1.82445416e-06]
0.220 1.60e-08 [1.98344583e-06]
0.250 1.60e-08 [3.42097014e-06]
0.270 1.60e-08 [4.22141098e-06]
0.290 1.60e-08 [5.58285301e-06]
0.310 1.60e-08 [6.29630458e-06]
0.330 1.60e-08 [7.36118831e-06]
0.350 1.60e-08 [9.10390946e-06]
0.370 1.60e-08 [1.10634975e-05]
0.390 1.60e-08 [1.29867868e-05]
0.410 1.60e-08 [1.58871299e-05]
0.430 1.60e-08 [1.92742628e-05]
0.450 1.60e-08 [2.32934411e-05]
0.470 1.60e-08 [2.86022819e-05]
0.490 1.60e-08 [3.49483119e-05]
0.510 1.60e-08 [4.44937086e-05]
0.530 1.60e-08 [5.65951972e-05]
0.550 1.60e-08 [7.42865509e-05]
0.570 1.60e-08 [9.58589585e-05]
0.590 1.60e-08 [0.00013179]
0.610 1.60e-08 [0.00018476]
0.630 1.60e-08 [0.00028297]
0.650 1.60e-08 [0.00044052]
0.670 1.60e-08 [0.00072874]
0.690 1.60e-08 [0.00138638]
0.710 1.60e-08 [0.00299259]
0.730 1.60e-08 [0.00791889]
0.750 1.60e-08 [0.10980537]
0.770 1.60e-08 [0.34903103]
0.790 1.60e-08 [0.2162304]
0.810 1.60e-08 [0.00747054]
0.830 1.60e-08 [0.00412073]
0.850 1.60e-08 [0.00193285]
0.870 1.60e-08 [0.00132732]
0.890 1.60e-08 [0.00085208]
0.910 1.60e-08 [0.00065699]
0.930 1.60e-08 [0.00048887]
0.950 1.60e-08 [0.00041492]
0.970 1.60e-08 [0.00035252]
0.990 1.60e-08 [0.00031675]
1.010 1.60e-08 [0.00043586]
1.030 1.60e-08 [0.00049644]
1.050 1.60e-08 [0.00028907]
1.070 1.60e-08 [0.0002598]
1.090 1.60e-08 [0.00025228]
1.110 1.60e-08 [0.0002426]
1.130 1.60e-08 [0.00024242]
1.150 1.60e-08 [0.00024063]
1.170 1.60e-08 [0.00023855]
1.190 1.60e-08 [0.00023808]
1.210 1.60e-08 [0.00023701]
1.230 1.60e-08 [0.00022975]
1.250 1.60e-08 [0.00021354]
1.270 1.60e-08 [0.00019683]
1.290 1.60e-08 [0.00017923]
1.310 1.60e-08 [0.00015594]
1.330 1.60e-08 [0.00013056]
1.350 1.60e-08 [0.00011046]
1.370 1.60e-08 [9.48224796e-05]
1.390 1.60e-08 [7.53644697e-05]
1.410 1.60e-08 [6.14074096e-05]
1.430 1.60e-08 [5.19386051e-05]
1.450 1.60e-08 [4.29774971e-05]
1.470 1.60e-08 [3.26234019e-05]
1.490 1.60e-08 [2.89220847e-05]
0.220 3.20e-08 [3.26166647e-05]
0.250 3.20e-08 [5.29110049e-05]
0.270 3.20e-08 [6.66044843e-05]
0.290 3.20e-08 [8.83547173e-05]
0.310 3.20e-08 [9.87260559e-05]
0.330 3.20e-08 [0.00011883]
0.350 3.20e-08 [0.00014456]
0.370 3.20e-08 [0.00017469]
0.390 3.20e-08 [0.00020779]
0.410 3.20e-08 [0.00025155]
0.430 3.20e-08 [0.00030553]
0.450 3.20e-08 [0.00036959]
0.470 3.20e-08 [0.00045422]
0.490 3.20e-08 [0.00055917]
0.510 3.20e-08 [0.00070342]
0.530 3.20e-08 [0.00090071]
0.550 3.20e-08 [0.0011747]
0.570 3.20e-08 [0.00152075]
0.590 3.20e-08 [0.00209709]
0.610 3.20e-08 [0.00294208]
0.630 3.20e-08 [0.00449175]
0.650 3.20e-08 [0.00700208]
0.670 3.20e-08 [0.01155691]
0.690 3.20e-08 [0.02191649]
0.710 3.20e-08 [0.04723085]
0.730 3.20e-08 [0.1247496]
0.750 3.20e-08 [1.72366746]
0.770 3.20e-08 [5.46422502]
0.790 3.20e-08 [3.38633613]
0.810 3.20e-08 [0.11751689]
0.830 3.20e-08 [0.06495632]
0.850 3.20e-08 [0.03049217]
0.870 3.20e-08 [0.02094879]
0.890 3.20e-08 [0.01344904]
0.910 3.20e-08 [0.01039926]
0.930 3.20e-08 [0.00772817]
0.950 3.20e-08 [0.00656805]
0.970 3.20e-08 [0.00557682]
0.990 3.20e-08 [0.00501139]
1.010 3.20e-08 [0.00686981]
1.030 3.20e-08 [0.00780555]
1.050 3.20e-08 [0.00456001]
1.070 3.20e-08 [0.00410411]
1.090 3.20e-08 [0.00398849]
1.110 3.20e-08 [0.00383341]
1.130 3.20e-08 [0.0038252]
1.150 3.20e-08 [0.00380045]
1.170 3.20e-08 [0.00376894]
1.190 3.20e-08 [0.00375534]
1.210 3.20e-08 [0.00373498]
1.230 3.20e-08 [0.00362467]
1.250 3.20e-08 [0.00336587]
1.270 3.20e-08 [0.00309877]
1.290 3.20e-08 [0.00282054]
1.310 3.20e-08 [0.00245264]
1.330 3.20e-08 [0.00205268]
1.350 3.20e-08 [0.00173617]
1.370 3.20e-08 [0.0014877]
1.390 3.20e-08 [0.00118252]
1.410 3.20e-08 [0.00096226]
1.430 3.20e-08 [0.00081349]
1.450 3.20e-08 [0.00067194]
1.470 3.20e-08 [0.0005102]
1.490 3.20e-08 [0.00045151]
0.220 6.30e-08 [0.00049885]
0.250 6.30e-08 [0.00082033]
0.270 6.30e-08 [0.00102536]
0.290 6.30e-08 [0.00136608]
0.310 6.30e-08 [0.00152673]
0.330 6.30e-08 [0.00183011]
0.350 6.30e-08 [0.00222412]
0.370 6.30e-08 [0.00268576]
0.390 6.30e-08 [0.00319277]
0.410 6.30e-08 [0.00386916]
0.430 6.30e-08 [0.00469268]
0.450 6.30e-08 [0.00567591]
0.470 6.30e-08 [0.00698926]
0.490 6.30e-08 [0.0085815]
0.510 6.30e-08 [0.01079907]
0.530 6.30e-08 [0.01379645]
0.550 6.30e-08 [0.01799715]
0.570 6.30e-08 [0.02326263]
0.590 6.30e-08 [0.03202085]
0.610 6.30e-08 [0.04482924]
0.630 6.30e-08 [0.06832347]
0.650 6.30e-08 [0.10611404]
0.670 6.30e-08 [0.1745062]
0.690 6.30e-08 [0.32913483]
0.710 6.30e-08 [0.70331504]
0.730 6.30e-08 [1.84013381]
0.750 6.30e-08 [25.17614801]
0.770 6.30e-08 [78.95901082]
0.790 6.30e-08 [48.94764027]
0.810 6.30e-08 [1.73049195]
0.830 6.30e-08 [0.9634771]
0.850 6.30e-08 [0.4544049]
0.870 6.30e-08 [0.31325384]
0.890 6.30e-08 [0.20169309]
0.910 6.30e-08 [0.15619442]
0.930 6.30e-08 [0.11618607]
0.950 6.30e-08 [0.09872149]
0.970 6.30e-08 [0.08382003]
0.990 6.30e-08 [0.07532839]
1.010 6.30e-08 [0.10176565]
1.030 6.30e-08 [0.11445652]
1.050 6.30e-08 [0.06814956]
1.070 6.30e-08 [0.06139085]
1.090 6.30e-08 [0.05962724]
1.110 6.30e-08 [0.05730486]
1.130 6.30e-08 [0.05710634]
1.150 6.30e-08 [0.05667644]
1.170 6.30e-08 [0.05617024]
1.190 6.30e-08 [0.05587418]
1.210 6.30e-08 [0.05546979]
1.230 6.30e-08 [0.05374147]
1.250 6.30e-08 [0.04983117]
1.270 6.30e-08 [0.0457628]
1.290 6.30e-08 [0.04156603]
1.310 6.30e-08 [0.03606412]
1.330 6.30e-08 [0.03011057]
1.350 6.30e-08 [0.02539744]
1.370 6.30e-08 [0.02169256]
1.390 6.30e-08 [0.01720323]
1.410 6.30e-08 [0.01394374]
1.430 6.30e-08 [0.01175588]
1.450 6.30e-08 [0.00966467]
1.470 6.30e-08 [0.00731699]
1.490 6.30e-08 [0.00644693]
0.220 1.26e-07 [0.0079133]
0.250 1.26e-07 [0.01301209]
0.270 1.26e-07 [0.01621665]
0.290 1.26e-07 [0.02160137]
0.310 1.26e-07 [0.024131]
0.330 1.26e-07 [0.02889048]
0.350 1.26e-07 [0.03503846]
0.370 1.26e-07 [0.04230408]
0.390 1.26e-07 [0.0502406]
0.410 1.26e-07 [0.06073658]
0.430 1.26e-07 [0.07355556]
0.450 1.26e-07 [0.08876805]
0.470 1.26e-07 [0.10904827]
0.490 1.26e-07 [0.13358438]
0.510 1.26e-07 [0.16766064]
0.530 1.26e-07 [0.21353691]
0.550 1.26e-07 [0.27753505]
0.570 1.26e-07 [0.35744088]
0.590 1.26e-07 [0.48912708]
0.610 1.26e-07 [0.68063086]
0.630 1.26e-07 [1.02732275]
0.650 1.26e-07 [1.57614239]
0.670 1.26e-07 [2.55127978]
0.690 1.26e-07 [4.70645856]
0.710 1.26e-07 [9.74978421]
0.730 1.26e-07 [24.58837542]
0.750 1.26e-07 [323.58228985]
0.770 1.26e-07 [974.64674635]
0.790 1.26e-07 [605.36179692]
0.810 1.26e-07 [22.94846478]
0.830 1.26e-07 [13.14542648]
0.850 1.26e-07 [6.31584512]
0.870 1.26e-07 [4.40963852]
0.890 1.26e-07 [2.86819073]
0.910 1.26e-07 [2.23369377]
0.930 1.26e-07 [1.66972085]
0.950 1.26e-07 [1.42038499]
0.970 1.26e-07 [1.20482876]
0.990 1.26e-07 [1.08119772]
1.010 1.26e-07 [1.381237]
1.030 1.26e-07 [1.49425792]
1.050 1.26e-07 [0.95686196]
1.070 1.26e-07 [0.86550365]
1.090 1.26e-07 [0.83896648]
1.110 1.26e-07 [0.80525463]
1.130 1.26e-07 [0.79959695]
1.150 1.26e-07 [0.79065687]
1.170 1.26e-07 [0.7810805]
1.190 1.26e-07 [0.77171988]
1.210 1.26e-07 [0.76094687]
1.230 1.26e-07 [0.73217256]
1.250 1.26e-07 [0.67456322]
1.270 1.26e-07 [0.6144779]
1.290 1.26e-07 [0.55334835]
1.310 1.26e-07 [0.47611041]
1.330 1.26e-07 [0.39390617]
1.350 1.26e-07 [0.32886246]
1.370 1.26e-07 [0.27743717]
1.390 1.26e-07 [0.21811371]
1.410 1.26e-07 [0.17416802]
1.430 1.26e-07 [0.14545712]
1.450 1.26e-07 [0.11748514]
1.470 1.26e-07 [0.08802863]
1.490 1.26e-07 [0.07630031]
0.220 2.51e-07 [0.12360318]
0.250 2.51e-07 [0.20205426]
0.270 2.51e-07 [0.25094708]
0.290 2.51e-07 [0.33219166]
0.310 2.51e-07 [0.37039387]
0.330 2.51e-07 [0.44144108]
0.350 2.51e-07 [0.53254836]
0.370 2.51e-07 [0.63947644]
0.390 2.51e-07 [0.75509725]
0.410 2.51e-07 [0.90690731]
0.430 2.51e-07 [1.09035583]
0.450 2.51e-07 [1.30623684]
0.470 2.51e-07 [1.59132902]
0.490 2.51e-07 [1.93178643]
0.510 2.51e-07 [2.39956989]
0.530 2.51e-07 [3.01732638]
0.550 2.51e-07 [3.86428272]
0.570 2.51e-07 [4.91025698]
0.590 2.51e-07 [6.57041431]
0.610 2.51e-07 [8.91756678]
0.630 2.51e-07 [12.97901621]
0.650 2.51e-07 [19.02332392]
0.670 2.51e-07 [29.01987143]
0.690 2.51e-07 [49.39580435]
0.710 2.51e-07 [91.6327424]
0.730 2.51e-07 [203.63497626]
0.750 2.51e-07 [2358.93529582]
0.770 2.51e-07 [6241.28889636]
0.790 2.51e-07 [3901.78081024]
0.810 2.51e-07 [185.43619129]
0.830 2.51e-07 [117.15172032]
0.850 2.51e-07 [59.99508186]
0.870 2.51e-07 [43.80114695]
0.890 2.51e-07 [29.53918656]
0.910 2.51e-07 [23.48120529]
0.930 2.51e-07 [17.86727719]
0.950 2.51e-07 [15.26219641]
0.970 2.51e-07 [12.90376975]
0.990 2.51e-07 [11.52510054]
1.010 2.51e-07 [12.11339672]
1.030 2.51e-07 [11.52744482]
1.050 2.51e-07 [9.42822691]
1.070 2.51e-07 [8.65277214]
1.090 2.51e-07 [8.32833426]
1.110 2.51e-07 [7.96491248]
1.130 2.51e-07 [7.80480611]
1.150 2.51e-07 [7.62260372]
1.170 2.51e-07 [7.44796041]
1.190 2.51e-07 [7.19149388]
1.210 2.51e-07 [6.93063602]
1.230 2.51e-07 [6.51852154]
1.250 2.51e-07 [5.87856688]
1.270 2.51e-07 [5.22172455]
1.290 2.51e-07 [4.55976105]
1.310 2.51e-07 [3.82445963]
1.330 2.51e-07 [3.07101177]
1.350 2.51e-07 [2.48339693]
1.370 2.51e-07 [2.0159247]
1.390 2.51e-07 [1.54315228]
1.410 2.51e-07 [1.17823532]
1.430 2.51e-07 [0.95672569]
1.450 2.51e-07 [0.73483648]
1.470 2.51e-07 [0.53526268]
1.490 2.51e-07 [0.44273006]
0.220 5.01e-07 [1.87837803]
0.250 5.01e-07 [2.99415369]
0.270 5.01e-07 [3.66506505]
0.290 5.01e-07 [4.7393889]
0.310 5.01e-07 [5.23895554]
0.330 5.01e-07 [6.13740494]
0.350 5.01e-07 [7.25370131]
0.370 5.01e-07 [8.52467375]
0.390 5.01e-07 [9.85366956]
0.410 5.01e-07 [11.54345383]
0.430 5.01e-07 [13.50674022]
0.450 5.01e-07 [15.73311856]
0.470 5.01e-07 [18.58003429]
0.490 5.01e-07 [21.81300091]
0.510 5.01e-07 [26.07260812]
0.530 5.01e-07 [31.29520378]
0.550 5.01e-07 [38.01423004]
0.570 5.01e-07 [46.07597496]
0.590 5.01e-07 [56.98890037]
0.610 5.01e-07 [71.22736237]
0.630 5.01e-07 [91.84805702]
0.650 5.01e-07 [116.86748091]
0.670 5.01e-07 [149.39910123]
0.690 5.01e-07 [205.54997952]
0.710 5.01e-07 [291.77577945]
0.730 5.01e-07 [496.92548368]
0.750 5.01e-07 [4608.62145222]
0.770 5.01e-07 [9605.13718026]
0.790 5.01e-07 [6180.19531611]
0.810 5.01e-07 [432.85262081]
0.830 5.01e-07 [340.22662802]
0.850 5.01e-07 [199.44472348]
0.870 5.01e-07 [160.64808951]
0.890 5.01e-07 [118.88318317]
0.910 5.01e-07 [99.49202228]
0.930 5.01e-07 [79.41201262]
0.950 5.01e-07 [68.8172101]
0.970 5.01e-07 [57.40276732]
0.990 5.01e-07 [50.97925882]
1.010 5.01e-07 [34.55272845]
1.030 5.01e-07 [25.84091487]
1.050 5.01e-07 [34.59651755]
1.070 5.01e-07 [32.82663521]
1.090 5.01e-07 [31.1116652]
1.110 5.01e-07 [29.5761641]
1.130 5.01e-07 [28.05865815]
1.150 5.01e-07 [26.77984874]
1.170 5.01e-07 [25.4839682]
1.190 5.01e-07 [23.55668904]
1.210 5.01e-07 [21.68916198]
1.230 5.01e-07 [19.54683498]
1.250 5.01e-07 [16.95395132]
1.270 5.01e-07 [14.50315066]
1.290 5.01e-07 [11.82406361]
1.310 5.01e-07 [9.50936244]
1.330 5.01e-07 [7.27726926]
1.350 5.01e-07 [5.57019358]
1.370 5.01e-07 [4.24776978]
1.390 5.01e-07 [3.11121782]
1.410 5.01e-07 [2.19798447]
1.430 5.01e-07 [1.7230246]
1.450 5.01e-07 [1.23331377]
1.470 5.01e-07 [0.86239995]
1.490 5.01e-07 [0.66054652]
0.220 1.00e-06 [25.18046459]
0.250 1.00e-06 [36.46629451]
0.270 1.00e-06 [42.25441841]
0.290 1.00e-06 [50.08259108]
0.310 1.00e-06 [53.65041783]
0.330 1.00e-06 [59.08873511]
0.350 1.00e-06 [64.92139219]
0.370 1.00e-06 [70.76521446]
0.390 1.00e-06 [76.12948175]
0.410 1.00e-06 [82.11841272]
0.430 1.00e-06 [88.02108519]
0.450 1.00e-06 [94.03210354]
0.470 1.00e-06 [100.95178057]
0.490 1.00e-06 [107.80956513]
0.510 1.00e-06 [115.3600368]
0.530 1.00e-06 [122.91769384]
0.550 1.00e-06 [130.92082517]
0.570 1.00e-06 [142.67143712]
0.590 1.00e-06 [148.40954957]
0.610 1.00e-06 [160.61941291]
0.630 1.00e-06 [163.89925204]
0.650 1.00e-06 [168.17648918]
0.670 1.00e-06 [162.93348233]
0.690 1.00e-06 [171.43611885]
0.710 1.00e-06 [161.5479137]
0.730 1.00e-06 [179.29577255]
0.750 1.00e-06 [1122.17933324]
0.770 1.00e-06 [1423.71595739]
0.790 1.00e-06 [967.01978131]
0.810 1.00e-06 [143.70480378]
0.830 1.00e-06 [164.68052824]
0.850 1.00e-06 [119.90568114]
0.870 1.00e-06 [110.91765293]
0.890 1.00e-06 [94.89637907]
0.910 1.00e-06 [86.08370087]
0.930 1.00e-06 [73.33211724]
0.950 1.00e-06 [65.29876367]
0.970 1.00e-06 [53.74159315]
0.990 1.00e-06 [47.03553504]
1.010 1.00e-06 [16.17773517]
1.030 1.00e-06 [7.43465264]
1.050 1.00e-06 [24.69291541]
1.070 1.00e-06 [24.75328979]
1.090 1.00e-06 [22.9191889]
1.110 1.00e-06 [21.72771039]
1.130 1.00e-06 [19.09783216]
1.150 1.00e-06 [17.83486423]
1.170 1.00e-06 [15.97552248]
1.190 1.00e-06 [13.85274458]
1.210 1.00e-06 [11.75842473]
1.230 1.00e-06 [9.65555698]
1.250 1.00e-06 [7.9721734]
1.270 1.00e-06 [6.24098858]
1.290 1.00e-06 [4.55923324]
1.310 1.00e-06 [3.26648285]
1.330 1.00e-06 [2.34538256]
1.350 1.00e-06 [1.5201716]
1.370 1.00e-06 [1.02906414]
1.390 1.00e-06 [0.64990032]
1.410 1.00e-06 [0.3753338]
1.430 1.00e-06 [0.27282848]
1.450 1.00e-06 [0.1565738]
1.470 1.00e-06 [0.09350853]
1.490 1.00e-06 [0.05678053]
0.220 1.99e-06 [212.50856432]
0.250 1.99e-06 [223.0503115]
0.270 1.99e-06 [218.29685408]
0.290 1.99e-06 [201.00928742]
0.310 1.99e-06 [199.07383421]
0.330 1.99e-06 [188.3751424]
0.350 1.99e-06 [174.66675558]
0.370 1.99e-06 [161.12238398]
0.390 1.99e-06 [152.24134308]
0.410 1.99e-06 [140.87049351]
0.430 1.99e-06 [130.84997704]
0.450 1.99e-06 [124.43216034]
0.470 1.99e-06 [114.8134357]
0.490 1.99e-06 [108.2789408]
0.510 1.99e-06 [97.75803428]
0.530 1.99e-06 [90.74037584]
0.550 1.99e-06 [81.32009314]
0.570 1.99e-06 [75.1978396]
0.590 1.99e-06 [61.10881909]
0.610 1.99e-06 [51.32084508]
0.630 1.99e-06 [33.94404908]
0.650 1.99e-06 [20.78530489]
0.670 1.99e-06 [9.96859822]
0.690 1.99e-06 [4.06793403]
0.710 1.99e-06 [1.01142793]
0.730 1.99e-06 [0.2108129]
0.750 1.99e-06 [0.]
0.770 1.99e-06 [0.]
0.790 1.99e-06 [0.]
0.810 1.99e-06 [0.19071314]
0.830 1.99e-06 [0.50544254]
0.850 1.99e-06 [0.80851776]
0.870 1.99e-06 [1.27381992]
0.890 1.99e-06 [1.61115255]
0.910 1.99e-06 [1.95530016]
0.930 1.99e-06 [2.02525072]
0.950 1.99e-06 [1.90187846]
0.970 1.99e-06 [1.56354448]
0.990 1.99e-06 [1.23111398]
1.010 1.99e-06 [0.03909398]
1.030 1.99e-06 [0.]
1.050 1.99e-06 [0.2313211]
1.070 1.99e-06 [0.28704724]
1.090 1.99e-06 [0.24513314]
1.110 1.99e-06 [0.22461514]
1.130 1.99e-06 [0.15364654]
1.150 1.99e-06 [0.11389554]
1.170 1.99e-06 [0.09314326]
1.190 1.99e-06 [0.06451282]
1.210 1.99e-06 [0.03830318]
1.230 1.99e-06 [0.02134569]
1.250 1.99e-06 [0.01271976]
1.270 1.99e-06 [0.00560453]
1.290 1.99e-06 [0.0048209]
1.310 1.99e-06 [0.]
1.330 1.99e-06 [0.]
1.350 1.99e-06 [0.]
1.370 1.99e-06 [0.]
1.390 1.99e-06 [0.]
1.410 1.99e-06 [0.]
1.430 1.99e-06 [0.]
1.450 1.99e-06 [0.]
1.470 1.99e-06 [0.]
1.490 1.99e-06 [0.]
0.220 3.98e-06 [496.12815375]
0.250 3.98e-06 [288.0407086]
0.270 3.98e-06 [221.26589927]
0.290 3.98e-06 [144.84540687]
0.310 3.98e-06 [131.34346464]
0.330 3.98e-06 [102.58446401]
0.350 3.98e-06 [76.37657419]
0.370 3.98e-06 [55.60430342]
0.390 3.98e-06 [42.93644519]
0.410 3.98e-06 [29.36261897]
0.430 3.98e-06 [20.81513864]
0.450 3.98e-06 [15.28564983]
0.470 3.98e-06 [9.64635263]
0.490 3.98e-06 [6.31528021]
0.510 3.98e-06 [3.54150179]
0.530 3.98e-06 [2.05002333]
0.550 3.98e-06 [0.98855001]
0.570 3.98e-06 [0.45262402]
0.590 3.98e-06 [0.11910612]
0.610 3.98e-06 [0.07285502]
0.630 3.98e-06 [0.]
0.650 3.98e-06 [0.]
0.670 3.98e-06 [0.]
0.690 3.98e-06 [0.]
0.710 3.98e-06 [0.]
0.730 3.98e-06 [0.]
0.750 3.98e-06 [0.]
0.770 3.98e-06 [0.]
0.790 3.98e-06 [0.]
0.810 3.98e-06 [0.]
0.830 3.98e-06 [0.]
0.850 3.98e-06 [0.]
0.870 3.98e-06 [0.]
0.890 3.98e-06 [0.]
0.910 3.98e-06 [0.]
0.930 3.98e-06 [0.]
0.950 3.98e-06 [0.]
0.970 3.98e-06 [0.]
0.990 3.98e-06 [0.]
1.010 3.98e-06 [0.]
1.030 3.98e-06 [0.]
1.050 3.98e-06 [0.]
1.070 3.98e-06 [0.]
1.090 3.98e-06 [0.]
1.110 3.98e-06 [0.]
1.130 3.98e-06 [0.]
1.150 3.98e-06 [0.]
1.170 3.98e-06 [0.]
1.190 3.98e-06 [0.]
1.210 3.98e-06 [0.]
1.230 3.98e-06 [0.]
1.250 3.98e-06 [0.]
1.270 3.98e-06 [0.]
1.290 3.98e-06 [0.]
1.310 3.98e-06 [0.]
1.330 3.98e-06 [0.]
1.350 3.98e-06 [0.]
1.370 3.98e-06 [0.]
1.390 3.98e-06 [0.]
1.410 3.98e-06 [0.]
1.430 3.98e-06 [0.]
1.450 3.98e-06 [0.]
1.470 3.98e-06 [0.]
1.490 3.98e-06 [0.]
0.220 7.94e-06 [185.69751594]
0.250 7.94e-06 [40.07529377]
0.270 7.94e-06 [16.6458807]
0.290 7.94e-06 [4.42679323]
0.310 7.94e-06 [2.60689879]
0.330 7.94e-06 [1.03666644]
0.350 7.94e-06 [0.33994852]
0.370 7.94e-06 [0.07175266]
0.390 7.94e-06 [0.]
0.410 7.94e-06 [0.]
0.430 7.94e-06 [0.]
0.450 7.94e-06 [0.]
0.470 7.94e-06 [0.]
0.490 7.94e-06 [0.]
0.510 7.94e-06 [0.]
0.530 7.94e-06 [0.]
0.550 7.94e-06 [0.]
0.570 7.94e-06 [0.]
0.590 7.94e-06 [0.]
0.610 7.94e-06 [0.]
0.630 7.94e-06 [0.]
0.650 7.94e-06 [0.]
0.670 7.94e-06 [0.]
0.690 7.94e-06 [0.]
0.710 7.94e-06 [0.]
0.730 7.94e-06 [0.]
0.750 7.94e-06 [0.]
0.770 7.94e-06 [0.]
0.790 7.94e-06 [0.]
0.810 7.94e-06 [0.]
0.830 7.94e-06 [0.]
0.850 7.94e-06 [0.]
0.870 7.94e-06 [0.]
0.890 7.94e-06 [0.]
0.910 7.94e-06 [0.]
0.930 7.94e-06 [0.]
0.950 7.94e-06 [0.]
0.970 7.94e-06 [0.]
0.990 7.94e-06 [0.]
1.010 7.94e-06 [0.]
1.030 7.94e-06 [0.]
1.050 7.94e-06 [0.]
1.070 7.94e-06 [0.]
1.090 7.94e-06 [0.]
1.110 7.94e-06 [0.]
1.130 7.94e-06 [0.]
1.150 7.94e-06 [0.]
1.170 7.94e-06 [0.]
1.190 7.94e-06 [0.]
1.210 7.94e-06 [0.]
1.230 7.94e-06 [0.]
1.250 7.94e-06 [0.]
1.270 7.94e-06 [0.]
1.290 7.94e-06 [0.]
1.310 7.94e-06 [0.]
1.330 7.94e-06 [0.]
1.350 7.94e-06 [0.]
1.370 7.94e-06 [0.]
1.390 7.94e-06 [0.]
1.410 7.94e-06 [0.]
1.430 7.94e-06 [0.]
1.450 7.94e-06 [0.]
1.470 7.94e-06 [0.]
1.490 7.94e-06 [0.]
0.220 1.58e-05 [0.43248554]
0.250 1.58e-05 [0.]
0.270 1.58e-05 [0.]
0.290 1.58e-05 [0.]
0.310 1.58e-05 [0.]
0.330 1.58e-05 [0.]
0.350 1.58e-05 [0.]
0.370 1.58e-05 [0.]
0.390 1.58e-05 [0.]
0.410 1.58e-05 [0.]
0.430 1.58e-05 [0.]
0.450 1.58e-05 [0.]
0.470 1.58e-05 [0.]
0.490 1.58e-05 [0.]
0.510 1.58e-05 [0.]
0.530 1.58e-05 [0.]
0.550 1.58e-05 [0.]
0.570 1.58e-05 [0.]
0.590 1.58e-05 [0.]
0.610 1.58e-05 [0.]
0.630 1.58e-05 [0.]
0.650 1.58e-05 [0.]
0.670 1.58e-05 [0.]
0.690 1.58e-05 [0.]
0.710 1.58e-05 [0.]
0.730 1.58e-05 [0.]
0.750 1.58e-05 [0.]
0.770 1.58e-05 [0.]
0.790 1.58e-05 [0.]
0.810 1.58e-05 [0.]
0.830 1.58e-05 [0.]
0.850 1.58e-05 [0.]
0.870 1.58e-05 [0.]
0.890 1.58e-05 [0.]
0.910 1.58e-05 [0.]
0.930 1.58e-05 [0.]
0.950 1.58e-05 [0.]
0.970 1.58e-05 [0.]
0.990 1.58e-05 [0.]
1.010 1.58e-05 [0.]
1.030 1.58e-05 [0.]
1.050 1.58e-05 [0.]
1.070 1.58e-05 [0.]
1.090 1.58e-05 [0.]
1.110 1.58e-05 [0.]
1.130 1.58e-05 [0.]
1.150 1.58e-05 [0.]
1.170 1.58e-05 [0.]
1.190 1.58e-05 [0.]
1.210 1.58e-05 [0.]
1.230 1.58e-05 [0.]
1.250 1.58e-05 [0.]
1.270 1.58e-05 [0.]
1.290 1.58e-05 [0.]
1.310 1.58e-05 [0.]
1.330 1.58e-05 [0.]
1.350 1.58e-05 [0.]
1.370 1.58e-05 [0.]
1.390 1.58e-05 [0.]
1.410 1.58e-05 [0.]
1.430 1.58e-05 [0.]
1.450 1.58e-05 [0.]
1.470 1.58e-05 [0.]
1.490 1.58e-05 [0.]
0.220 3.16e-05 [0.]
0.250 3.16e-05 [0.]
0.270 3.16e-05 [0.]
0.290 3.16e-05 [0.]
0.310 3.16e-05 [0.]
0.330 3.16e-05 [0.]
0.350 3.16e-05 [0.]
0.370 3.16e-05 [0.]
0.390 3.16e-05 [0.]
0.410 3.16e-05 [0.]
0.430 3.16e-05 [0.]
0.450 3.16e-05 [0.]
0.470 3.16e-05 [0.]
0.490 3.16e-05 [0.]
0.510 3.16e-05 [0.]
0.530 3.16e-05 [0.]
0.550 3.16e-05 [0.]
0.570 3.16e-05 [0.]
0.590 3.16e-05 [0.]
0.610 3.16e-05 [0.]
0.630 3.16e-05 [0.]
0.650 3.16e-05 [0.]
0.670 3.16e-05 [0.]
0.690 3.16e-05 [0.]
0.710 3.16e-05 [0.]
0.730 3.16e-05 [0.]
0.750 3.16e-05 [0.]
0.770 3.16e-05 [0.]
0.790 3.16e-05 [0.]
0.810 3.16e-05 [0.]
0.830 3.16e-05 [0.]
0.850 3.16e-05 [0.]
0.870 3.16e-05 [0.]
0.890 3.16e-05 [0.]
0.910 3.16e-05 [0.]
0.930 3.16e-05 [0.]
0.950 3.16e-05 [0.]
0.970 3.16e-05 [0.]
0.990 3.16e-05 [0.]
1.010 3.16e-05 [0.]
1.030 3.16e-05 [0.]
1.050 3.16e-05 [0.]
1.070 3.16e-05 [0.]
1.090 3.16e-05 [0.]
1.110 3.16e-05 [0.]
1.130 3.16e-05 [0.]
1.150 3.16e-05 [0.]
1.170 3.16e-05 [0.]
1.190 3.16e-05 [0.]
1.210 3.16e-05 [0.]
1.230 3.16e-05 [0.]
1.250 3.16e-05 [0.]
1.270 3.16e-05 [0.]
1.290 3.16e-05 [0.]
1.310 3.16e-05 [0.]
1.330 3.16e-05 [0.]
1.350 3.16e-05 [0.]
1.370 3.16e-05 [0.]
1.390 3.16e-05 [0.]
1.410 3.16e-05 [0.]
1.430 3.16e-05 [0.]
1.450 3.16e-05 [0.]
1.470 3.16e-05 [0.]
1.490 3.16e-05 [0.]
0.220 6.31e-05 [0.]
0.250 6.31e-05 [0.]
0.270 6.31e-05 [0.]
0.290 6.31e-05 [0.]
0.310 6.31e-05 [0.]
0.330 6.31e-05 [0.]
0.350 6.31e-05 [0.]
0.370 6.31e-05 [0.]
0.390 6.31e-05 [0.]
0.410 6.31e-05 [0.]
0.430 6.31e-05 [0.]
0.450 6.31e-05 [0.]
0.470 6.31e-05 [0.]
0.490 6.31e-05 [0.]
0.510 6.31e-05 [0.]
0.530 6.31e-05 [0.]
0.550 6.31e-05 [0.]
0.570 6.31e-05 [0.]
0.590 6.31e-05 [0.]
0.610 6.31e-05 [0.]
0.630 6.31e-05 [0.]
0.650 6.31e-05 [0.]
0.670 6.31e-05 [0.]
0.690 6.31e-05 [0.]
0.710 6.31e-05 [0.]
0.730 6.31e-05 [0.]
0.750 6.31e-05 [0.]
0.770 6.31e-05 [0.]
0.790 6.31e-05 [0.]
0.810 6.31e-05 [0.]
0.830 6.31e-05 [0.]
0.850 6.31e-05 [0.]
0.870 6.31e-05 [0.]
0.890 6.31e-05 [0.]
0.910 6.31e-05 [0.]
0.930 6.31e-05 [0.]
0.950 6.31e-05 [0.]
0.970 6.31e-05 [0.]
0.990 6.31e-05 [0.]
1.010 6.31e-05 [0.]
1.030 6.31e-05 [0.]
1.050 6.31e-05 [0.]
1.070 6.31e-05 [0.]
1.090 6.31e-05 [0.]
1.110 6.31e-05 [0.]
1.130 6.31e-05 [0.]
1.150 6.31e-05 [0.]
1.170 6.31e-05 [0.]
1.190 6.31e-05 [0.]
1.210 6.31e-05 [0.]
1.230 6.31e-05 [0.]
1.250 6.31e-05 [0.]
1.270 6.31e-05 [0.]
1.290 6.31e-05 [0.]
1.310 6.31e-05 [0.]
1.330 6.31e-05 [0.]
1.350 6.31e-05 [0.]
1.370 6.31e-05 [0.]
1.390 6.31e-05 [0.]
1.410 6.31e-05 [0.]
1.430 6.31e-05 [0.]
1.450 6.31e-05 [0.]
1.470 6.31e-05 [0.]
1.490 6.31e-05 [0.]
0.220 1.26e-04 [0.]
0.250 1.26e-04 [0.]
0.270 1.26e-04 [0.]
0.290 1.26e-04 [0.]
0.310 1.26e-04 [0.]
0.330 1.26e-04 [0.]
0.350 1.26e-04 [0.]
0.370 1.26e-04 [0.]
0.390 1.26e-04 [0.]
0.410 1.26e-04 [0.]
0.430 1.26e-04 [0.]
0.450 1.26e-04 [0.]
0.470 1.26e-04 [0.]
0.490 1.26e-04 [0.]
0.510 1.26e-04 [0.]
0.530 1.26e-04 [0.]
0.550 1.26e-04 [0.]
0.570 1.26e-04 [0.]
0.590 1.26e-04 [0.]
0.610 1.26e-04 [0.]
0.630 1.26e-04 [0.]
0.650 1.26e-04 [0.]
0.670 1.26e-04 [0.]
0.690 1.26e-04 [0.]
0.710 1.26e-04 [0.]
0.730 1.26e-04 [0.]
0.750 1.26e-04 [0.]
0.770 1.26e-04 [0.]
0.790 1.26e-04 [0.]
0.810 1.26e-04 [0.]
0.830 1.26e-04 [0.]
0.850 1.26e-04 [0.]
0.870 1.26e-04 [0.]
0.890 1.26e-04 [0.]
0.910 1.26e-04 [0.]
0.930 1.26e-04 [0.]
0.950 1.26e-04 [0.]
0.970 1.26e-04 [0.]
0.990 1.26e-04 [0.]
1.010 1.26e-04 [0.]
1.030 1.26e-04 [0.]
1.050 1.26e-04 [0.]
1.070 1.26e-04 [0.]
1.090 1.26e-04 [0.]
1.110 1.26e-04 [0.]
1.130 1.26e-04 [0.]
1.150 1.26e-04 [0.]
1.170 1.26e-04 [0.]
1.190 1.26e-04 [0.]
1.210 1.26e-04 [0.]
1.230 1.26e-04 [0.]
1.250 1.26e-04 [0.]
1.270 1.26e-04 [0.]
1.290 1.26e-04 [0.]
1.310 1.26e-04 [0.]
1.330 1.26e-04 [0.]
1.350 1.26e-04 [0.]
1.370 1.26e-04 [0.]
1.390 1.26e-04 [0.]
1.410 1.26e-04 [0.]
1.430 1.26e-04 [0.]
1.450 1.26e-04 [0.]
1.470 1.26e-04 [0.]
1.490 1.26e-04 [0.]
0.220 2.51e-04 [0.]
0.250 2.51e-04 [0.]
0.270 2.51e-04 [0.]
0.290 2.51e-04 [0.]
0.310 2.51e-04 [0.]
0.330 2.51e-04 [0.]
0.350 2.51e-04 [0.]
0.370 2.51e-04 [0.]
0.390 2.51e-04 [0.]
0.410 2.51e-04 [0.]
0.430 2.51e-04 [0.]
0.450 2.51e-04 [0.]
0.470 2.51e-04 [0.]
0.490 2.51e-04 [0.]
0.510 2.51e-04 [0.]
0.530 2.51e-04 [0.]
0.550 2.51e-04 [0.]
0.570 2.51e-04 [0.]
0.590 2.51e-04 [0.]
0.610 2.51e-04 [0.]
0.630 2.51e-04 [0.]
0.650 2.51e-04 [0.]
0.670 2.51e-04 [0.]
0.690 2.51e-04 [0.]
0.710 2.51e-04 [0.]
0.730 2.51e-04 [0.]
0.750 2.51e-04 [0.]
0.770 2.51e-04 [0.]
0.790 2.51e-04 [0.]
0.810 2.51e-04 [0.]
0.830 2.51e-04 [0.]
0.850 2.51e-04 [0.]
0.870 2.51e-04 [0.]
0.890 2.51e-04 [0.]
0.910 2.51e-04 [0.]
0.930 2.51e-04 [0.]
0.950 2.51e-04 [0.]
0.970 2.51e-04 [0.]
0.990 2.51e-04 [0.]
1.010 2.51e-04 [0.]
1.030 2.51e-04 [0.]
1.050 2.51e-04 [0.]
1.070 2.51e-04 [0.]
1.090 2.51e-04 [0.]
1.110 2.51e-04 [0.]
1.130 2.51e-04 [0.]
1.150 2.51e-04 [0.]
1.170 2.51e-04 [0.]
1.190 2.51e-04 [0.]
1.210 2.51e-04 [0.]
1.230 2.51e-04 [0.]
1.250 2.51e-04 [0.]
1.270 2.51e-04 [0.]
1.290 2.51e-04 [0.]
1.310 2.51e-04 [0.]
1.330 2.51e-04 [0.]
1.350 2.51e-04 [0.]
1.370 2.51e-04 [0.]
1.390 2.51e-04 [0.]
1.410 2.51e-04 [0.]
1.430 2.51e-04 [0.]
1.450 2.51e-04 [0.]
1.470 2.51e-04 [0.]
1.490 2.51e-04 [0.]
0.220 5.01e-04 [0.]
0.250 5.01e-04 [0.]
0.270 5.01e-04 [0.]
0.290 5.01e-04 [0.]
0.310 5.01e-04 [0.]
0.330 5.01e-04 [0.]
0.350 5.01e-04 [0.]
0.370 5.01e-04 [0.]
0.390 5.01e-04 [0.]
0.410 5.01e-04 [0.]
0.430 5.01e-04 [0.]
0.450 5.01e-04 [0.]
0.470 5.01e-04 [0.]
0.490 5.01e-04 [0.]
0.510 5.01e-04 [0.]
0.530 5.01e-04 [0.]
0.550 5.01e-04 [0.]
0.570 5.01e-04 [0.]
0.590 5.01e-04 [0.]
0.610 5.01e-04 [0.]
0.630 5.01e-04 [0.]
0.650 5.01e-04 [0.]
0.670 5.01e-04 [0.]
0.690 5.01e-04 [0.]
0.710 5.01e-04 [0.]
0.730 5.01e-04 [0.]
0.750 5.01e-04 [0.]
0.770 5.01e-04 [0.]
0.790 5.01e-04 [0.]
0.810 5.01e-04 [0.]
0.830 5.01e-04 [0.]
0.850 5.01e-04 [0.]
0.870 5.01e-04 [0.]
0.890 5.01e-04 [0.]
0.910 5.01e-04 [0.]
0.930 5.01e-04 [0.]
0.950 5.01e-04 [0.]
0.970 5.01e-04 [0.]
0.990 5.01e-04 [0.]
1.010 5.01e-04 [0.]
1.030 5.01e-04 [0.]
1.050 5.01e-04 [0.]
1.070 5.01e-04 [0.]
1.090 5.01e-04 [0.]
1.110 5.01e-04 [0.]
1.130 5.01e-04 [0.]
1.150 5.01e-04 [0.]
1.170 5.01e-04 [0.]
1.190 5.01e-04 [0.]
1.210 5.01e-04 [0.]
1.230 5.01e-04 [0.]
1.250 5.01e-04 [0.]
1.270 5.01e-04 [0.]
1.290 5.01e-04 [0.]
1.310 5.01e-04 [0.]
1.330 5.01e-04 [0.]
1.350 5.01e-04 [0.]
1.370 5.01e-04 [0.]
1.390 5.01e-04 [0.]
1.410 5.01e-04 [0.]
1.430 5.01e-04 [0.]
1.450 5.01e-04 [0.]
1.470 5.01e-04 [0.]
1.490 5.01e-04 [0.]
0.220 1.00e-03 [0.]
0.250 1.00e-03 [0.]
0.270 1.00e-03 [0.]
0.290 1.00e-03 [0.]
0.310 1.00e-03 [0.]
0.330 1.00e-03 [0.]
0.350 1.00e-03 [0.]
0.370 1.00e-03 [0.]
0.390 1.00e-03 [0.]
0.410 1.00e-03 [0.]
0.430 1.00e-03 [0.]
0.450 1.00e-03 [0.]
0.470 1.00e-03 [0.]
0.490 1.00e-03 [0.]
0.510 1.00e-03 [0.]
0.530 1.00e-03 [0.]
0.550 1.00e-03 [0.]
0.570 1.00e-03 [0.]
0.590 1.00e-03 [0.]
0.610 1.00e-03 [0.]
0.630 1.00e-03 [0.]
0.650 1.00e-03 [0.]
0.670 1.00e-03 [0.]
0.690 1.00e-03 [0.]
0.710 1.00e-03 [0.]
0.730 1.00e-03 [0.]
0.750 1.00e-03 [0.]
0.770 1.00e-03 [0.]
0.790 1.00e-03 [0.]
0.810 1.00e-03 [0.]
0.830 1.00e-03 [0.]
0.850 1.00e-03 [0.]
0.870 1.00e-03 [0.]
0.890 1.00e-03 [0.]
0.910 1.00e-03 [0.]
0.930 1.00e-03 [0.]
0.950 1.00e-03 [0.]
0.970 1.00e-03 [0.]
0.990 1.00e-03 [0.]
1.010 1.00e-03 [0.]
1.030 1.00e-03 [0.]
1.050 1.00e-03 [0.]
1.070 1.00e-03 [0.]
1.090 1.00e-03 [0.]
1.110 1.00e-03 [0.]
1.130 1.00e-03 [0.]
1.150 1.00e-03 [0.]
1.170 1.00e-03 [0.]
1.190 1.00e-03 [0.]
1.210 1.00e-03 [0.]
1.230 1.00e-03 [0.]
1.250 1.00e-03 [0.]
1.270 1.00e-03 [0.]
1.290 1.00e-03 [0.]
1.310 1.00e-03 [0.]
1.330 1.00e-03 [0.]
1.350 1.00e-03 [0.]
1.370 1.00e-03 [0.]
1.390 1.00e-03 [0.]
1.410 1.00e-03 [0.]
1.430 1.00e-03 [0.]
1.450 1.00e-03 [0.]
1.470 1.00e-03 [0.]
1.490 1.00e-03 [0.]
