0.001 1.00e-09 [0.]
0.002 1.00e-09 [0.]
0.003 1.00e-09 [0.]
0.004 1.00e-09 [0.]
0.005 1.00e-09 [0.]
0.007 1.00e-09 [0.]
0.010 1.00e-09 [0.]
0.020 1.00e-09 [0.]
0.040 1.00e-09 [0.]
0.060 1.00e-09 [0.]
0.080 1.00e-09 [0.]
0.100 1.00e-09 [0.]
0.120 1.00e-09 [0.]
0.140 1.00e-09 [0.]
0.160 1.00e-09 [0.]
0.180 1.00e-09 [0.]
0.200 1.00e-09 [0.]
0.220 1.00e-09 [1.40069893e-09]
0.250 1.00e-09 [1.17852062e-09]
0.270 1.00e-09 [1.03055532e-09]
0.290 1.00e-09 [8.85944893e-10]
0.310 1.00e-09 [7.46237111e-10]
0.330 1.00e-09 [6.15154093e-10]
0.350 1.00e-09 [4.93443617e-10]
0.370 1.00e-09 [3.82902422e-10]
0.390 1.00e-09 [5.70641997e-10]
0.410 1.00e-09 [4.06234713e-10]
0.430 1.00e-09 [2.71222369e-10]
0.450 1.00e-09 [1.65843735e-10]
0.470 1.00e-09 [8.90155511e-11]
0.490 1.00e-09 [3.83016378e-11]
0.510 1.00e-09 [1.90702516e-11]
0.530 1.00e-09 [4.21118063e-12]
0.001 2.00e-09 [0.]
0.002 2.00e-09 [0.]
0.003 2.00e-09 [0.]
0.004 2.00e-09 [0.]
0.005 2.00e-09 [0.]
0.007 2.00e-09 [0.]
0.010 2.00e-09 [0.]
0.020 2.00e-09 [0.]
0.040 2.00e-09 [0.]
0.060 2.00e-09 [0.]
0.080 2.00e-09 [0.]
0.100 2.00e-09 [0.]
0.120 2.00e-09 [8.19165349e-09]
0.140 2.00e-09 [7.75251084e-09]
0.160 2.00e-09 [7.26582375e-09]
0.180 2.00e-09 [6.73990062e-09]
0.200 2.00e-09 [6.18207129e-09]
0.220 2.00e-09 [1.12055915e-08]
0.250 2.00e-09 [1.41422474e-08]
0.270 2.00e-09 [1.23666638e-08]
0.290 2.00e-09 [1.41751183e-08]
0.310 2.00e-09 [1.19397938e-08]
0.330 2.00e-09 [1.23030819e-08]
0.350 2.00e-09 [9.86887234e-09]
0.370 2.00e-09 [9.18965813e-09]
0.390 2.00e-09 [6.84770397e-09]
0.410 2.00e-09 [5.68728599e-09]
0.430 2.00e-09 [3.79711317e-09]
0.450 2.00e-09 [2.65349975e-09]
0.470 2.00e-09 [1.60227992e-09]
0.490 2.00e-09 [6.8942948e-10]
0.510 2.00e-09 [2.54270021e-10]
0.530 2.00e-09 [6.17639826e-11]
0.001 4.00e-09 [0.]
0.002 4.00e-09 [0.]
0.003 4.00e-09 [0.]
0.004 4.00e-09 [0.]
0.005 4.00e-09 [0.]
0.007 4.00e-09 [0.]
0.010 4.00e-09 [0.]
0.020 4.00e-09 [0.]
0.040 4.00e-09 [0.]
0.060 4.00e-09 [3.66233706e-08]
0.080 4.00e-09 [3.55953955e-08]
0.100 4.00e-09 [6.86063532e-08]
0.120 4.00e-09 [6.5533228e-08]
0.140 4.00e-09 [9.30301301e-08]
0.160 4.00e-09 [1.1625318e-07]
0.180 4.00e-09 [1.0783841e-07]
0.200 4.00e-09 [1.23641426e-07]
0.220 4.00e-09 [1.79289464e-07]
0.250 4.00e-09 [2.26275958e-07]
0.270 4.00e-09 [2.30844391e-07]
0.290 4.00e-09 [2.40977011e-07]
0.310 4.00e-09 [2.02976494e-07]
0.330 4.00e-09 [1.87006844e-07]
0.350 4.00e-09 [1.65797055e-07]
0.370 4.00e-09 [1.40908091e-07]
0.390 4.00e-09 [1.14128399e-07]
0.410 4.00e-09 [8.77466981e-08]
0.430 4.00e-09 [6.50933687e-08]
0.450 4.00e-09 [4.24559961e-08]
0.470 4.00e-09 [2.42122299e-08]
0.490 4.00e-09 [1.13372848e-08]
0.510 4.00e-09 [4.06832034e-09]
0.530 4.00e-09 [9.65764091e-10]
0.001 8.00e-09 [0.]
0.002 8.00e-09 [0.]
0.003 8.00e-09 [0.]
0.004 8.00e-09 [0.]
0.005 8.00e-09 [0.]
0.007 8.00e-09 [0.]
0.010 8.00e-09 [0.]
0.020 8.00e-09 [0.]
0.040 8.00e-09 [1.49475709e-07]
0.060 8.00e-09 [4.39480447e-07]
0.080 8.00e-09 [7.1190791e-07]
0.100 8.00e-09 [9.60488945e-07]
0.120 8.00e-09 [1.1795981e-06]
0.140 8.00e-09 [1.48848208e-06]
0.160 8.00e-09 [1.62754452e-06]
0.180 8.00e-09 [1.83325297e-06]
0.200 8.00e-09 [1.97826281e-06]
0.220 8.00e-09 [2.86863142e-06]
0.250 8.00e-09 [3.46956469e-06]
0.270 8.00e-09 [3.56159918e-06]
0.290 8.00e-09 [3.74223123e-06]
0.310 8.00e-09 [3.29538308e-06]
0.330 8.00e-09 [2.99210951e-06]
0.350 8.00e-09 [2.65275289e-06]
0.370 8.00e-09 [2.25452946e-06]
0.390 8.00e-09 [1.82605439e-06]
0.410 8.00e-09 [1.41694668e-06]
0.430 8.00e-09 [1.02413567e-06]
0.450 8.00e-09 [6.73988938e-07]
0.470 8.00e-09 [3.87395678e-07]
0.490 8.00e-09 [1.80170904e-07]
0.510 8.00e-09 [6.42794614e-08]
0.530 8.00e-09 [1.54522255e-08]
0.001 1.60e-08 [0.]
0.002 1.60e-08 [0.]
0.003 1.60e-08 [0.]
0.004 1.60e-08 [0.]
0.005 1.60e-08 [0.]
0.007 1.60e-08 [0.]
0.010 1.60e-08 [0.]
0.020 1.60e-08 [6.05140682e-07]
0.040 1.60e-08 [2.98951419e-06]
0.060 1.60e-08 [6.44571323e-06]
0.080 1.60e-08 [1.02514739e-05]
0.100 1.60e-08 [1.48189723e-05]
0.120 1.60e-08 [1.88735697e-05]
0.140 1.60e-08 [2.28233919e-05]
0.160 1.60e-08 [2.65057251e-05]
0.180 1.60e-08 [2.93320475e-05]
0.200 1.60e-08 [3.08608999e-05]
0.220 1.60e-08 [4.55395238e-05]
0.250 1.60e-08 [5.58147363e-05]
0.270 1.60e-08 [5.69855868e-05]
0.290 1.60e-08 [5.94220959e-05]
0.310 1.60e-08 [5.21530192e-05]
0.330 1.60e-08 [4.77162727e-05]
0.350 1.60e-08 [4.20650815e-05]
0.370 1.60e-08 [3.58764253e-05]
0.390 1.60e-08 [2.89977437e-05]
0.410 1.60e-08 [2.24631547e-05]
0.430 1.60e-08 [1.62125884e-05]
0.450 1.60e-08 [1.0677683e-05]
0.470 1.60e-08 [6.15275489e-06]
0.490 1.60e-08 [2.86312403e-06]
0.510 1.60e-08 [1.01708008e-06]
0.530 1.60e-08 [2.44001421e-07]
0.001 3.20e-08 [0.]
0.002 3.20e-08 [0.]
0.003 3.20e-08 [0.]
0.004 3.20e-08 [0.]
0.005 3.20e-08 [0.]
0.007 3.20e-08 [2.42907168e-06]
0.010 3.20e-08 [4.85566709e-06]
0.020 3.20e-08 [1.45233764e-05]
0.040 3.20e-08 [5.26154497e-05]
0.060 3.20e-08 [0.00010548]
0.080 3.20e-08 [0.00016402]
0.100 3.20e-08 [0.00023491]
0.120 3.20e-08 [0.00030198]
0.140 3.20e-08 [0.0003612]
0.160 3.20e-08 [0.00041851]
0.180 3.20e-08 [0.00046414]
0.200 3.20e-08 [0.00048903]
0.220 3.20e-08 [0.00072146]
0.250 3.20e-08 [0.00088097]
0.270 3.20e-08 [0.00090016]
0.290 3.20e-08 [0.00093805]
0.310 3.20e-08 [0.00082375]
0.330 3.20e-08 [0.00075086]
0.350 3.20e-08 [0.00066243]
0.370 3.20e-08 [0.00056344]
0.390 3.20e-08 [0.0004552]
0.410 3.20e-08 [0.00035275]
0.430 3.20e-08 [0.00025412]
0.450 3.20e-08 [0.00016702]
0.470 3.20e-08 [9.61652802e-05]
0.490 3.20e-08 [4.46921894e-05]
0.510 3.20e-08 [1.58631947e-05]
0.530 3.20e-08 [3.79909134e-06]
0.001 6.30e-08 [0.]
0.002 6.30e-08 [0.]
0.003 6.30e-08 [9.41878813e-06]
0.004 6.30e-08 [9.41812941e-06]
0.005 6.30e-08 [1.88345641e-05]
0.007 6.30e-08 [2.82450747e-05]
0.010 6.30e-08 [5.64613555e-05]
0.020 6.30e-08 [0.0002064]
0.040 6.30e-08 [0.00079721]
0.060 6.30e-08 [0.00163528]
0.080 6.30e-08 [0.00253418]
0.100 6.30e-08 [0.00362498]
0.120 6.30e-08 [0.00462493]
0.140 6.30e-08 [0.00553086]
0.160 6.30e-08 [0.00640926]
0.180 6.30e-08 [0.00707555]
0.200 6.30e-08 [0.007453]
0.220 6.30e-08 [0.01092973]
0.250 6.30e-08 [0.01323746]
0.270 6.30e-08 [0.01346518]
0.290 6.30e-08 [0.01394922]
0.310 6.30e-08 [0.01223822]
0.330 6.30e-08 [0.01110904]
0.350 6.30e-08 [0.00976693]
0.370 6.30e-08 [0.00827346]
0.390 6.30e-08 [0.00665648]
0.410 6.30e-08 [0.00513613]
0.430 6.30e-08 [0.00368264]
0.450 6.30e-08 [0.00241045]
0.470 6.30e-08 [0.00138159]
0.490 6.30e-08 [0.0006384]
0.510 6.30e-08 [0.00022535]
0.530 6.30e-08 [5.35967908e-05]
0.001 1.26e-07 [0.]
0.002 1.26e-07 [3.76770355e-05]
0.003 1.26e-07 [7.5350305e-05]
0.004 1.26e-07 [0.00015069]
0.005 1.26e-07 [0.00022601]
0.007 1.26e-07 [0.00045192]
0.010 1.26e-07 [0.00090338]
0.020 1.26e-07 [0.00330248]
0.040 1.26e-07 [0.01256989]
0.060 1.26e-07 [0.02583741]
0.080 1.26e-07 [0.03980511]
0.100 1.26e-07 [0.056536]
0.120 1.26e-07 [0.07185301]
0.140 1.26e-07 [0.08553981]
0.160 1.26e-07 [0.09845312]
0.180 1.26e-07 [0.10820644]
0.200 1.26e-07 [0.11331021]
0.220 1.26e-07 [0.16175555]
0.250 1.26e-07 [0.19035751]
0.270 1.26e-07 [0.19052497]
0.290 1.26e-07 [0.19336921]
0.310 1.26e-07 [0.16866945]
0.330 1.26e-07 [0.1511122]
0.350 1.26e-07 [0.13110833]
0.370 1.26e-07 [0.1094395]
0.390 1.26e-07 [0.08683996]
0.410 1.26e-07 [0.06599008]
0.430 1.26e-07 [0.04658366]
0.450 1.26e-07 [0.03003916]
0.470 1.26e-07 [0.01695217]
0.490 1.26e-07 [0.00768822]
0.510 1.26e-07 [0.00266882]
0.530 1.26e-07 [0.00062094]
0.001 2.51e-07 [0.00014952]
0.002 2.51e-07 [0.00059806]
0.003 2.51e-07 [0.00134556]
0.004 2.51e-07 [0.00224245]
0.005 2.51e-07 [0.00358759]
0.007 2.51e-07 [0.00702402]
0.010 2.51e-07 [0.01404088]
0.020 2.51e-07 [0.05182545]
0.040 2.51e-07 [0.19437523]
0.060 2.51e-07 [0.39224253]
0.080 2.51e-07 [0.59553599]
0.100 2.51e-07 [0.82784956]
0.120 2.51e-07 [1.03190668]
0.140 2.51e-07 [1.2074863]
0.160 2.51e-07 [1.35838548]
0.180 2.51e-07 [1.46568374]
0.200 2.51e-07 [1.50630103]
0.220 2.51e-07 [1.96337265]
0.250 2.51e-07 [2.10760308]
0.270 2.51e-07 [2.01335574]
0.290 2.51e-07 [1.9242364]
0.310 2.51e-07 [1.65361232]
0.330 2.51e-07 [1.43119532]
0.350 2.51e-07 [1.1983276]
0.370 2.51e-07 [0.96427809]
0.390 2.51e-07 [0.74059094]
0.410 2.51e-07 [0.5429468]
0.430 2.51e-07 [0.37019593]
0.450 2.51e-07 [0.23108029]
0.470 2.51e-07 [0.12624324]
0.490 2.51e-07 [0.05518505]
0.510 2.51e-07 [0.01854831]
0.530 2.51e-07 [0.00414509]
0.001 5.01e-07 [0.00297846]
0.002 5.01e-07 [0.00893516]
0.003 5.01e-07 [0.02084767]
0.004 5.01e-07 [0.03514075]
0.005 5.01e-07 [0.05657747]
0.007 5.01e-07 [0.11134159]
0.010 5.01e-07 [0.22137947]
0.020 5.01e-07 [0.79920728]
0.040 5.01e-07 [2.84906508]
0.060 5.01e-07 [5.3822103]
0.080 5.01e-07 [7.76797184]
0.100 5.01e-07 [10.06040068]
0.120 5.01e-07 [11.81751072]
0.140 5.01e-07 [13.10798786]
0.160 5.01e-07 [13.82113044]
0.180 5.01e-07 [14.17705158]
0.200 5.01e-07 [13.89863132]
0.220 5.01e-07 [14.8527149]
0.250 5.01e-07 [13.45698183]
0.270 5.01e-07 [11.97876825]
0.290 5.01e-07 [10.43752404]
0.310 5.01e-07 [8.79271781]
0.330 5.01e-07 [7.25731056]
0.350 5.01e-07 [5.78637433]
0.370 5.01e-07 [4.45570429]
0.390 5.01e-07 [3.2880988]
0.410 5.01e-07 [2.30054153]
0.430 5.01e-07 [1.51457901]
0.450 5.01e-07 [0.90959034]
0.470 5.01e-07 [0.47919016]
0.490 5.01e-07 [0.20148977]
0.510 5.01e-07 [0.06534738]
0.530 5.01e-07 [0.01399693]
0.001 1.00e-06 [0.04746524]
0.002 1.00e-06 [0.14476563]
0.003 1.00e-06 [0.33223239]
0.004 1.00e-06 [0.55526387]
0.005 1.00e-06 [0.88264775]
0.007 1.00e-06 [1.72929029]
0.010 1.00e-06 [3.39043161]
0.020 1.00e-06 [11.48821763]
0.040 1.00e-06 [34.8325114]
0.060 1.00e-06 [55.33791299]
0.080 1.00e-06 [70.68578132]
0.100 1.00e-06 [79.34967932]
0.120 1.00e-06 [83.62859052]
0.140 1.00e-06 [83.83565221]
0.160 1.00e-06 [80.77052977]
0.180 1.00e-06 [76.24849573]
0.200 1.00e-06 [70.41070096]
0.220 1.00e-06 [60.31549683]
0.250 1.00e-06 [45.50739505]
0.270 1.00e-06 [37.49160244]
0.290 1.00e-06 [29.02709847]
0.310 1.00e-06 [23.98853817]
0.330 1.00e-06 [18.57396269]
0.350 1.00e-06 [13.85836399]
0.370 1.00e-06 [10.04889116]
0.390 1.00e-06 [6.99835346]
0.410 1.00e-06 [4.63838796]
0.430 1.00e-06 [2.88417868]
0.450 1.00e-06 [1.64492108]
0.470 1.00e-06 [0.81863152]
0.490 1.00e-06 [0.32410846]
0.510 1.00e-06 [0.09962299]
0.530 1.00e-06 [0.01998767]
0.001 1.99e-06 [0.75565133]
0.002 1.99e-06 [2.27634706]
0.003 1.99e-06 [5.18527833]
0.004 1.99e-06 [8.60374899]
0.005 1.99e-06 [13.43801679]
0.007 1.99e-06 [25.52894464]
0.010 1.99e-06 [47.62533636]
0.020 1.99e-06 [137.24544492]
0.040 1.99e-06 [294.30732878]
0.060 1.99e-06 [363.8126687]
0.080 1.99e-06 [382.04123896]
0.100 1.99e-06 [367.83068511]
0.120 1.99e-06 [339.20146321]
0.140 1.99e-06 [300.46009674]
0.160 1.99e-06 [263.88544126]
0.180 1.99e-06 [223.72027457]
0.200 1.99e-06 [188.38663809]
0.220 1.99e-06 [120.90105146]
0.250 1.99e-06 [69.98756991]
0.270 1.99e-06 [50.13019429]
0.290 1.99e-06 [32.44348805]
0.310 1.99e-06 [25.4176225]
0.330 1.99e-06 [17.27051044]
0.350 1.99e-06 [11.81493028]
0.370 1.99e-06 [7.61675814]
0.390 1.99e-06 [4.80920124]
0.410 1.99e-06 [2.8456108]
0.430 1.99e-06 [1.61974745]
0.450 1.99e-06 [0.82045733]
0.470 1.99e-06 [0.36827834]
0.490 1.99e-06 [0.12988014]
0.510 1.99e-06 [0.03615374]
0.530 1.99e-06 [0.00641372]
0.001 3.98e-06 [11.88549024]
0.002 3.98e-06 [34.82819568]
0.003 3.98e-06 [77.62613746]
0.004 3.98e-06 [126.02083055]
0.005 3.98e-06 [187.26567361]
0.007 3.98e-06 [330.0800264]
0.010 3.98e-06 [552.05738767]
0.020 3.98e-06 [1174.34776019]
0.040 3.98e-06 [1570.9436697]
0.060 3.98e-06 [1444.55754299]
0.080 3.98e-06 [1196.65795775]
0.100 3.98e-06 [945.64367695]
0.120 3.98e-06 [711.33969586]
0.140 3.98e-06 [538.30048683]
0.160 3.98e-06 [394.82535529]
0.180 3.98e-06 [284.4787191]
0.200 3.98e-06 [214.81171685]
0.220 3.98e-06 [84.22218032]
0.250 3.98e-06 [30.55658658]
0.270 3.98e-06 [17.06758027]
0.290 3.98e-06 [8.05940456]
0.310 3.98e-06 [5.12093301]
0.330 3.98e-06 [2.59328298]
0.350 3.98e-06 [1.68917888]
0.370 3.98e-06 [0.73427347]
0.390 3.98e-06 [0.32105278]
0.410 3.98e-06 [0.15451571]
0.430 3.98e-06 [0.06662567]
0.450 3.98e-06 [0.02365516]
0.470 3.98e-06 [0.0084645]
0.490 3.98e-06 [0.00212456]
0.510 3.98e-06 [0.00040298]
0.530 3.98e-06 [4.44935406e-05]
0.001 7.94e-06 [182.37364388]
0.002 7.94e-06 [497.84758955]
0.003 7.94e-06 [1036.81872429]
0.004 7.94e-06 [1594.11894129]
0.005 7.94e-06 [2171.80661306]
0.007 7.94e-06 [3311.40581763]
0.010 7.94e-06 [4642.52038598]
0.020 7.94e-06 [6308.04924523]
0.040 7.94e-06 [4909.22150111]
0.060 7.94e-06 [3111.81966636]
0.080 7.94e-06 [1819.20430796]
0.100 7.94e-06 [1030.4441308]
0.120 7.94e-06 [588.4014489]
0.140 7.94e-06 [330.27530331]
0.160 7.94e-06 [179.35287169]
0.180 7.94e-06 [105.03150084]
0.200 7.94e-06 [55.18989577]
0.220 7.94e-06 [8.57206899]
0.250 7.94e-06 [0.96660639]
0.270 7.94e-06 [0.26007609]
0.290 7.94e-06 [0.05589537]
0.310 7.94e-06 [0.]
0.330 7.94e-06 [0.]
0.350 7.94e-06 [0.]
0.370 7.94e-06 [0.]
0.390 7.94e-06 [0.]
0.410 7.94e-06 [0.]
0.430 7.94e-06 [0.]
0.450 7.94e-06 [0.]
0.470 7.94e-06 [0.]
0.490 7.94e-06 [0.]
0.510 7.94e-06 [0.]
0.530 7.94e-06 [0.]
0.001 1.58e-05 [2611.6961336]
0.002 1.58e-05 [6205.69024769]
0.003 1.58e-05 [11146.43637239]
0.004 1.58e-05 [15150.55912897]
0.005 1.58e-05 [18237.68189904]
0.007 1.58e-05 [22698.68419299]
0.010 1.58e-05 [25122.93879477]
0.020 1.58e-05 [19925.22542278]
0.040 1.58e-05 [7404.95725296]
0.060 1.58e-05 [2513.17578474]
0.080 1.58e-05 [860.59395605]
0.100 1.58e-05 [229.95664423]
0.120 1.58e-05 [83.84997111]
0.140 1.58e-05 [24.82883244]
0.160 1.58e-05 [7.30043236]
0.180 1.58e-05 [1.69300104]
0.200 1.58e-05 [0.38821986]
0.220 1.58e-05 [0.]
0.250 1.58e-05 [0.]
0.270 1.58e-05 [0.]
0.290 1.58e-05 [0.]
0.310 1.58e-05 [0.]
0.330 1.58e-05 [0.]
0.350 1.58e-05 [0.]
0.370 1.58e-05 [0.]
0.390 1.58e-05 [0.]
0.410 1.58e-05 [0.]
0.430 1.58e-05 [0.]
0.450 1.58e-05 [0.]
0.470 1.58e-05 [0.]
0.490 1.58e-05 [0.]
0.510 1.58e-05 [0.]
0.530 1.58e-05 [0.]
0.001 3.16e-05 [31398.69819696]
0.002 3.16e-05 [59153.02205137]
0.003 3.16e-05 [84098.69733531]
0.004 3.16e-05 [95620.63610883]
0.005 3.16e-05 [100063.2980899]
0.007 3.16e-05 [96746.73747378]
0.010 3.16e-05 [79811.41358844]
0.020 3.16e-05 [30992.62334037]
0.040 3.16e-05 [3381.93570704]
0.060 3.16e-05 [363.94988762]
0.080 3.16e-05 [35.59589843]
0.100 3.16e-05 [2.14397883]
0.120 3.16e-05 [0.]
0.140 3.16e-05 [0.]
0.160 3.16e-05 [0.]
0.180 3.16e-05 [0.]
0.200 3.16e-05 [0.]
0.220 3.16e-05 [0.]
0.250 3.16e-05 [0.]
0.270 3.16e-05 [0.]
0.290 3.16e-05 [0.]
0.310 3.16e-05 [0.]
0.330 3.16e-05 [0.]
0.350 3.16e-05 [0.]
0.370 3.16e-05 [0.]
0.390 3.16e-05 [0.]
0.410 3.16e-05 [0.]
0.430 3.16e-05 [0.]
0.450 3.16e-05 [0.]
0.470 3.16e-05 [0.]
0.490 3.16e-05 [0.]
0.510 3.16e-05 [0.]
0.530 3.16e-05 [0.]
0.001 6.31e-05 [276634.00060404]
0.002 6.31e-05 [376502.28419219]
0.003 6.31e-05 [395255.67991555]
0.004 6.31e-05 [367284.2423523]
0.005 6.31e-05 [323242.26408833]
0.007 6.31e-05 [224827.1223794]
0.010 6.31e-05 [122366.24385411]
0.020 6.31e-05 [13814.8475249]
0.040 6.31e-05 [130.17342761]
0.060 6.31e-05 [0.]
0.080 6.31e-05 [0.]
0.100 6.31e-05 [0.]
0.120 6.31e-05 [0.]
0.140 6.31e-05 [0.]
0.160 6.31e-05 [0.]
0.180 6.31e-05 [0.]
0.200 6.31e-05 [0.]
0.220 6.31e-05 [0.]
0.250 6.31e-05 [0.]
0.270 6.31e-05 [0.]
0.290 6.31e-05 [0.]
0.310 6.31e-05 [0.]
0.330 6.31e-05 [0.]
0.350 6.31e-05 [0.]
0.370 6.31e-05 [0.]
0.390 6.31e-05 [0.]
0.410 6.31e-05 [0.]
0.430 6.31e-05 [0.]
0.450 6.31e-05 [0.]
0.470 6.31e-05 [0.]
0.490 6.31e-05 [0.]
0.510 6.31e-05 [0.]
0.530 6.31e-05 [0.]
0.001 1.26e-04 [1566545.37410182]
0.002 1.26e-04 [1476350.66958319]
0.003 1.26e-04 [1063306.00130575]
0.004 1.26e-04 [730847.17198752]
0.005 1.26e-04 [493944.00858772]
0.007 1.26e-04 [207681.21208629]
0.010 1.26e-04 [57079.46457588]
0.020 1.26e-04 [524.50252832]
0.040 1.26e-04 [0.]
0.060 1.26e-04 [0.]
0.080 1.26e-04 [0.]
0.100 1.26e-04 [0.]
0.120 1.26e-04 [0.]
0.140 1.26e-04 [0.]
0.160 1.26e-04 [0.]
0.180 1.26e-04 [0.]
0.200 1.26e-04 [0.]
0.220 1.26e-04 [0.]
0.250 1.26e-04 [0.]
0.270 1.26e-04 [0.]
0.290 1.26e-04 [0.]
0.310 1.26e-04 [0.]
0.330 1.26e-04 [0.]
0.350 1.26e-04 [0.]
0.370 1.26e-04 [0.]
0.390 1.26e-04 [0.]
0.410 1.26e-04 [0.]
0.430 1.26e-04 [0.]
0.450 1.26e-04 [0.]
0.470 1.26e-04 [0.]
0.490 1.26e-04 [0.]
0.510 1.26e-04 [0.]
0.530 1.26e-04 [0.]
0.001 2.51e-04 [5325764.03120659]
0.002 2.51e-04 [2999585.04357749]
0.003 2.51e-04 [1262841.25011253]
0.004 2.51e-04 [553371.45270957]
0.005 2.51e-04 [226358.8632632]
0.007 2.51e-04 [38465.79666759]
0.010 2.51e-04 [2243.94105354]
0.020 2.51e-04 [0.]
0.040 2.51e-04 [0.]
0.060 2.51e-04 [0.]
0.080 2.51e-04 [0.]
0.100 2.51e-04 [0.]
0.120 2.51e-04 [0.]
0.140 2.51e-04 [0.]
0.160 2.51e-04 [0.]
0.180 2.51e-04 [0.]
0.200 2.51e-04 [0.]
0.220 2.51e-04 [0.]
0.250 2.51e-04 [0.]
0.270 2.51e-04 [0.]
0.290 2.51e-04 [0.]
0.310 2.51e-04 [0.]
0.330 2.51e-04 [0.]
0.350 2.51e-04 [0.]
0.370 2.51e-04 [0.]
0.390 2.51e-04 [0.]
0.410 2.51e-04 [0.]
0.430 2.51e-04 [0.]
0.450 2.51e-04 [0.]
0.470 2.51e-04 [0.]
0.490 2.51e-04 [0.]
0.510 2.51e-04 [0.]
0.530 2.51e-04 [0.]
0.001 5.01e-04 [9081533.90115176]
0.002 5.01e-04 [2324876.22422842]
0.003 5.01e-04 [385075.63650248]
0.004 5.01e-04 [59009.01213792]
0.005 5.01e-04 [8343.95801184]
0.007 5.01e-04 [0.]
0.010 5.01e-04 [0.]
0.020 5.01e-04 [0.]
0.040 5.01e-04 [0.]
0.060 5.01e-04 [0.]
0.080 5.01e-04 [0.]
0.100 5.01e-04 [0.]
0.120 5.01e-04 [0.]
0.140 5.01e-04 [0.]
0.160 5.01e-04 [0.]
0.180 5.01e-04 [0.]
0.200 5.01e-04 [0.]
0.220 5.01e-04 [0.]
0.250 5.01e-04 [0.]
0.270 5.01e-04 [0.]
0.290 5.01e-04 [0.]
0.310 5.01e-04 [0.]
0.330 5.01e-04 [0.]
0.350 5.01e-04 [0.]
0.370 5.01e-04 [0.]
0.390 5.01e-04 [0.]
0.410 5.01e-04 [0.]
0.430 5.01e-04 [0.]
0.450 5.01e-04 [0.]
0.470 5.01e-04 [0.]
0.490 5.01e-04 [0.]
0.510 5.01e-04 [0.]
0.530 5.01e-04 [0.]
0.001 1.00e-03 [4862813.57641885]
0.002 1.00e-03 [289531.26288447]
0.003 1.00e-03 [4746.17693558]
0.004 1.00e-03 [0.]
0.005 1.00e-03 [0.]
0.007 1.00e-03 [0.]
0.010 1.00e-03 [0.]
0.020 1.00e-03 [0.]
0.040 1.00e-03 [0.]
0.060 1.00e-03 [0.]
0.080 1.00e-03 [0.]
0.100 1.00e-03 [0.]
0.120 1.00e-03 [0.]
0.140 1.00e-03 [0.]
0.160 1.00e-03 [0.]
0.180 1.00e-03 [0.]
0.200 1.00e-03 [0.]
0.220 1.00e-03 [0.]
0.250 1.00e-03 [0.]
0.270 1.00e-03 [0.]
0.290 1.00e-03 [0.]
0.310 1.00e-03 [0.]
0.330 1.00e-03 [0.]
0.350 1.00e-03 [0.]
0.370 1.00e-03 [0.]
0.390 1.00e-03 [0.]
0.410 1.00e-03 [0.]
0.430 1.00e-03 [0.]
0.450 1.00e-03 [0.]
0.470 1.00e-03 [0.]
0.490 1.00e-03 [0.]
0.510 1.00e-03 [0.]
0.530 1.00e-03 [0.]
0.001 1.00e-09 [0.]
0.002 1.00e-09 [0.]
0.003 1.00e-09 [0.]
0.004 1.00e-09 [0.]
0.005 1.00e-09 [0.]
0.007 1.00e-09 [0.]
0.010 1.00e-09 [0.]
0.020 1.00e-09 [0.]
0.040 1.00e-09 [0.]
0.060 1.00e-09 [0.]
0.080 1.00e-09 [0.]
0.100 1.00e-09 [0.]
0.120 1.00e-09 [0.]
0.140 1.00e-09 [0.]
0.160 1.00e-09 [0.]
0.180 1.00e-09 [0.]
0.200 1.00e-09 [0.]
0.220 1.00e-09 [1.40069893e-09]
0.250 1.00e-09 [1.17852062e-09]
0.270 1.00e-09 [1.03055532e-09]
0.290 1.00e-09 [8.85944893e-10]
0.310 1.00e-09 [7.46237111e-10]
0.330 1.00e-09 [6.15154093e-10]
0.350 1.00e-09 [4.93443617e-10]
0.370 1.00e-09 [3.82902422e-10]
0.390 1.00e-09 [5.70641997e-10]
0.410 1.00e-09 [4.06234713e-10]
0.430 1.00e-09 [2.71222369e-10]
0.450 1.00e-09 [1.65843735e-10]
0.470 1.00e-09 [8.90155511e-11]
0.490 1.00e-09 [3.83016378e-11]
0.510 1.00e-09 [1.90702516e-11]
0.530 1.00e-09 [4.21118063e-12]
0.001 2.00e-09 [0.]
0.002 2.00e-09 [0.]
0.003 2.00e-09 [0.]
0.004 2.00e-09 [0.]
0.005 2.00e-09 [0.]
0.007 2.00e-09 [0.]
0.010 2.00e-09 [0.]
0.020 2.00e-09 [0.]
0.040 2.00e-09 [0.]
0.060 2.00e-09 [0.]
0.080 2.00e-09 [0.]
0.100 2.00e-09 [0.]
0.120 2.00e-09 [8.19165349e-09]
0.140 2.00e-09 [7.75251084e-09]
0.160 2.00e-09 [7.26582375e-09]
0.180 2.00e-09 [6.73990062e-09]
0.200 2.00e-09 [6.18207129e-09]
0.220 2.00e-09 [1.12055915e-08]
0.250 2.00e-09 [1.41422474e-08]
0.270 2.00e-09 [1.23666638e-08]
0.290 2.00e-09 [1.41751183e-08]
0.310 2.00e-09 [1.19397938e-08]
0.330 2.00e-09 [1.23030819e-08]
0.350 2.00e-09 [9.86887234e-09]
0.370 2.00e-09 [9.18965813e-09]
0.390 2.00e-09 [6.84770397e-09]
0.410 2.00e-09 [5.68728599e-09]
0.430 2.00e-09 [3.79711317e-09]
0.450 2.00e-09 [2.65349975e-09]
0.470 2.00e-09 [1.60227992e-09]
0.490 2.00e-09 [6.8942948e-10]
0.510 2.00e-09 [2.54270021e-10]
0.530 2.00e-09 [6.17639826e-11]
0.001 4.00e-09 [0.]
0.002 4.00e-09 [0.]
0.003 4.00e-09 [0.]
0.004 4.00e-09 [0.]
0.005 4.00e-09 [0.]
0.007 4.00e-09 [0.]
0.010 4.00e-09 [0.]
0.020 4.00e-09 [0.]
0.040 4.00e-09 [0.]
0.060 4.00e-09 [3.66233706e-08]
0.080 4.00e-09 [3.55953955e-08]
0.100 4.00e-09 [6.86063532e-08]
0.120 4.00e-09 [6.5533228e-08]
0.140 4.00e-09 [9.30301301e-08]
0.160 4.00e-09 [1.1625318e-07]
0.180 4.00e-09 [1.0783841e-07]
0.200 4.00e-09 [1.23641426e-07]
0.220 4.00e-09 [1.79289464e-07]
0.250 4.00e-09 [2.26275958e-07]
0.270 4.00e-09 [2.30844391e-07]
0.290 4.00e-09 [2.40977011e-07]
0.310 4.00e-09 [2.02976494e-07]
0.330 4.00e-09 [1.87006844e-07]
0.350 4.00e-09 [1.65797055e-07]
0.370 4.00e-09 [1.40908091e-07]
0.390 4.00e-09 [1.14128399e-07]
0.410 4.00e-09 [8.77466981e-08]
0.430 4.00e-09 [6.50933687e-08]
0.450 4.00e-09 [4.24559961e-08]
0.470 4.00e-09 [2.42122299e-08]
0.490 4.00e-09 [1.13372848e-08]
0.510 4.00e-09 [4.06832034e-09]
0.530 4.00e-09 [9.65764091e-10]
0.001 8.00e-09 [0.]
0.002 8.00e-09 [0.]
0.003 8.00e-09 [0.]
0.004 8.00e-09 [0.]
0.005 8.00e-09 [0.]
0.007 8.00e-09 [0.]
0.010 8.00e-09 [0.]
0.020 8.00e-09 [0.]
0.040 8.00e-09 [1.49475709e-07]
0.060 8.00e-09 [4.39480447e-07]
0.080 8.00e-09 [7.1190791e-07]
0.100 8.00e-09 [9.60488945e-07]
0.120 8.00e-09 [1.1795981e-06]
0.140 8.00e-09 [1.48848208e-06]
0.160 8.00e-09 [1.62754452e-06]
0.180 8.00e-09 [1.83325297e-06]
0.200 8.00e-09 [1.97826281e-06]
0.220 8.00e-09 [2.86863142e-06]
0.250 8.00e-09 [3.46956469e-06]
0.270 8.00e-09 [3.56159918e-06]
0.290 8.00e-09 [3.74223123e-06]
0.310 8.00e-09 [3.29538308e-06]
0.330 8.00e-09 [2.99210951e-06]
0.350 8.00e-09 [2.65275289e-06]
0.370 8.00e-09 [2.25452946e-06]
0.390 8.00e-09 [1.82605439e-06]
0.410 8.00e-09 [1.41694668e-06]
0.430 8.00e-09 [1.02413567e-06]
0.450 8.00e-09 [6.73988938e-07]
0.470 8.00e-09 [3.87395678e-07]
0.490 8.00e-09 [1.80170904e-07]
0.510 8.00e-09 [6.42794614e-08]
0.530 8.00e-09 [1.54522255e-08]
0.001 1.60e-08 [0.]
0.002 1.60e-08 [0.]
0.003 1.60e-08 [0.]
0.004 1.60e-08 [0.]
0.005 1.60e-08 [0.]
0.007 1.60e-08 [0.]
0.010 1.60e-08 [0.]
0.020 1.60e-08 [6.05140682e-07]
0.040 1.60e-08 [2.98951419e-06]
0.060 1.60e-08 [6.44571323e-06]
0.080 1.60e-08 [1.02514739e-05]
0.100 1.60e-08 [1.48189723e-05]
0.120 1.60e-08 [1.88735697e-05]
0.140 1.60e-08 [2.28233919e-05]
0.160 1.60e-08 [2.65057251e-05]
0.180 1.60e-08 [2.93320475e-05]
0.200 1.60e-08 [3.08608999e-05]
0.220 1.60e-08 [4.55395238e-05]
0.250 1.60e-08 [5.58147363e-05]
0.270 1.60e-08 [5.69855868e-05]
0.290 1.60e-08 [5.94220959e-05]
0.310 1.60e-08 [5.21530192e-05]
0.330 1.60e-08 [4.77162727e-05]
0.350 1.60e-08 [4.20650815e-05]
0.370 1.60e-08 [3.58764253e-05]
0.390 1.60e-08 [2.89977437e-05]
0.410 1.60e-08 [2.24631547e-05]
0.430 1.60e-08 [1.62125884e-05]
0.450 1.60e-08 [1.0677683e-05]
0.470 1.60e-08 [6.15275489e-06]
0.490 1.60e-08 [2.86312403e-06]
0.510 1.60e-08 [1.01708008e-06]
0.530 1.60e-08 [2.44001421e-07]
0.001 3.20e-08 [0.]
0.002 3.20e-08 [0.]
0.003 3.20e-08 [0.]
0.004 3.20e-08 [0.]
0.005 3.20e-08 [0.]
0.007 3.20e-08 [2.42907168e-06]
0.010 3.20e-08 [4.85566709e-06]
0.020 3.20e-08 [1.45233764e-05]
0.040 3.20e-08 [5.26154497e-05]
0.060 3.20e-08 [0.00010548]
0.080 3.20e-08 [0.00016402]
0.100 3.20e-08 [0.00023491]
0.120 3.20e-08 [0.00030198]
0.140 3.20e-08 [0.0003612]
0.160 3.20e-08 [0.00041851]
0.180 3.20e-08 [0.00046414]
0.200 3.20e-08 [0.00048903]
0.220 3.20e-08 [0.00072146]
0.250 3.20e-08 [0.00088097]
0.270 3.20e-08 [0.00090016]
0.290 3.20e-08 [0.00093805]
0.310 3.20e-08 [0.00082375]
0.330 3.20e-08 [0.00075086]
0.350 3.20e-08 [0.00066243]
0.370 3.20e-08 [0.00056344]
0.390 3.20e-08 [0.0004552]
0.410 3.20e-08 [0.00035275]
0.430 3.20e-08 [0.00025412]
0.450 3.20e-08 [0.00016702]
0.470 3.20e-08 [9.61652802e-05]
0.490 3.20e-08 [4.46921894e-05]
0.510 3.20e-08 [1.58631947e-05]
0.530 3.20e-08 [3.79909134e-06]
0.001 6.30e-08 [0.]
0.002 6.30e-08 [0.]
0.003 6.30e-08 [9.41878813e-06]
0.004 6.30e-08 [9.41812941e-06]
0.005 6.30e-08 [1.88345641e-05]
0.007 6.30e-08 [2.82450747e-05]
0.010 6.30e-08 [5.64613555e-05]
0.020 6.30e-08 [0.0002064]
0.040 6.30e-08 [0.00079721]
0.060 6.30e-08 [0.00163528]
0.080 6.30e-08 [0.00253418]
0.100 6.30e-08 [0.00362498]
0.120 6.30e-08 [0.00462493]
0.140 6.30e-08 [0.00553086]
0.160 6.30e-08 [0.00640926]
0.180 6.30e-08 [0.00707555]
0.200 6.30e-08 [0.007453]
0.220 6.30e-08 [0.01092973]
0.250 6.30e-08 [0.01323746]
0.270 6.30e-08 [0.01346518]
0.290 6.30e-08 [0.01394922]
0.310 6.30e-08 [0.01223822]
0.330 6.30e-08 [0.01110904]
0.350 6.30e-08 [0.00976693]
0.370 6.30e-08 [0.00827346]
0.390 6.30e-08 [0.00665648]
0.410 6.30e-08 [0.00513613]
0.430 6.30e-08 [0.00368264]
0.450 6.30e-08 [0.00241045]
0.470 6.30e-08 [0.00138159]
0.490 6.30e-08 [0.0006384]
0.510 6.30e-08 [0.00022535]
0.530 6.30e-08 [5.35967908e-05]
0.001 1.26e-07 [0.]
0.002 1.26e-07 [3.76770355e-05]
0.003 1.26e-07 [7.5350305e-05]
0.004 1.26e-07 [0.00015069]
0.005 1.26e-07 [0.00022601]
0.007 1.26e-07 [0.00045192]
0.010 1.26e-07 [0.00090338]
0.020 1.26e-07 [0.00330248]
0.040 1.26e-07 [0.01256989]
0.060 1.26e-07 [0.02583741]
0.080 1.26e-07 [0.03980511]
0.100 1.26e-07 [0.056536]
0.120 1.26e-07 [0.07185301]
0.140 1.26e-07 [0.08553981]
0.160 1.26e-07 [0.09845312]
0.180 1.26e-07 [0.10820644]
0.200 1.26e-07 [0.11331021]
0.220 1.26e-07 [0.16175555]
0.250 1.26e-07 [0.19035751]
0.270 1.26e-07 [0.19052497]
0.290 1.26e-07 [0.19336921]
0.310 1.26e-07 [0.16866945]
0.330 1.26e-07 [0.1511122]
0.350 1.26e-07 [0.13110833]
0.370 1.26e-07 [0.1094395]
0.390 1.26e-07 [0.08683996]
0.410 1.26e-07 [0.06599008]
0.430 1.26e-07 [0.04658366]
0.450 1.26e-07 [0.03003916]
0.470 1.26e-07 [0.01695217]
0.490 1.26e-07 [0.00768822]
0.510 1.26e-07 [0.00266882]
0.530 1.26e-07 [0.00062094]
0.001 2.51e-07 [0.00014952]
0.002 2.51e-07 [0.00059806]
0.003 2.51e-07 [0.00134556]
0.004 2.51e-07 [0.00224245]
0.005 2.51e-07 [0.00358759]
0.007 2.51e-07 [0.00702402]
0.010 2.51e-07 [0.01404088]
0.020 2.51e-07 [0.05182545]
0.040 2.51e-07 [0.19437523]
0.060 2.51e-07 [0.39224253]
0.080 2.51e-07 [0.59553599]
0.100 2.51e-07 [0.82784956]
0.120 2.51e-07 [1.03190668]
0.140 2.51e-07 [1.2074863]
0.160 2.51e-07 [1.35838548]
0.180 2.51e-07 [1.46568374]
0.200 2.51e-07 [1.50630103]
0.220 2.51e-07 [1.96337265]
0.250 2.51e-07 [2.10760308]
0.270 2.51e-07 [2.01335574]
0.290 2.51e-07 [1.9242364]
0.310 2.51e-07 [1.65361232]
0.330 2.51e-07 [1.43119532]
0.350 2.51e-07 [1.1983276]
0.370 2.51e-07 [0.96427809]
0.390 2.51e-07 [0.74059094]
0.410 2.51e-07 [0.5429468]
0.430 2.51e-07 [0.37019593]
0.450 2.51e-07 [0.23108029]
0.470 2.51e-07 [0.12624324]
0.490 2.51e-07 [0.05518505]
0.510 2.51e-07 [0.01854831]
0.530 2.51e-07 [0.00414509]
0.001 5.01e-07 [0.00297846]
0.002 5.01e-07 [0.00893516]
0.003 5.01e-07 [0.02084767]
0.004 5.01e-07 [0.03514075]
0.005 5.01e-07 [0.05657747]
0.007 5.01e-07 [0.11134159]
0.010 5.01e-07 [0.22137947]
0.020 5.01e-07 [0.79920728]
0.040 5.01e-07 [2.84906508]
0.060 5.01e-07 [5.3822103]
0.080 5.01e-07 [7.76797184]
0.100 5.01e-07 [10.06040068]
0.120 5.01e-07 [11.81751072]
0.140 5.01e-07 [13.10798786]
0.160 5.01e-07 [13.82113044]
0.180 5.01e-07 [14.17705158]
0.200 5.01e-07 [13.89863132]
0.220 5.01e-07 [14.8527149]
0.250 5.01e-07 [13.45698183]
0.270 5.01e-07 [11.97876825]
0.290 5.01e-07 [10.43752404]
0.310 5.01e-07 [8.79271781]
0.330 5.01e-07 [7.25731056]
0.350 5.01e-07 [5.78637433]
0.370 5.01e-07 [4.45570429]
0.390 5.01e-07 [3.2880988]
0.410 5.01e-07 [2.30054153]
0.430 5.01e-07 [1.51457901]
0.450 5.01e-07 [0.90959034]
0.470 5.01e-07 [0.47919016]
0.490 5.01e-07 [0.20148977]
0.510 5.01e-07 [0.06534738]
0.530 5.01e-07 [0.01399693]
0.001 1.00e-06 [0.04746524]
0.002 1.00e-06 [0.14476563]
0.003 1.00e-06 [0.33223239]
0.004 1.00e-06 [0.55526387]
0.005 1.00e-06 [0.88264775]
0.007 1.00e-06 [1.72929029]
0.010 1.00e-06 [3.39043161]
0.020 1.00e-06 [11.48821763]
0.040 1.00e-06 [34.8325114]
0.060 1.00e-06 [55.33791299]
0.080 1.00e-06 [70.68578132]
0.100 1.00e-06 [79.34967932]
0.120 1.00e-06 [83.62859052]
0.140 1.00e-06 [83.83565221]
0.160 1.00e-06 [80.77052977]
0.180 1.00e-06 [76.24849573]
0.200 1.00e-06 [70.41070096]
0.220 1.00e-06 [60.31549683]
0.250 1.00e-06 [45.50739505]
0.270 1.00e-06 [37.49160244]
0.290 1.00e-06 [29.02709847]
0.310 1.00e-06 [23.98853817]
0.330 1.00e-06 [18.57396269]
0.350 1.00e-06 [13.85836399]
0.370 1.00e-06 [10.04889116]
0.390 1.00e-06 [6.99835346]
0.410 1.00e-06 [4.63838796]
0.430 1.00e-06 [2.88417868]
0.450 1.00e-06 [1.64492108]
0.470 1.00e-06 [0.81863152]
0.490 1.00e-06 [0.32410846]
0.510 1.00e-06 [0.09962299]
0.530 1.00e-06 [0.01998767]
0.001 1.99e-06 [0.75565133]
0.002 1.99e-06 [2.27634706]
0.003 1.99e-06 [5.18527833]
0.004 1.99e-06 [8.60374899]
0.005 1.99e-06 [13.43801679]
0.007 1.99e-06 [25.52894464]
0.010 1.99e-06 [47.62533636]
0.020 1.99e-06 [137.24544492]
0.040 1.99e-06 [294.30732878]
0.060 1.99e-06 [363.8126687]
0.080 1.99e-06 [382.04123896]
0.100 1.99e-06 [367.83068511]
0.120 1.99e-06 [339.20146321]
0.140 1.99e-06 [300.46009674]
0.160 1.99e-06 [263.88544126]
0.180 1.99e-06 [223.72027457]
0.200 1.99e-06 [188.38663809]
0.220 1.99e-06 [120.90105146]
0.250 1.99e-06 [69.98756991]
0.270 1.99e-06 [50.13019429]
0.290 1.99e-06 [32.44348805]
0.310 1.99e-06 [25.4176225]
0.330 1.99e-06 [17.27051044]
0.350 1.99e-06 [11.81493028]
0.370 1.99e-06 [7.61675814]
0.390 1.99e-06 [4.80920124]
0.410 1.99e-06 [2.8456108]
0.430 1.99e-06 [1.61974745]
0.450 1.99e-06 [0.82045733]
0.470 1.99e-06 [0.36827834]
0.490 1.99e-06 [0.12988014]
0.510 1.99e-06 [0.03615374]
0.530 1.99e-06 [0.00641372]
0.001 3.98e-06 [11.88549024]
0.002 3.98e-06 [34.82819568]
0.003 3.98e-06 [77.62613746]
0.004 3.98e-06 [126.02083055]
0.005 3.98e-06 [187.26567361]
0.007 3.98e-06 [330.0800264]
0.010 3.98e-06 [552.05738767]
0.020 3.98e-06 [1174.34776019]
0.040 3.98e-06 [1570.9436697]
0.060 3.98e-06 [1444.55754299]
0.080 3.98e-06 [1196.65795775]
0.100 3.98e-06 [945.64367695]
0.120 3.98e-06 [711.33969586]
0.140 3.98e-06 [538.30048683]
0.160 3.98e-06 [394.82535529]
0.180 3.98e-06 [284.4787191]
0.200 3.98e-06 [214.81171685]
0.220 3.98e-06 [84.22218032]
0.250 3.98e-06 [30.55658658]
0.270 3.98e-06 [17.06758027]
0.290 3.98e-06 [8.05940456]
0.310 3.98e-06 [5.12093301]
0.330 3.98e-06 [2.59328298]
0.350 3.98e-06 [1.68917888]
0.370 3.98e-06 [0.73427347]
0.390 3.98e-06 [0.32105278]
0.410 3.98e-06 [0.15451571]
0.430 3.98e-06 [0.06662567]
0.450 3.98e-06 [0.02365516]
0.470 3.98e-06 [0.0084645]
0.490 3.98e-06 [0.00212456]
0.510 3.98e-06 [0.00040298]
0.530 3.98e-06 [4.44935406e-05]
0.001 7.94e-06 [182.37364388]
0.002 7.94e-06 [497.84758955]
0.003 7.94e-06 [1036.81872429]
0.004 7.94e-06 [1594.11894129]
0.005 7.94e-06 [2171.80661306]
0.007 7.94e-06 [3311.40581763]
0.010 7.94e-06 [4642.52038598]
0.020 7.94e-06 [6308.04924523]
0.040 7.94e-06 [4909.22150111]
0.060 7.94e-06 [3111.81966636]
0.080 7.94e-06 [1819.20430796]
0.100 7.94e-06 [1030.4441308]
0.120 7.94e-06 [588.4014489]
0.140 7.94e-06 [330.27530331]
0.160 7.94e-06 [179.35287169]
0.180 7.94e-06 [105.03150084]
0.200 7.94e-06 [55.18989577]
0.220 7.94e-06 [8.57206899]
0.250 7.94e-06 [0.96660639]
0.270 7.94e-06 [0.26007609]
0.290 7.94e-06 [0.05589537]
0.310 7.94e-06 [0.]
0.330 7.94e-06 [0.]
0.350 7.94e-06 [0.]
0.370 7.94e-06 [0.]
0.390 7.94e-06 [0.]
0.410 7.94e-06 [0.]
0.430 7.94e-06 [0.]
0.450 7.94e-06 [0.]
0.470 7.94e-06 [0.]
0.490 7.94e-06 [0.]
0.510 7.94e-06 [0.]
0.530 7.94e-06 [0.]
0.001 1.58e-05 [2611.6961336]
0.002 1.58e-05 [6205.69024769]
0.003 1.58e-05 [11146.43637239]
0.004 1.58e-05 [15150.55912897]
0.005 1.58e-05 [18237.68189904]
0.007 1.58e-05 [22698.68419299]
0.010 1.58e-05 [25122.93879477]
0.020 1.58e-05 [19925.22542278]
0.040 1.58e-05 [7404.95725296]
0.060 1.58e-05 [2513.17578474]
0.080 1.58e-05 [860.59395605]
0.100 1.58e-05 [229.95664423]
0.120 1.58e-05 [83.84997111]
0.140 1.58e-05 [24.82883244]
0.160 1.58e-05 [7.30043236]
0.180 1.58e-05 [1.69300104]
0.200 1.58e-05 [0.38821986]
0.220 1.58e-05 [0.]
0.250 1.58e-05 [0.]
0.270 1.58e-05 [0.]
0.290 1.58e-05 [0.]
0.310 1.58e-05 [0.]
0.330 1.58e-05 [0.]
0.350 1.58e-05 [0.]
0.370 1.58e-05 [0.]
0.390 1.58e-05 [0.]
0.410 1.58e-05 [0.]
0.430 1.58e-05 [0.]
0.450 1.58e-05 [0.]
0.470 1.58e-05 [0.]
0.490 1.58e-05 [0.]
0.510 1.58e-05 [0.]
0.530 1.58e-05 [0.]
0.001 3.16e-05 [31398.69819696]
0.002 3.16e-05 [59153.02205137]
0.003 3.16e-05 [84098.69733531]
0.004 3.16e-05 [95620.63610883]
0.005 3.16e-05 [100063.2980899]
0.007 3.16e-05 [96746.73747378]
0.010 3.16e-05 [79811.41358844]
0.020 3.16e-05 [30992.62334037]
0.040 3.16e-05 [3381.93570704]
0.060 3.16e-05 [363.94988762]
0.080 3.16e-05 [35.59589843]
0.100 3.16e-05 [2.14397883]
0.120 3.16e-05 [0.]
0.140 3.16e-05 [0.]
0.160 3.16e-05 [0.]
0.180 3.16e-05 [0.]
0.200 3.16e-05 [0.]
0.220 3.16e-05 [0.]
0.250 3.16e-05 [0.]
0.270 3.16e-05 [0.]
0.290 3.16e-05 [0.]
0.310 3.16e-05 [0.]
0.330 3.16e-05 [0.]
0.350 3.16e-05 [0.]
0.370 3.16e-05 [0.]
0.390 3.16e-05 [0.]
0.410 3.16e-05 [0.]
0.430 3.16e-05 [0.]
0.450 3.16e-05 [0.]
0.470 3.16e-05 [0.]
0.490 3.16e-05 [0.]
0.510 3.16e-05 [0.]
0.530 3.16e-05 [0.]
0.001 6.31e-05 [276634.00060404]
0.002 6.31e-05 [376502.28419219]
0.003 6.31e-05 [395255.67991555]
0.004 6.31e-05 [367284.2423523]
0.005 6.31e-05 [323242.26408833]
0.007 6.31e-05 [224827.1223794]
0.010 6.31e-05 [122366.24385411]
0.020 6.31e-05 [13814.8475249]
0.040 6.31e-05 [130.17342761]
0.060 6.31e-05 [0.]
0.080 6.31e-05 [0.]
0.100 6.31e-05 [0.]
0.120 6.31e-05 [0.]
0.140 6.31e-05 [0.]
0.160 6.31e-05 [0.]
0.180 6.31e-05 [0.]
0.200 6.31e-05 [0.]
0.220 6.31e-05 [0.]
0.250 6.31e-05 [0.]
0.270 6.31e-05 [0.]
0.290 6.31e-05 [0.]
0.310 6.31e-05 [0.]
0.330 6.31e-05 [0.]
0.350 6.31e-05 [0.]
0.370 6.31e-05 [0.]
0.390 6.31e-05 [0.]
0.410 6.31e-05 [0.]
0.430 6.31e-05 [0.]
0.450 6.31e-05 [0.]
0.470 6.31e-05 [0.]
0.490 6.31e-05 [0.]
0.510 6.31e-05 [0.]
0.530 6.31e-05 [0.]
0.001 1.26e-04 [1566545.37410182]
0.002 1.26e-04 [1476350.66958319]
0.003 1.26e-04 [1063306.00130575]
0.004 1.26e-04 [730847.17198752]
0.005 1.26e-04 [493944.00858772]
0.007 1.26e-04 [207681.21208629]
0.010 1.26e-04 [57079.46457588]
0.020 1.26e-04 [524.50252832]
0.040 1.26e-04 [0.]
0.060 1.26e-04 [0.]
0.080 1.26e-04 [0.]
0.100 1.26e-04 [0.]
0.120 1.26e-04 [0.]
0.140 1.26e-04 [0.]
0.160 1.26e-04 [0.]
0.180 1.26e-04 [0.]
0.200 1.26e-04 [0.]
0.220 1.26e-04 [0.]
0.250 1.26e-04 [0.]
0.270 1.26e-04 [0.]
0.290 1.26e-04 [0.]
0.310 1.26e-04 [0.]
0.330 1.26e-04 [0.]
0.350 1.26e-04 [0.]
0.370 1.26e-04 [0.]
0.390 1.26e-04 [0.]
0.410 1.26e-04 [0.]
0.430 1.26e-04 [0.]
0.450 1.26e-04 [0.]
0.470 1.26e-04 [0.]
0.490 1.26e-04 [0.]
0.510 1.26e-04 [0.]
0.530 1.26e-04 [0.]
0.001 2.51e-04 [5325764.03120659]
0.002 2.51e-04 [2999585.04357749]
0.003 2.51e-04 [1262841.25011253]
0.004 2.51e-04 [553371.45270957]
0.005 2.51e-04 [226358.8632632]
0.007 2.51e-04 [38465.79666759]
0.010 2.51e-04 [2243.94105354]
0.020 2.51e-04 [0.]
0.040 2.51e-04 [0.]
0.060 2.51e-04 [0.]
0.080 2.51e-04 [0.]
0.100 2.51e-04 [0.]
0.120 2.51e-04 [0.]
0.140 2.51e-04 [0.]
0.160 2.51e-04 [0.]
0.180 2.51e-04 [0.]
0.200 2.51e-04 [0.]
0.220 2.51e-04 [0.]
0.250 2.51e-04 [0.]
0.270 2.51e-04 [0.]
0.290 2.51e-04 [0.]
0.310 2.51e-04 [0.]
0.330 2.51e-04 [0.]
0.350 2.51e-04 [0.]
0.370 2.51e-04 [0.]
0.390 2.51e-04 [0.]
0.410 2.51e-04 [0.]
0.430 2.51e-04 [0.]
0.450 2.51e-04 [0.]
0.470 2.51e-04 [0.]
0.490 2.51e-04 [0.]
0.510 2.51e-04 [0.]
0.530 2.51e-04 [0.]
0.001 5.01e-04 [9081533.90115176]
0.002 5.01e-04 [2324876.22422842]
0.003 5.01e-04 [385075.63650248]
0.004 5.01e-04 [59009.01213792]
0.005 5.01e-04 [8343.95801184]
0.007 5.01e-04 [0.]
0.010 5.01e-04 [0.]
0.020 5.01e-04 [0.]
0.040 5.01e-04 [0.]
0.060 5.01e-04 [0.]
0.080 5.01e-04 [0.]
0.100 5.01e-04 [0.]
0.120 5.01e-04 [0.]
0.140 5.01e-04 [0.]
0.160 5.01e-04 [0.]
0.180 5.01e-04 [0.]
0.200 5.01e-04 [0.]
0.220 5.01e-04 [0.]
0.250 5.01e-04 [0.]
0.270 5.01e-04 [0.]
0.290 5.01e-04 [0.]
0.310 5.01e-04 [0.]
0.330 5.01e-04 [0.]
0.350 5.01e-04 [0.]
0.370 5.01e-04 [0.]
0.390 5.01e-04 [0.]
0.410 5.01e-04 [0.]
0.430 5.01e-04 [0.]
0.450 5.01e-04 [0.]
0.470 5.01e-04 [0.]
0.490 5.01e-04 [0.]
0.510 5.01e-04 [0.]
0.530 5.01e-04 [0.]
0.001 1.00e-03 [4862813.57641885]
0.002 1.00e-03 [289531.26288447]
0.003 1.00e-03 [4746.17693558]
0.004 1.00e-03 [0.]
0.005 1.00e-03 [0.]
0.007 1.00e-03 [0.]
0.010 1.00e-03 [0.]
0.020 1.00e-03 [0.]
0.040 1.00e-03 [0.]
0.060 1.00e-03 [0.]
0.080 1.00e-03 [0.]
0.100 1.00e-03 [0.]
0.120 1.00e-03 [0.]
0.140 1.00e-03 [0.]
0.160 1.00e-03 [0.]
0.180 1.00e-03 [0.]
0.200 1.00e-03 [0.]
0.220 1.00e-03 [0.]
0.250 1.00e-03 [0.]
0.270 1.00e-03 [0.]
0.290 1.00e-03 [0.]
0.310 1.00e-03 [0.]
0.330 1.00e-03 [0.]
0.350 1.00e-03 [0.]
0.370 1.00e-03 [0.]
0.390 1.00e-03 [0.]
0.410 1.00e-03 [0.]
0.430 1.00e-03 [0.]
0.450 1.00e-03 [0.]
0.470 1.00e-03 [0.]
0.490 1.00e-03 [0.]
0.510 1.00e-03 [0.]
0.530 1.00e-03 [0.]
0.001 1.00e-09 [0.]
0.002 1.00e-09 [0.]
0.003 1.00e-09 [0.]
0.004 1.00e-09 [0.]
0.005 1.00e-09 [0.]
0.007 1.00e-09 [0.]
0.010 1.00e-09 [0.]
0.020 1.00e-09 [0.]
0.040 1.00e-09 [0.]
0.060 1.00e-09 [0.]
0.080 1.00e-09 [0.]
0.100 1.00e-09 [0.]
0.120 1.00e-09 [0.]
0.140 1.00e-09 [0.]
0.160 1.00e-09 [0.]
0.180 1.00e-09 [0.]
0.200 1.00e-09 [0.]
0.220 1.00e-09 [1.40069893e-09]
0.250 1.00e-09 [1.17852062e-09]
0.270 1.00e-09 [1.03055532e-09]
0.290 1.00e-09 [8.85944893e-10]
0.310 1.00e-09 [7.46237111e-10]
0.330 1.00e-09 [6.15154093e-10]
0.350 1.00e-09 [4.93443617e-10]
0.370 1.00e-09 [3.82902422e-10]
0.390 1.00e-09 [5.70641997e-10]
0.410 1.00e-09 [4.06234713e-10]
0.430 1.00e-09 [2.71222369e-10]
0.450 1.00e-09 [1.65843735e-10]
0.470 1.00e-09 [8.90155511e-11]
0.490 1.00e-09 [3.83016378e-11]
0.510 1.00e-09 [1.90702516e-11]
0.530 1.00e-09 [4.21118063e-12]
0.001 2.00e-09 [0.]
0.002 2.00e-09 [0.]
0.003 2.00e-09 [0.]
0.004 2.00e-09 [0.]
0.005 2.00e-09 [0.]
0.007 2.00e-09 [0.]
0.010 2.00e-09 [0.]
0.020 2.00e-09 [0.]
0.040 2.00e-09 [0.]
0.060 2.00e-09 [0.]
0.080 2.00e-09 [0.]
0.100 2.00e-09 [0.]
0.120 2.00e-09 [8.19165349e-09]
0.140 2.00e-09 [7.75251084e-09]
0.160 2.00e-09 [7.26582375e-09]
0.180 2.00e-09 [6.73990062e-09]
0.200 2.00e-09 [6.18207129e-09]
0.220 2.00e-09 [1.12055915e-08]
0.250 2.00e-09 [1.41422474e-08]
0.270 2.00e-09 [1.23666638e-08]
0.290 2.00e-09 [1.41751183e-08]
0.310 2.00e-09 [1.19397938e-08]
0.330 2.00e-09 [1.23030819e-08]
0.350 2.00e-09 [9.86887234e-09]
0.370 2.00e-09 [9.18965813e-09]
0.390 2.00e-09 [6.84770397e-09]
0.410 2.00e-09 [5.68728599e-09]
0.430 2.00e-09 [3.79711317e-09]
0.450 2.00e-09 [2.65349975e-09]
0.470 2.00e-09 [1.60227992e-09]
0.490 2.00e-09 [6.8942948e-10]
0.510 2.00e-09 [2.54270021e-10]
0.530 2.00e-09 [6.17639826e-11]
0.001 4.00e-09 [0.]
0.002 4.00e-09 [0.]
0.003 4.00e-09 [0.]
0.004 4.00e-09 [0.]
0.005 4.00e-09 [0.]
0.007 4.00e-09 [0.]
0.010 4.00e-09 [0.]
0.020 4.00e-09 [0.]
0.040 4.00e-09 [0.]
0.060 4.00e-09 [3.66233706e-08]
0.080 4.00e-09 [3.55953955e-08]
0.100 4.00e-09 [6.86063532e-08]
0.120 4.00e-09 [6.5533228e-08]
0.140 4.00e-09 [9.30301301e-08]
0.160 4.00e-09 [1.1625318e-07]
0.180 4.00e-09 [1.0783841e-07]
0.200 4.00e-09 [1.23641426e-07]
0.220 4.00e-09 [1.79289464e-07]
0.250 4.00e-09 [2.26275958e-07]
0.270 4.00e-09 [2.30844391e-07]
0.290 4.00e-09 [2.40977011e-07]
0.310 4.00e-09 [2.02976494e-07]
0.330 4.00e-09 [1.87006844e-07]
0.350 4.00e-09 [1.65797055e-07]
0.370 4.00e-09 [1.40908091e-07]
0.390 4.00e-09 [1.14128399e-07]
0.410 4.00e-09 [8.77466981e-08]
0.430 4.00e-09 [6.50933687e-08]
0.450 4.00e-09 [4.24559961e-08]
0.470 4.00e-09 [2.42122299e-08]
0.490 4.00e-09 [1.13372848e-08]
0.510 4.00e-09 [4.06832034e-09]
0.530 4.00e-09 [9.65764091e-10]
0.001 8.00e-09 [0.]
0.002 8.00e-09 [0.]
0.003 8.00e-09 [0.]
0.004 8.00e-09 [0.]
0.005 8.00e-09 [0.]
0.007 8.00e-09 [0.]
0.010 8.00e-09 [0.]
0.020 8.00e-09 [0.]
0.040 8.00e-09 [1.49475709e-07]
0.060 8.00e-09 [4.39480447e-07]
0.080 8.00e-09 [7.1190791e-07]
0.100 8.00e-09 [9.60488945e-07]
0.120 8.00e-09 [1.1795981e-06]
0.140 8.00e-09 [1.48848208e-06]
0.160 8.00e-09 [1.62754452e-06]
0.180 8.00e-09 [1.83325297e-06]
0.200 8.00e-09 [1.97826281e-06]
0.220 8.00e-09 [2.86863142e-06]
0.250 8.00e-09 [3.46956469e-06]
0.270 8.00e-09 [3.56159918e-06]
0.290 8.00e-09 [3.74223123e-06]
0.310 8.00e-09 [3.29538308e-06]
0.330 8.00e-09 [2.99210951e-06]
0.350 8.00e-09 [2.65275289e-06]
0.370 8.00e-09 [2.25452946e-06]
0.390 8.00e-09 [1.82605439e-06]
0.410 8.00e-09 [1.41694668e-06]
0.430 8.00e-09 [1.02413567e-06]
0.450 8.00e-09 [6.73988938e-07]
0.470 8.00e-09 [3.87395678e-07]
0.490 8.00e-09 [1.80170904e-07]
0.510 8.00e-09 [6.42794614e-08]
0.530 8.00e-09 [1.54522255e-08]
0.001 1.60e-08 [0.]
0.002 1.60e-08 [0.]
0.003 1.60e-08 [0.]
0.004 1.60e-08 [0.]
0.005 1.60e-08 [0.]
0.007 1.60e-08 [0.]
0.010 1.60e-08 [0.]
0.020 1.60e-08 [6.05140682e-07]
0.040 1.60e-08 [2.98951419e-06]
0.060 1.60e-08 [6.44571323e-06]
0.080 1.60e-08 [1.02514739e-05]
0.100 1.60e-08 [1.48189723e-05]
0.120 1.60e-08 [1.88735697e-05]
0.140 1.60e-08 [2.28233919e-05]
0.160 1.60e-08 [2.65057251e-05]
0.180 1.60e-08 [2.93320475e-05]
0.200 1.60e-08 [3.08608999e-05]
0.220 1.60e-08 [4.55395238e-05]
0.250 1.60e-08 [5.58147363e-05]
0.270 1.60e-08 [5.69855868e-05]
0.290 1.60e-08 [5.94220959e-05]
0.310 1.60e-08 [5.21530192e-05]
0.330 1.60e-08 [4.77162727e-05]
0.350 1.60e-08 [4.20650815e-05]
0.370 1.60e-08 [3.58764253e-05]
0.390 1.60e-08 [2.89977437e-05]
0.410 1.60e-08 [2.24631547e-05]
0.430 1.60e-08 [1.62125884e-05]
0.450 1.60e-08 [1.0677683e-05]
0.470 1.60e-08 [6.15275489e-06]
0.490 1.60e-08 [2.86312403e-06]
0.510 1.60e-08 [1.01708008e-06]
0.530 1.60e-08 [2.44001421e-07]
0.001 3.20e-08 [0.]
0.002 3.20e-08 [0.]
0.003 3.20e-08 [0.]
0.004 3.20e-08 [0.]
0.005 3.20e-08 [0.]
0.007 3.20e-08 [2.42907168e-06]
0.010 3.20e-08 [4.85566709e-06]
0.020 3.20e-08 [1.45233764e-05]
0.040 3.20e-08 [5.26154497e-05]
0.060 3.20e-08 [0.00010548]
0.080 3.20e-08 [0.00016402]
0.100 3.20e-08 [0.00023491]
0.120 3.20e-08 [0.00030198]
0.140 3.20e-08 [0.0003612]
0.160 3.20e-08 [0.00041851]
0.180 3.20e-08 [0.00046414]
0.200 3.20e-08 [0.00048903]
0.220 3.20e-08 [0.00072146]
0.250 3.20e-08 [0.00088097]
0.270 3.20e-08 [0.00090016]
0.290 3.20e-08 [0.00093805]
0.310 3.20e-08 [0.00082375]
0.330 3.20e-08 [0.00075086]
0.350 3.20e-08 [0.00066243]
0.370 3.20e-08 [0.00056344]
0.390 3.20e-08 [0.0004552]
0.410 3.20e-08 [0.00035275]
0.430 3.20e-08 [0.00025412]
0.450 3.20e-08 [0.00016702]
0.470 3.20e-08 [9.61652802e-05]
0.490 3.20e-08 [4.46921894e-05]
0.510 3.20e-08 [1.58631947e-05]
0.530 3.20e-08 [3.79909134e-06]
0.001 6.30e-08 [0.]
0.002 6.30e-08 [0.]
0.003 6.30e-08 [9.41878813e-06]
0.004 6.30e-08 [9.41812941e-06]
0.005 6.30e-08 [1.88345641e-05]
0.007 6.30e-08 [2.82450747e-05]
0.010 6.30e-08 [5.64613555e-05]
0.020 6.30e-08 [0.0002064]
0.040 6.30e-08 [0.00079721]
0.060 6.30e-08 [0.00163528]
0.080 6.30e-08 [0.00253418]
0.100 6.30e-08 [0.00362498]
0.120 6.30e-08 [0.00462493]
0.140 6.30e-08 [0.00553086]
0.160 6.30e-08 [0.00640926]
0.180 6.30e-08 [0.00707555]
0.200 6.30e-08 [0.007453]
0.220 6.30e-08 [0.01092973]
0.250 6.30e-08 [0.01323746]
0.270 6.30e-08 [0.01346518]
0.290 6.30e-08 [0.01394922]
0.310 6.30e-08 [0.01223822]
0.330 6.30e-08 [0.01110904]
0.350 6.30e-08 [0.00976693]
0.370 6.30e-08 [0.00827346]
0.390 6.30e-08 [0.00665648]
0.410 6.30e-08 [0.00513613]
0.430 6.30e-08 [0.00368264]
0.450 6.30e-08 [0.00241045]
0.470 6.30e-08 [0.00138159]
0.490 6.30e-08 [0.0006384]
0.510 6.30e-08 [0.00022535]
0.530 6.30e-08 [5.35967908e-05]
0.001 1.26e-07 [0.]
0.002 1.26e-07 [3.76770355e-05]
0.003 1.26e-07 [7.5350305e-05]
0.004 1.26e-07 [0.00015069]
0.005 1.26e-07 [0.00022601]
0.007 1.26e-07 [0.00045192]
0.010 1.26e-07 [0.00090338]
0.020 1.26e-07 [0.00330248]
0.040 1.26e-07 [0.01256989]
0.060 1.26e-07 [0.02583741]
0.080 1.26e-07 [0.03980511]
0.100 1.26e-07 [0.056536]
0.120 1.26e-07 [0.07185301]
0.140 1.26e-07 [0.08553981]
0.160 1.26e-07 [0.09845312]
0.180 1.26e-07 [0.10820644]
0.200 1.26e-07 [0.11331021]
0.220 1.26e-07 [0.16175555]
0.250 1.26e-07 [0.19035751]
0.270 1.26e-07 [0.19052497]
0.290 1.26e-07 [0.19336921]
0.310 1.26e-07 [0.16866945]
0.330 1.26e-07 [0.1511122]
0.350 1.26e-07 [0.13110833]
0.370 1.26e-07 [0.1094395]
0.390 1.26e-07 [0.08683996]
0.410 1.26e-07 [0.06599008]
0.430 1.26e-07 [0.04658366]
0.450 1.26e-07 [0.03003916]
0.470 1.26e-07 [0.01695217]
0.490 1.26e-07 [0.00768822]
0.510 1.26e-07 [0.00266882]
0.530 1.26e-07 [0.00062094]
0.001 2.51e-07 [0.00014952]
0.002 2.51e-07 [0.00059806]
0.003 2.51e-07 [0.00134556]
0.004 2.51e-07 [0.00224245]
0.005 2.51e-07 [0.00358759]
0.007 2.51e-07 [0.00702402]
0.010 2.51e-07 [0.01404088]
0.020 2.51e-07 [0.05182545]
0.040 2.51e-07 [0.19437523]
0.060 2.51e-07 [0.39224253]
0.080 2.51e-07 [0.59553599]
0.100 2.51e-07 [0.82784956]
0.120 2.51e-07 [1.03190668]
0.140 2.51e-07 [1.2074863]
0.160 2.51e-07 [1.35838548]
0.180 2.51e-07 [1.46568374]
0.200 2.51e-07 [1.50630103]
0.220 2.51e-07 [1.96337265]
0.250 2.51e-07 [2.10760308]
0.270 2.51e-07 [2.01335574]
0.290 2.51e-07 [1.9242364]
0.310 2.51e-07 [1.65361232]
0.330 2.51e-07 [1.43119532]
0.350 2.51e-07 [1.1983276]
0.370 2.51e-07 [0.96427809]
0.390 2.51e-07 [0.74059094]
0.410 2.51e-07 [0.5429468]
0.430 2.51e-07 [0.37019593]
0.450 2.51e-07 [0.23108029]
0.470 2.51e-07 [0.12624324]
0.490 2.51e-07 [0.05518505]
0.510 2.51e-07 [0.01854831]
0.530 2.51e-07 [0.00414509]
0.001 5.01e-07 [0.00297846]
0.002 5.01e-07 [0.00893516]
0.003 5.01e-07 [0.02084767]
0.004 5.01e-07 [0.03514075]
0.005 5.01e-07 [0.05657747]
0.007 5.01e-07 [0.11134159]
0.010 5.01e-07 [0.22137947]
0.020 5.01e-07 [0.79920728]
0.040 5.01e-07 [2.84906508]
0.060 5.01e-07 [5.3822103]
0.080 5.01e-07 [7.76797184]
0.100 5.01e-07 [10.06040068]
0.120 5.01e-07 [11.81751072]
0.140 5.01e-07 [13.10798786]
0.160 5.01e-07 [13.82113044]
0.180 5.01e-07 [14.17705158]
0.200 5.01e-07 [13.89863132]
0.220 5.01e-07 [14.8527149]
0.250 5.01e-07 [13.45698183]
0.270 5.01e-07 [11.97876825]
0.290 5.01e-07 [10.43752404]
0.310 5.01e-07 [8.79271781]
0.330 5.01e-07 [7.25731056]
0.350 5.01e-07 [5.78637433]
0.370 5.01e-07 [4.45570429]
0.390 5.01e-07 [3.2880988]
0.410 5.01e-07 [2.30054153]
0.430 5.01e-07 [1.51457901]
0.450 5.01e-07 [0.90959034]
0.470 5.01e-07 [0.47919016]
0.490 5.01e-07 [0.20148977]
0.510 5.01e-07 [0.06534738]
0.530 5.01e-07 [0.01399693]
0.001 1.00e-06 [0.04746524]
0.002 1.00e-06 [0.14476563]
0.003 1.00e-06 [0.33223239]
0.004 1.00e-06 [0.55526387]
0.005 1.00e-06 [0.88264775]
0.007 1.00e-06 [1.72929029]
0.010 1.00e-06 [3.39043161]
0.020 1.00e-06 [11.48821763]
0.040 1.00e-06 [34.8325114]
0.060 1.00e-06 [55.33791299]
0.080 1.00e-06 [70.68578132]
0.100 1.00e-06 [79.34967932]
0.120 1.00e-06 [83.62859052]
0.140 1.00e-06 [83.83565221]
0.160 1.00e-06 [80.77052977]
0.180 1.00e-06 [76.24849573]
0.200 1.00e-06 [70.41070096]
0.220 1.00e-06 [60.31549683]
0.250 1.00e-06 [45.50739505]
0.270 1.00e-06 [37.49160244]
0.290 1.00e-06 [29.02709847]
0.310 1.00e-06 [23.98853817]
0.330 1.00e-06 [18.57396269]
0.350 1.00e-06 [13.85836399]
0.370 1.00e-06 [10.04889116]
0.390 1.00e-06 [6.99835346]
0.410 1.00e-06 [4.63838796]
0.430 1.00e-06 [2.88417868]
0.450 1.00e-06 [1.64492108]
0.470 1.00e-06 [0.81863152]
0.490 1.00e-06 [0.32410846]
0.510 1.00e-06 [0.09962299]
0.530 1.00e-06 [0.01998767]
0.001 1.99e-06 [0.75565133]
0.002 1.99e-06 [2.27634706]
0.003 1.99e-06 [5.18527833]
0.004 1.99e-06 [8.60374899]
0.005 1.99e-06 [13.43801679]
0.007 1.99e-06 [25.52894464]
0.010 1.99e-06 [47.62533636]
0.020 1.99e-06 [137.24544492]
0.040 1.99e-06 [294.30732878]
0.060 1.99e-06 [363.8126687]
0.080 1.99e-06 [382.04123896]
0.100 1.99e-06 [367.83068511]
0.120 1.99e-06 [339.20146321]
0.140 1.99e-06 [300.46009674]
0.160 1.99e-06 [263.88544126]
0.180 1.99e-06 [223.72027457]
0.200 1.99e-06 [188.38663809]
0.220 1.99e-06 [120.90105146]
0.250 1.99e-06 [69.98756991]
0.270 1.99e-06 [50.13019429]
0.290 1.99e-06 [32.44348805]
0.310 1.99e-06 [25.4176225]
0.330 1.99e-06 [17.27051044]
0.350 1.99e-06 [11.81493028]
0.370 1.99e-06 [7.61675814]
0.390 1.99e-06 [4.80920124]
0.410 1.99e-06 [2.8456108]
0.430 1.99e-06 [1.61974745]
0.450 1.99e-06 [0.82045733]
0.470 1.99e-06 [0.36827834]
0.490 1.99e-06 [0.12988014]
0.510 1.99e-06 [0.03615374]
0.530 1.99e-06 [0.00641372]
0.001 3.98e-06 [11.88549024]
0.002 3.98e-06 [34.82819568]
0.003 3.98e-06 [77.62613746]
0.004 3.98e-06 [126.02083055]
0.005 3.98e-06 [187.26567361]
0.007 3.98e-06 [330.0800264]
0.010 3.98e-06 [552.05738767]
0.020 3.98e-06 [1174.34776019]
0.040 3.98e-06 [1570.9436697]
0.060 3.98e-06 [1444.55754299]
0.080 3.98e-06 [1196.65795775]
0.100 3.98e-06 [945.64367695]
0.120 3.98e-06 [711.33969586]
0.140 3.98e-06 [538.30048683]
0.160 3.98e-06 [394.82535529]
0.180 3.98e-06 [284.4787191]
0.200 3.98e-06 [214.81171685]
0.220 3.98e-06 [84.22218032]
0.250 3.98e-06 [30.55658658]
0.270 3.98e-06 [17.06758027]
0.290 3.98e-06 [8.05940456]
0.310 3.98e-06 [5.12093301]
0.330 3.98e-06 [2.59328298]
0.350 3.98e-06 [1.68917888]
0.370 3.98e-06 [0.73427347]
0.390 3.98e-06 [0.32105278]
0.410 3.98e-06 [0.15451571]
0.430 3.98e-06 [0.06662567]
0.450 3.98e-06 [0.02365516]
0.470 3.98e-06 [0.0084645]
0.490 3.98e-06 [0.00212456]
0.510 3.98e-06 [0.00040298]
0.530 3.98e-06 [4.44935406e-05]
0.001 7.94e-06 [182.37364388]
0.002 7.94e-06 [497.84758955]
0.003 7.94e-06 [1036.81872429]
0.004 7.94e-06 [1594.11894129]
0.005 7.94e-06 [2171.80661306]
0.007 7.94e-06 [3311.40581763]
0.010 7.94e-06 [4642.52038598]
0.020 7.94e-06 [6308.04924523]
0.040 7.94e-06 [4909.22150111]
0.060 7.94e-06 [3111.81966636]
0.080 7.94e-06 [1819.20430796]
0.100 7.94e-06 [1030.4441308]
0.120 7.94e-06 [588.4014489]
0.140 7.94e-06 [330.27530331]
0.160 7.94e-06 [179.35287169]
0.180 7.94e-06 [105.03150084]
0.200 7.94e-06 [55.18989577]
0.220 7.94e-06 [8.57206899]
0.250 7.94e-06 [0.96660639]
0.270 7.94e-06 [0.26007609]
0.290 7.94e-06 [0.05589537]
0.310 7.94e-06 [0.]
0.330 7.94e-06 [0.]
0.350 7.94e-06 [0.]
0.370 7.94e-06 [0.]
0.390 7.94e-06 [0.]
0.410 7.94e-06 [0.]
0.430 7.94e-06 [0.]
0.450 7.94e-06 [0.]
0.470 7.94e-06 [0.]
0.490 7.94e-06 [0.]
0.510 7.94e-06 [0.]
0.530 7.94e-06 [0.]
0.001 1.58e-05 [2611.6961336]
0.002 1.58e-05 [6205.69024769]
0.003 1.58e-05 [11146.43637239]
0.004 1.58e-05 [15150.55912897]
0.005 1.58e-05 [18237.68189904]
0.007 1.58e-05 [22698.68419299]
0.010 1.58e-05 [25122.93879477]
0.020 1.58e-05 [19925.22542278]
0.040 1.58e-05 [7404.95725296]
0.060 1.58e-05 [2513.17578474]
0.080 1.58e-05 [860.59395605]
0.100 1.58e-05 [229.95664423]
0.120 1.58e-05 [83.84997111]
0.140 1.58e-05 [24.82883244]
0.160 1.58e-05 [7.30043236]
0.180 1.58e-05 [1.69300104]
0.200 1.58e-05 [0.38821986]
0.220 1.58e-05 [0.]
0.250 1.58e-05 [0.]
0.270 1.58e-05 [0.]
0.290 1.58e-05 [0.]
0.310 1.58e-05 [0.]
0.330 1.58e-05 [0.]
0.350 1.58e-05 [0.]
0.370 1.58e-05 [0.]
0.390 1.58e-05 [0.]
0.410 1.58e-05 [0.]
0.430 1.58e-05 [0.]
0.450 1.58e-05 [0.]
0.470 1.58e-05 [0.]
0.490 1.58e-05 [0.]
0.510 1.58e-05 [0.]
0.530 1.58e-05 [0.]
0.001 3.16e-05 [31398.69819696]
0.002 3.16e-05 [59153.02205137]
0.003 3.16e-05 [84098.69733531]
0.004 3.16e-05 [95620.63610883]
0.005 3.16e-05 [100063.2980899]
0.007 3.16e-05 [96746.73747378]
0.010 3.16e-05 [79811.41358844]
0.020 3.16e-05 [30992.62334037]
0.040 3.16e-05 [3381.93570704]
0.060 3.16e-05 [363.94988762]
0.080 3.16e-05 [35.59589843]
0.100 3.16e-05 [2.14397883]
0.120 3.16e-05 [0.]
0.140 3.16e-05 [0.]
0.160 3.16e-05 [0.]
0.180 3.16e-05 [0.]
0.200 3.16e-05 [0.]
0.220 3.16e-05 [0.]
0.250 3.16e-05 [0.]
0.270 3.16e-05 [0.]
0.290 3.16e-05 [0.]
0.310 3.16e-05 [0.]
0.330 3.16e-05 [0.]
0.350 3.16e-05 [0.]
0.370 3.16e-05 [0.]
0.390 3.16e-05 [0.]
0.410 3.16e-05 [0.]
0.430 3.16e-05 [0.]
0.450 3.16e-05 [0.]
0.470 3.16e-05 [0.]
0.490 3.16e-05 [0.]
0.510 3.16e-05 [0.]
0.530 3.16e-05 [0.]
0.001 6.31e-05 [276634.00060404]
0.002 6.31e-05 [376502.28419219]
0.003 6.31e-05 [395255.67991555]
0.004 6.31e-05 [367284.2423523]
0.005 6.31e-05 [323242.26408833]
0.007 6.31e-05 [224827.1223794]
0.010 6.31e-05 [122366.24385411]
0.020 6.31e-05 [13814.8475249]
0.040 6.31e-05 [130.17342761]
0.060 6.31e-05 [0.]
0.080 6.31e-05 [0.]
0.100 6.31e-05 [0.]
0.120 6.31e-05 [0.]
0.140 6.31e-05 [0.]
0.160 6.31e-05 [0.]
0.180 6.31e-05 [0.]
0.200 6.31e-05 [0.]
0.220 6.31e-05 [0.]
0.250 6.31e-05 [0.]
0.270 6.31e-05 [0.]
0.290 6.31e-05 [0.]
0.310 6.31e-05 [0.]
0.330 6.31e-05 [0.]
0.350 6.31e-05 [0.]
0.370 6.31e-05 [0.]
0.390 6.31e-05 [0.]
0.410 6.31e-05 [0.]
0.430 6.31e-05 [0.]
0.450 6.31e-05 [0.]
0.470 6.31e-05 [0.]
0.490 6.31e-05 [0.]
0.510 6.31e-05 [0.]
0.530 6.31e-05 [0.]
0.001 1.26e-04 [1566545.37410182]
0.002 1.26e-04 [1476350.66958319]
0.003 1.26e-04 [1063306.00130575]
0.004 1.26e-04 [730847.17198752]
0.005 1.26e-04 [493944.00858772]
0.007 1.26e-04 [207681.21208629]
0.010 1.26e-04 [57079.46457588]
0.020 1.26e-04 [524.50252832]
0.040 1.26e-04 [0.]
0.060 1.26e-04 [0.]
0.080 1.26e-04 [0.]
0.100 1.26e-04 [0.]
0.120 1.26e-04 [0.]
0.140 1.26e-04 [0.]
0.160 1.26e-04 [0.]
0.180 1.26e-04 [0.]
0.200 1.26e-04 [0.]
0.220 1.26e-04 [0.]
0.250 1.26e-04 [0.]
0.270 1.26e-04 [0.]
0.290 1.26e-04 [0.]
0.310 1.26e-04 [0.]
0.330 1.26e-04 [0.]
0.350 1.26e-04 [0.]
0.370 1.26e-04 [0.]
0.390 1.26e-04 [0.]
0.410 1.26e-04 [0.]
0.430 1.26e-04 [0.]
0.450 1.26e-04 [0.]
0.470 1.26e-04 [0.]
0.490 1.26e-04 [0.]
0.510 1.26e-04 [0.]
0.530 1.26e-04 [0.]
0.001 2.51e-04 [5325764.03120659]
0.002 2.51e-04 [2999585.04357749]
0.003 2.51e-04 [1262841.25011253]
0.004 2.51e-04 [553371.45270957]
0.005 2.51e-04 [226358.8632632]
0.007 2.51e-04 [38465.79666759]
0.010 2.51e-04 [2243.94105354]
0.020 2.51e-04 [0.]
0.040 2.51e-04 [0.]
0.060 2.51e-04 [0.]
0.080 2.51e-04 [0.]
0.100 2.51e-04 [0.]
0.120 2.51e-04 [0.]
0.140 2.51e-04 [0.]
0.160 2.51e-04 [0.]
0.180 2.51e-04 [0.]
0.200 2.51e-04 [0.]
0.220 2.51e-04 [0.]
0.250 2.51e-04 [0.]
0.270 2.51e-04 [0.]
0.290 2.51e-04 [0.]
0.310 2.51e-04 [0.]
0.330 2.51e-04 [0.]
0.350 2.51e-04 [0.]
0.370 2.51e-04 [0.]
0.390 2.51e-04 [0.]
0.410 2.51e-04 [0.]
0.430 2.51e-04 [0.]
0.450 2.51e-04 [0.]
0.470 2.51e-04 [0.]
0.490 2.51e-04 [0.]
0.510 2.51e-04 [0.]
0.530 2.51e-04 [0.]
0.001 5.01e-04 [9081533.90115176]
0.002 5.01e-04 [2324876.22422842]
0.003 5.01e-04 [385075.63650248]
0.004 5.01e-04 [59009.01213792]
0.005 5.01e-04 [8343.95801184]
0.007 5.01e-04 [0.]
0.010 5.01e-04 [0.]
0.020 5.01e-04 [0.]
0.040 5.01e-04 [0.]
0.060 5.01e-04 [0.]
0.080 5.01e-04 [0.]
0.100 5.01e-04 [0.]
0.120 5.01e-04 [0.]
0.140 5.01e-04 [0.]
0.160 5.01e-04 [0.]
0.180 5.01e-04 [0.]
0.200 5.01e-04 [0.]
0.220 5.01e-04 [0.]
0.250 5.01e-04 [0.]
0.270 5.01e-04 [0.]
0.290 5.01e-04 [0.]
0.310 5.01e-04 [0.]
0.330 5.01e-04 [0.]
0.350 5.01e-04 [0.]
0.370 5.01e-04 [0.]
0.390 5.01e-04 [0.]
0.410 5.01e-04 [0.]
0.430 5.01e-04 [0.]
0.450 5.01e-04 [0.]
0.470 5.01e-04 [0.]
0.490 5.01e-04 [0.]
0.510 5.01e-04 [0.]
0.530 5.01e-04 [0.]
0.001 1.00e-03 [4862813.57641885]
0.002 1.00e-03 [289531.26288447]
0.003 1.00e-03 [4746.17693558]
0.004 1.00e-03 [0.]
0.005 1.00e-03 [0.]
0.007 1.00e-03 [0.]
0.010 1.00e-03 [0.]
0.020 1.00e-03 [0.]
0.040 1.00e-03 [0.]
0.060 1.00e-03 [0.]
0.080 1.00e-03 [0.]
0.100 1.00e-03 [0.]
0.120 1.00e-03 [0.]
0.140 1.00e-03 [0.]
0.160 1.00e-03 [0.]
0.180 1.00e-03 [0.]
0.200 1.00e-03 [0.]
0.220 1.00e-03 [0.]
0.250 1.00e-03 [0.]
0.270 1.00e-03 [0.]
0.290 1.00e-03 [0.]
0.310 1.00e-03 [0.]
0.330 1.00e-03 [0.]
0.350 1.00e-03 [0.]
0.370 1.00e-03 [0.]
0.390 1.00e-03 [0.]
0.410 1.00e-03 [0.]
0.430 1.00e-03 [0.]
0.450 1.00e-03 [0.]
0.470 1.00e-03 [0.]
0.490 1.00e-03 [0.]
0.510 1.00e-03 [0.]
0.530 1.00e-03 [0.]
0.001 1.00e-09 [0.]
0.002 1.00e-09 [0.]
0.003 1.00e-09 [0.]
0.004 1.00e-09 [0.]
0.005 1.00e-09 [0.]
0.007 1.00e-09 [0.]
0.010 1.00e-09 [0.]
0.020 1.00e-09 [0.]
0.040 1.00e-09 [0.]
0.060 1.00e-09 [0.]
0.080 1.00e-09 [0.]
0.100 1.00e-09 [0.]
0.120 1.00e-09 [0.]
0.140 1.00e-09 [0.]
0.160 1.00e-09 [0.]
0.180 1.00e-09 [0.]
0.200 1.00e-09 [0.]
0.220 1.00e-09 [1.40069893e-09]
0.250 1.00e-09 [1.17852062e-09]
0.270 1.00e-09 [1.03055532e-09]
0.290 1.00e-09 [8.85944893e-10]
0.310 1.00e-09 [7.46237111e-10]
0.330 1.00e-09 [6.15154093e-10]
0.350 1.00e-09 [4.93443617e-10]
0.370 1.00e-09 [3.82902422e-10]
0.390 1.00e-09 [5.70641997e-10]
0.410 1.00e-09 [4.06234713e-10]
0.430 1.00e-09 [2.71222369e-10]
0.450 1.00e-09 [1.65843735e-10]
0.470 1.00e-09 [8.90155511e-11]
0.490 1.00e-09 [3.83016378e-11]
0.510 1.00e-09 [1.90702516e-11]
0.530 1.00e-09 [4.21118063e-12]
0.001 2.00e-09 [0.]
0.002 2.00e-09 [0.]
0.003 2.00e-09 [0.]
0.004 2.00e-09 [0.]
0.005 2.00e-09 [0.]
0.007 2.00e-09 [0.]
0.010 2.00e-09 [0.]
0.020 2.00e-09 [0.]
0.040 2.00e-09 [0.]
0.060 2.00e-09 [0.]
0.080 2.00e-09 [0.]
0.100 2.00e-09 [0.]
0.120 2.00e-09 [8.19165349e-09]
0.140 2.00e-09 [7.75251084e-09]
0.160 2.00e-09 [7.26582375e-09]
0.180 2.00e-09 [6.73990062e-09]
0.200 2.00e-09 [6.18207129e-09]
0.220 2.00e-09 [1.12055915e-08]
0.250 2.00e-09 [1.41422474e-08]
0.270 2.00e-09 [1.23666638e-08]
0.290 2.00e-09 [1.41751183e-08]
0.310 2.00e-09 [1.19397938e-08]
0.330 2.00e-09 [1.23030819e-08]
0.350 2.00e-09 [9.86887234e-09]
0.370 2.00e-09 [9.18965813e-09]
0.390 2.00e-09 [6.84770397e-09]
0.410 2.00e-09 [5.68728599e-09]
0.430 2.00e-09 [3.79711317e-09]
0.450 2.00e-09 [2.65349975e-09]
0.470 2.00e-09 [1.60227992e-09]
0.490 2.00e-09 [6.8942948e-10]
0.510 2.00e-09 [2.54270021e-10]
0.530 2.00e-09 [6.17639826e-11]
0.001 4.00e-09 [0.]
0.002 4.00e-09 [0.]
0.003 4.00e-09 [0.]
0.004 4.00e-09 [0.]
0.005 4.00e-09 [0.]
0.007 4.00e-09 [0.]
0.010 4.00e-09 [0.]
0.020 4.00e-09 [0.]
0.040 4.00e-09 [0.]
0.060 4.00e-09 [3.66233706e-08]
0.080 4.00e-09 [3.55953955e-08]
0.100 4.00e-09 [6.86063532e-08]
0.120 4.00e-09 [6.5533228e-08]
0.140 4.00e-09 [9.30301301e-08]
0.160 4.00e-09 [1.1625318e-07]
0.180 4.00e-09 [1.0783841e-07]
0.200 4.00e-09 [1.23641426e-07]
0.220 4.00e-09 [1.79289464e-07]
0.250 4.00e-09 [2.26275958e-07]
0.270 4.00e-09 [2.30844391e-07]
0.290 4.00e-09 [2.40977011e-07]
0.310 4.00e-09 [2.02976494e-07]
0.330 4.00e-09 [1.87006844e-07]
0.350 4.00e-09 [1.65797055e-07]
0.370 4.00e-09 [1.40908091e-07]
0.390 4.00e-09 [1.14128399e-07]
0.410 4.00e-09 [8.77466981e-08]
0.430 4.00e-09 [6.50933687e-08]
0.450 4.00e-09 [4.24559961e-08]
0.470 4.00e-09 [2.42122299e-08]
0.490 4.00e-09 [1.13372848e-08]
0.510 4.00e-09 [4.06832034e-09]
0.530 4.00e-09 [9.65764091e-10]
0.001 8.00e-09 [0.]
0.002 8.00e-09 [0.]
0.003 8.00e-09 [0.]
0.004 8.00e-09 [0.]
0.005 8.00e-09 [0.]
0.007 8.00e-09 [0.]
0.010 8.00e-09 [0.]
0.020 8.00e-09 [0.]
0.040 8.00e-09 [1.49475709e-07]
0.060 8.00e-09 [4.39480447e-07]
0.080 8.00e-09 [7.1190791e-07]
0.100 8.00e-09 [9.60488945e-07]
0.120 8.00e-09 [1.1795981e-06]
0.140 8.00e-09 [1.48848208e-06]
0.160 8.00e-09 [1.62754452e-06]
0.180 8.00e-09 [1.83325297e-06]
0.200 8.00e-09 [1.97826281e-06]
0.220 8.00e-09 [2.86863142e-06]
0.250 8.00e-09 [3.46956469e-06]
0.270 8.00e-09 [3.56159918e-06]
0.290 8.00e-09 [3.74223123e-06]
0.310 8.00e-09 [3.29538308e-06]
0.330 8.00e-09 [2.99210951e-06]
0.350 8.00e-09 [2.65275289e-06]
0.370 8.00e-09 [2.25452946e-06]
0.390 8.00e-09 [1.82605439e-06]
0.410 8.00e-09 [1.41694668e-06]
0.430 8.00e-09 [1.02413567e-06]
0.450 8.00e-09 [6.73988938e-07]
0.470 8.00e-09 [3.87395678e-07]
0.490 8.00e-09 [1.80170904e-07]
0.510 8.00e-09 [6.42794614e-08]
0.530 8.00e-09 [1.54522255e-08]
0.001 1.60e-08 [0.]
0.002 1.60e-08 [0.]
0.003 1.60e-08 [0.]
0.004 1.60e-08 [0.]
0.005 1.60e-08 [0.]
0.007 1.60e-08 [0.]
0.010 1.60e-08 [0.]
0.020 1.60e-08 [6.05140682e-07]
0.040 1.60e-08 [2.98951419e-06]
0.060 1.60e-08 [6.44571323e-06]
0.080 1.60e-08 [1.02514739e-05]
0.100 1.60e-08 [1.48189723e-05]
0.120 1.60e-08 [1.88735697e-05]
0.140 1.60e-08 [2.28233919e-05]
0.160 1.60e-08 [2.65057251e-05]
0.180 1.60e-08 [2.93320475e-05]
0.200 1.60e-08 [3.08608999e-05]
0.220 1.60e-08 [4.55395238e-05]
0.250 1.60e-08 [5.58147363e-05]
0.270 1.60e-08 [5.69855868e-05]
0.290 1.60e-08 [5.94220959e-05]
0.310 1.60e-08 [5.21530192e-05]
0.330 1.60e-08 [4.77162727e-05]
0.350 1.60e-08 [4.20650815e-05]
0.370 1.60e-08 [3.58764253e-05]
0.390 1.60e-08 [2.89977437e-05]
0.410 1.60e-08 [2.24631547e-05]
0.430 1.60e-08 [1.62125884e-05]
0.450 1.60e-08 [1.0677683e-05]
0.470 1.60e-08 [6.15275489e-06]
0.490 1.60e-08 [2.86312403e-06]
0.510 1.60e-08 [1.01708008e-06]
0.530 1.60e-08 [2.44001421e-07]
0.001 3.20e-08 [0.]
0.002 3.20e-08 [0.]
0.003 3.20e-08 [0.]
0.004 3.20e-08 [0.]
0.005 3.20e-08 [0.]
0.007 3.20e-08 [2.42907168e-06]
0.010 3.20e-08 [4.85566709e-06]
0.020 3.20e-08 [1.45233764e-05]
0.040 3.20e-08 [5.26154497e-05]
0.060 3.20e-08 [0.00010548]
0.080 3.20e-08 [0.00016402]
0.100 3.20e-08 [0.00023491]
0.120 3.20e-08 [0.00030198]
0.140 3.20e-08 [0.0003612]
0.160 3.20e-08 [0.00041851]
0.180 3.20e-08 [0.00046414]
0.200 3.20e-08 [0.00048903]
0.220 3.20e-08 [0.00072146]
0.250 3.20e-08 [0.00088097]
0.270 3.20e-08 [0.00090016]
0.290 3.20e-08 [0.00093805]
0.310 3.20e-08 [0.00082375]
0.330 3.20e-08 [0.00075086]
0.350 3.20e-08 [0.00066243]
0.370 3.20e-08 [0.00056344]
0.390 3.20e-08 [0.0004552]
0.410 3.20e-08 [0.00035275]
0.430 3.20e-08 [0.00025412]
0.450 3.20e-08 [0.00016702]
0.470 3.20e-08 [9.61652802e-05]
0.490 3.20e-08 [4.46921894e-05]
0.510 3.20e-08 [1.58631947e-05]
0.530 3.20e-08 [3.79909134e-06]
0.001 6.30e-08 [0.]
0.002 6.30e-08 [0.]
0.003 6.30e-08 [9.41878813e-06]
0.004 6.30e-08 [9.41812941e-06]
0.005 6.30e-08 [1.88345641e-05]
0.007 6.30e-08 [2.82450747e-05]
0.010 6.30e-08 [5.64613555e-05]
0.020 6.30e-08 [0.0002064]
0.040 6.30e-08 [0.00079721]
0.060 6.30e-08 [0.00163528]
0.080 6.30e-08 [0.00253418]
0.100 6.30e-08 [0.00362498]
0.120 6.30e-08 [0.00462493]
0.140 6.30e-08 [0.00553086]
0.160 6.30e-08 [0.00640926]
0.180 6.30e-08 [0.00707555]
0.200 6.30e-08 [0.007453]
0.220 6.30e-08 [0.01092973]
0.250 6.30e-08 [0.01323746]
0.270 6.30e-08 [0.01346518]
0.290 6.30e-08 [0.01394922]
0.310 6.30e-08 [0.01223822]
0.330 6.30e-08 [0.01110904]
0.350 6.30e-08 [0.00976693]
0.370 6.30e-08 [0.00827346]
0.390 6.30e-08 [0.00665648]
0.410 6.30e-08 [0.00513613]
0.430 6.30e-08 [0.00368264]
0.450 6.30e-08 [0.00241045]
0.470 6.30e-08 [0.00138159]
0.490 6.30e-08 [0.0006384]
0.510 6.30e-08 [0.00022535]
0.530 6.30e-08 [5.35967908e-05]
0.001 1.26e-07 [0.]
0.002 1.26e-07 [3.76770355e-05]
0.003 1.26e-07 [7.5350305e-05]
0.004 1.26e-07 [0.00015069]
0.005 1.26e-07 [0.00022601]
0.007 1.26e-07 [0.00045192]
0.010 1.26e-07 [0.00090338]
0.020 1.26e-07 [0.00330248]
0.040 1.26e-07 [0.01256989]
0.060 1.26e-07 [0.02583741]
0.080 1.26e-07 [0.03980511]
0.100 1.26e-07 [0.056536]
0.120 1.26e-07 [0.07185301]
0.140 1.26e-07 [0.08553981]
0.160 1.26e-07 [0.09845312]
0.180 1.26e-07 [0.10820644]
0.200 1.26e-07 [0.11331021]
0.220 1.26e-07 [0.16175555]
0.250 1.26e-07 [0.19035751]
0.270 1.26e-07 [0.19052497]
0.290 1.26e-07 [0.19336921]
0.310 1.26e-07 [0.16866945]
0.330 1.26e-07 [0.1511122]
0.350 1.26e-07 [0.13110833]
0.370 1.26e-07 [0.1094395]
0.390 1.26e-07 [0.08683996]
0.410 1.26e-07 [0.06599008]
0.430 1.26e-07 [0.04658366]
0.450 1.26e-07 [0.03003916]
0.470 1.26e-07 [0.01695217]
0.490 1.26e-07 [0.00768822]
0.510 1.26e-07 [0.00266882]
0.530 1.26e-07 [0.00062094]
0.001 2.51e-07 [0.00014952]
0.002 2.51e-07 [0.00059806]
0.003 2.51e-07 [0.00134556]
0.004 2.51e-07 [0.00224245]
0.005 2.51e-07 [0.00358759]
0.007 2.51e-07 [0.00702402]
0.010 2.51e-07 [0.01404088]
0.020 2.51e-07 [0.05182545]
0.040 2.51e-07 [0.19437523]
0.060 2.51e-07 [0.39224253]
0.080 2.51e-07 [0.59553599]
0.100 2.51e-07 [0.82784956]
0.120 2.51e-07 [1.03190668]
0.140 2.51e-07 [1.2074863]
0.160 2.51e-07 [1.35838548]
0.180 2.51e-07 [1.46568374]
0.200 2.51e-07 [1.50630103]
0.220 2.51e-07 [1.96337265]
0.250 2.51e-07 [2.10760308]
0.270 2.51e-07 [2.01335574]
0.290 2.51e-07 [1.9242364]
0.310 2.51e-07 [1.65361232]
0.330 2.51e-07 [1.43119532]
0.350 2.51e-07 [1.1983276]
0.370 2.51e-07 [0.96427809]
0.390 2.51e-07 [0.74059094]
0.410 2.51e-07 [0.5429468]
0.430 2.51e-07 [0.37019593]
0.450 2.51e-07 [0.23108029]
0.470 2.51e-07 [0.12624324]
0.490 2.51e-07 [0.05518505]
0.510 2.51e-07 [0.01854831]
0.530 2.51e-07 [0.00414509]
0.001 5.01e-07 [0.00297846]
0.002 5.01e-07 [0.00893516]
0.003 5.01e-07 [0.02084767]
0.004 5.01e-07 [0.03514075]
0.005 5.01e-07 [0.05657747]
0.007 5.01e-07 [0.11134159]
0.010 5.01e-07 [0.22137947]
0.020 5.01e-07 [0.79920728]
0.040 5.01e-07 [2.84906508]
0.060 5.01e-07 [5.3822103]
0.080 5.01e-07 [7.76797184]
0.100 5.01e-07 [10.06040068]
0.120 5.01e-07 [11.81751072]
0.140 5.01e-07 [13.10798786]
0.160 5.01e-07 [13.82113044]
0.180 5.01e-07 [14.17705158]
0.200 5.01e-07 [13.89863132]
0.220 5.01e-07 [14.8527149]
0.250 5.01e-07 [13.45698183]
0.270 5.01e-07 [11.97876825]
0.290 5.01e-07 [10.43752404]
0.310 5.01e-07 [8.79271781]
0.330 5.01e-07 [7.25731056]
0.350 5.01e-07 [5.78637433]
0.370 5.01e-07 [4.45570429]
0.390 5.01e-07 [3.2880988]
0.410 5.01e-07 [2.30054153]
0.430 5.01e-07 [1.51457901]
0.450 5.01e-07 [0.90959034]
0.470 5.01e-07 [0.47919016]
0.490 5.01e-07 [0.20148977]
0.510 5.01e-07 [0.06534738]
0.530 5.01e-07 [0.01399693]
0.001 1.00e-06 [0.04746524]
0.002 1.00e-06 [0.14476563]
0.003 1.00e-06 [0.33223239]
0.004 1.00e-06 [0.55526387]
0.005 1.00e-06 [0.88264775]
0.007 1.00e-06 [1.72929029]
0.010 1.00e-06 [3.39043161]
0.020 1.00e-06 [11.48821763]
0.040 1.00e-06 [34.8325114]
0.060 1.00e-06 [55.33791299]
0.080 1.00e-06 [70.68578132]
0.100 1.00e-06 [79.34967932]
0.120 1.00e-06 [83.62859052]
0.140 1.00e-06 [83.83565221]
0.160 1.00e-06 [80.77052977]
0.180 1.00e-06 [76.24849573]
0.200 1.00e-06 [70.41070096]
0.220 1.00e-06 [60.31549683]
0.250 1.00e-06 [45.50739505]
0.270 1.00e-06 [37.49160244]
0.290 1.00e-06 [29.02709847]
0.310 1.00e-06 [23.98853817]
0.330 1.00e-06 [18.57396269]
0.350 1.00e-06 [13.85836399]
0.370 1.00e-06 [10.04889116]
0.390 1.00e-06 [6.99835346]
0.410 1.00e-06 [4.63838796]
0.430 1.00e-06 [2.88417868]
0.450 1.00e-06 [1.64492108]
0.470 1.00e-06 [0.81863152]
0.490 1.00e-06 [0.32410846]
0.510 1.00e-06 [0.09962299]
0.530 1.00e-06 [0.01998767]
0.001 1.99e-06 [0.75565133]
0.002 1.99e-06 [2.27634706]
0.003 1.99e-06 [5.18527833]
0.004 1.99e-06 [8.60374899]
0.005 1.99e-06 [13.43801679]
0.007 1.99e-06 [25.52894464]
0.010 1.99e-06 [47.62533636]
0.020 1.99e-06 [137.24544492]
0.040 1.99e-06 [294.30732878]
0.060 1.99e-06 [363.8126687]
0.080 1.99e-06 [382.04123896]
0.100 1.99e-06 [367.83068511]
0.120 1.99e-06 [339.20146321]
0.140 1.99e-06 [300.46009674]
0.160 1.99e-06 [263.88544126]
0.180 1.99e-06 [223.72027457]
0.200 1.99e-06 [188.38663809]
0.220 1.99e-06 [120.90105146]
0.250 1.99e-06 [69.98756991]
0.270 1.99e-06 [50.13019429]
0.290 1.99e-06 [32.44348805]
0.310 1.99e-06 [25.4176225]
0.330 1.99e-06 [17.27051044]
0.350 1.99e-06 [11.81493028]
0.370 1.99e-06 [7.61675814]
0.390 1.99e-06 [4.80920124]
0.410 1.99e-06 [2.8456108]
0.430 1.99e-06 [1.61974745]
0.450 1.99e-06 [0.82045733]
0.470 1.99e-06 [0.36827834]
0.490 1.99e-06 [0.12988014]
0.510 1.99e-06 [0.03615374]
0.530 1.99e-06 [0.00641372]
0.001 3.98e-06 [11.88549024]
0.002 3.98e-06 [34.82819568]
0.003 3.98e-06 [77.62613746]
0.004 3.98e-06 [126.02083055]
0.005 3.98e-06 [187.26567361]
0.007 3.98e-06 [330.0800264]
0.010 3.98e-06 [552.05738767]
0.020 3.98e-06 [1174.34776019]
0.040 3.98e-06 [1570.9436697]
0.060 3.98e-06 [1444.55754299]
0.080 3.98e-06 [1196.65795775]
0.100 3.98e-06 [945.64367695]
0.120 3.98e-06 [711.33969586]
0.140 3.98e-06 [538.30048683]
0.160 3.98e-06 [394.82535529]
0.180 3.98e-06 [284.4787191]
0.200 3.98e-06 [214.81171685]
0.220 3.98e-06 [84.22218032]
0.250 3.98e-06 [30.55658658]
0.270 3.98e-06 [17.06758027]
0.290 3.98e-06 [8.05940456]
0.310 3.98e-06 [5.12093301]
0.330 3.98e-06 [2.59328298]
0.350 3.98e-06 [1.68917888]
0.370 3.98e-06 [0.73427347]
0.390 3.98e-06 [0.32105278]
0.410 3.98e-06 [0.15451571]
0.430 3.98e-06 [0.06662567]
0.450 3.98e-06 [0.02365516]
0.470 3.98e-06 [0.0084645]
0.490 3.98e-06 [0.00212456]
0.510 3.98e-06 [0.00040298]
0.530 3.98e-06 [4.44935406e-05]
0.001 7.94e-06 [182.37364388]
0.002 7.94e-06 [497.84758955]
0.003 7.94e-06 [1036.81872429]
0.004 7.94e-06 [1594.11894129]
0.005 7.94e-06 [2171.80661306]
0.007 7.94e-06 [3311.40581763]
0.010 7.94e-06 [4642.52038598]
0.020 7.94e-06 [6308.04924523]
0.040 7.94e-06 [4909.22150111]
0.060 7.94e-06 [3111.81966636]
0.080 7.94e-06 [1819.20430796]
0.100 7.94e-06 [1030.4441308]
0.120 7.94e-06 [588.4014489]
0.140 7.94e-06 [330.27530331]
0.160 7.94e-06 [179.35287169]
0.180 7.94e-06 [105.03150084]
0.200 7.94e-06 [55.18989577]
0.220 7.94e-06 [8.57206899]
0.250 7.94e-06 [0.96660639]
0.270 7.94e-06 [0.26007609]
0.290 7.94e-06 [0.05589537]
0.310 7.94e-06 [0.]
0.330 7.94e-06 [0.]
0.350 7.94e-06 [0.]
0.370 7.94e-06 [0.]
0.390 7.94e-06 [0.]
0.410 7.94e-06 [0.]
0.430 7.94e-06 [0.]
0.450 7.94e-06 [0.]
0.470 7.94e-06 [0.]
0.490 7.94e-06 [0.]
0.510 7.94e-06 [0.]
0.530 7.94e-06 [0.]
0.001 1.58e-05 [2611.6961336]
0.002 1.58e-05 [6205.69024769]
0.003 1.58e-05 [11146.43637239]
0.004 1.58e-05 [15150.55912897]
0.005 1.58e-05 [18237.68189904]
0.007 1.58e-05 [22698.68419299]
0.010 1.58e-05 [25122.93879477]
0.020 1.58e-05 [19925.22542278]
0.040 1.58e-05 [7404.95725296]
0.060 1.58e-05 [2513.17578474]
0.080 1.58e-05 [860.59395605]
0.100 1.58e-05 [229.95664423]
0.120 1.58e-05 [83.84997111]
0.140 1.58e-05 [24.82883244]
0.160 1.58e-05 [7.30043236]
0.180 1.58e-05 [1.69300104]
0.200 1.58e-05 [0.38821986]
0.220 1.58e-05 [0.]
0.250 1.58e-05 [0.]
0.270 1.58e-05 [0.]
0.290 1.58e-05 [0.]
0.310 1.58e-05 [0.]
0.330 1.58e-05 [0.]
0.350 1.58e-05 [0.]
0.370 1.58e-05 [0.]
0.390 1.58e-05 [0.]
0.410 1.58e-05 [0.]
0.430 1.58e-05 [0.]
0.450 1.58e-05 [0.]
0.470 1.58e-05 [0.]
0.490 1.58e-05 [0.]
0.510 1.58e-05 [0.]
0.530 1.58e-05 [0.]
0.001 3.16e-05 [31398.69819696]
0.002 3.16e-05 [59153.02205137]
0.003 3.16e-05 [84098.69733531]
0.004 3.16e-05 [95620.63610883]
0.005 3.16e-05 [100063.2980899]
0.007 3.16e-05 [96746.73747378]
0.010 3.16e-05 [79811.41358844]
0.020 3.16e-05 [30992.62334037]
0.040 3.16e-05 [3381.93570704]
0.060 3.16e-05 [363.94988762]
0.080 3.16e-05 [35.59589843]
0.100 3.16e-05 [2.14397883]
0.120 3.16e-05 [0.]
0.140 3.16e-05 [0.]
0.160 3.16e-05 [0.]
0.180 3.16e-05 [0.]
0.200 3.16e-05 [0.]
0.220 3.16e-05 [0.]
0.250 3.16e-05 [0.]
0.270 3.16e-05 [0.]
0.290 3.16e-05 [0.]
0.310 3.16e-05 [0.]
0.330 3.16e-05 [0.]
0.350 3.16e-05 [0.]
0.370 3.16e-05 [0.]
0.390 3.16e-05 [0.]
0.410 3.16e-05 [0.]
0.430 3.16e-05 [0.]
0.450 3.16e-05 [0.]
0.470 3.16e-05 [0.]
0.490 3.16e-05 [0.]
0.510 3.16e-05 [0.]
0.530 3.16e-05 [0.]
0.001 6.31e-05 [276634.00060404]
0.002 6.31e-05 [376502.28419219]
0.003 6.31e-05 [395255.67991555]
0.004 6.31e-05 [367284.2423523]
0.005 6.31e-05 [323242.26408833]
0.007 6.31e-05 [224827.1223794]
0.010 6.31e-05 [122366.24385411]
0.020 6.31e-05 [13814.8475249]
0.040 6.31e-05 [130.17342761]
0.060 6.31e-05 [0.]
0.080 6.31e-05 [0.]
0.100 6.31e-05 [0.]
0.120 6.31e-05 [0.]
0.140 6.31e-05 [0.]
0.160 6.31e-05 [0.]
0.180 6.31e-05 [0.]
0.200 6.31e-05 [0.]
0.220 6.31e-05 [0.]
0.250 6.31e-05 [0.]
0.270 6.31e-05 [0.]
0.290 6.31e-05 [0.]
0.310 6.31e-05 [0.]
0.330 6.31e-05 [0.]
0.350 6.31e-05 [0.]
0.370 6.31e-05 [0.]
0.390 6.31e-05 [0.]
0.410 6.31e-05 [0.]
0.430 6.31e-05 [0.]
0.450 6.31e-05 [0.]
0.470 6.31e-05 [0.]
0.490 6.31e-05 [0.]
0.510 6.31e-05 [0.]
0.530 6.31e-05 [0.]
0.001 1.26e-04 [1566545.37410182]
0.002 1.26e-04 [1476350.66958319]
0.003 1.26e-04 [1063306.00130575]
0.004 1.26e-04 [730847.17198752]
0.005 1.26e-04 [493944.00858772]
0.007 1.26e-04 [207681.21208629]
0.010 1.26e-04 [57079.46457588]
0.020 1.26e-04 [524.50252832]
0.040 1.26e-04 [0.]
0.060 1.26e-04 [0.]
0.080 1.26e-04 [0.]
0.100 1.26e-04 [0.]
0.120 1.26e-04 [0.]
0.140 1.26e-04 [0.]
0.160 1.26e-04 [0.]
0.180 1.26e-04 [0.]
0.200 1.26e-04 [0.]
0.220 1.26e-04 [0.]
0.250 1.26e-04 [0.]
0.270 1.26e-04 [0.]
0.290 1.26e-04 [0.]
0.310 1.26e-04 [0.]
0.330 1.26e-04 [0.]
0.350 1.26e-04 [0.]
0.370 1.26e-04 [0.]
0.390 1.26e-04 [0.]
0.410 1.26e-04 [0.]
0.430 1.26e-04 [0.]
0.450 1.26e-04 [0.]
0.470 1.26e-04 [0.]
0.490 1.26e-04 [0.]
0.510 1.26e-04 [0.]
0.530 1.26e-04 [0.]
0.001 2.51e-04 [5325764.03120659]
0.002 2.51e-04 [2999585.04357749]
0.003 2.51e-04 [1262841.25011253]
0.004 2.51e-04 [553371.45270957]
0.005 2.51e-04 [226358.8632632]
0.007 2.51e-04 [38465.79666759]
0.010 2.51e-04 [2243.94105354]
0.020 2.51e-04 [0.]
0.040 2.51e-04 [0.]
0.060 2.51e-04 [0.]
0.080 2.51e-04 [0.]
0.100 2.51e-04 [0.]
0.120 2.51e-04 [0.]
0.140 2.51e-04 [0.]
0.160 2.51e-04 [0.]
0.180 2.51e-04 [0.]
0.200 2.51e-04 [0.]
0.220 2.51e-04 [0.]
0.250 2.51e-04 [0.]
0.270 2.51e-04 [0.]
0.290 2.51e-04 [0.]
0.310 2.51e-04 [0.]
0.330 2.51e-04 [0.]
0.350 2.51e-04 [0.]
0.370 2.51e-04 [0.]
0.390 2.51e-04 [0.]
0.410 2.51e-04 [0.]
0.430 2.51e-04 [0.]
0.450 2.51e-04 [0.]
0.470 2.51e-04 [0.]
0.490 2.51e-04 [0.]
0.510 2.51e-04 [0.]
0.530 2.51e-04 [0.]
0.001 5.01e-04 [9081533.90115176]
0.002 5.01e-04 [2324876.22422842]
0.003 5.01e-04 [385075.63650248]
0.004 5.01e-04 [59009.01213792]
0.005 5.01e-04 [8343.95801184]
0.007 5.01e-04 [0.]
0.010 5.01e-04 [0.]
0.020 5.01e-04 [0.]
0.040 5.01e-04 [0.]
0.060 5.01e-04 [0.]
0.080 5.01e-04 [0.]
0.100 5.01e-04 [0.]
0.120 5.01e-04 [0.]
0.140 5.01e-04 [0.]
0.160 5.01e-04 [0.]
0.180 5.01e-04 [0.]
0.200 5.01e-04 [0.]
0.220 5.01e-04 [0.]
0.250 5.01e-04 [0.]
0.270 5.01e-04 [0.]
0.290 5.01e-04 [0.]
0.310 5.01e-04 [0.]
0.330 5.01e-04 [0.]
0.350 5.01e-04 [0.]
0.370 5.01e-04 [0.]
0.390 5.01e-04 [0.]
0.410 5.01e-04 [0.]
0.430 5.01e-04 [0.]
0.450 5.01e-04 [0.]
0.470 5.01e-04 [0.]
0.490 5.01e-04 [0.]
0.510 5.01e-04 [0.]
0.530 5.01e-04 [0.]
0.001 1.00e-03 [4862813.57641885]
0.002 1.00e-03 [289531.26288447]
0.003 1.00e-03 [4746.17693558]
0.004 1.00e-03 [0.]
0.005 1.00e-03 [0.]
0.007 1.00e-03 [0.]
0.010 1.00e-03 [0.]
0.020 1.00e-03 [0.]
0.040 1.00e-03 [0.]
0.060 1.00e-03 [0.]
0.080 1.00e-03 [0.]
0.100 1.00e-03 [0.]
0.120 1.00e-03 [0.]
0.140 1.00e-03 [0.]
0.160 1.00e-03 [0.]
0.180 1.00e-03 [0.]
0.200 1.00e-03 [0.]
0.220 1.00e-03 [0.]
0.250 1.00e-03 [0.]
0.270 1.00e-03 [0.]
0.290 1.00e-03 [0.]
0.310 1.00e-03 [0.]
0.330 1.00e-03 [0.]
0.350 1.00e-03 [0.]
0.370 1.00e-03 [0.]
0.390 1.00e-03 [0.]
0.410 1.00e-03 [0.]
0.430 1.00e-03 [0.]
0.450 1.00e-03 [0.]
0.470 1.00e-03 [0.]
0.490 1.00e-03 [0.]
0.510 1.00e-03 [0.]
0.530 1.00e-03 [0.]
0.001 1.00e-09 [0.]
0.002 1.00e-09 [0.]
0.003 1.00e-09 [0.]
0.004 1.00e-09 [0.]
0.005 1.00e-09 [0.]
0.007 1.00e-09 [0.]
0.010 1.00e-09 [0.]
0.020 1.00e-09 [0.]
0.040 1.00e-09 [0.]
0.060 1.00e-09 [0.]
0.080 1.00e-09 [0.]
0.100 1.00e-09 [0.]
0.120 1.00e-09 [0.]
0.140 1.00e-09 [0.]
0.160 1.00e-09 [0.]
0.180 1.00e-09 [0.]
0.200 1.00e-09 [0.]
0.220 1.00e-09 [1.40069893e-09]
0.250 1.00e-09 [1.17852062e-09]
0.270 1.00e-09 [1.03055532e-09]
0.290 1.00e-09 [8.85944893e-10]
0.310 1.00e-09 [7.46237111e-10]
0.330 1.00e-09 [6.15154093e-10]
0.350 1.00e-09 [4.93443617e-10]
0.370 1.00e-09 [3.82902422e-10]
0.390 1.00e-09 [5.70641997e-10]
0.410 1.00e-09 [4.06234713e-10]
0.430 1.00e-09 [2.71222369e-10]
0.450 1.00e-09 [1.65843735e-10]
0.470 1.00e-09 [8.90155511e-11]
0.490 1.00e-09 [3.83016378e-11]
0.510 1.00e-09 [1.90702516e-11]
0.530 1.00e-09 [4.21118063e-12]
0.001 2.00e-09 [0.]
0.002 2.00e-09 [0.]
0.003 2.00e-09 [0.]
0.004 2.00e-09 [0.]
0.005 2.00e-09 [0.]
0.007 2.00e-09 [0.]
0.010 2.00e-09 [0.]
0.020 2.00e-09 [0.]
0.040 2.00e-09 [0.]
0.060 2.00e-09 [0.]
0.080 2.00e-09 [0.]
0.100 2.00e-09 [0.]
0.120 2.00e-09 [8.19165349e-09]
0.140 2.00e-09 [7.75251084e-09]
0.160 2.00e-09 [7.26582375e-09]
0.180 2.00e-09 [6.73990062e-09]
0.200 2.00e-09 [6.18207129e-09]
0.220 2.00e-09 [1.12055915e-08]
0.250 2.00e-09 [1.41422474e-08]
0.270 2.00e-09 [1.23666638e-08]
0.290 2.00e-09 [1.41751183e-08]
0.310 2.00e-09 [1.19397938e-08]
0.330 2.00e-09 [1.23030819e-08]
0.350 2.00e-09 [9.86887234e-09]
0.370 2.00e-09 [9.18965813e-09]
0.390 2.00e-09 [6.84770397e-09]
0.410 2.00e-09 [5.68728599e-09]
0.430 2.00e-09 [3.79711317e-09]
0.450 2.00e-09 [2.65349975e-09]
0.470 2.00e-09 [1.60227992e-09]
0.490 2.00e-09 [6.8942948e-10]
0.510 2.00e-09 [2.54270021e-10]
0.530 2.00e-09 [6.17639826e-11]
0.001 4.00e-09 [0.]
0.002 4.00e-09 [0.]
0.003 4.00e-09 [0.]
0.004 4.00e-09 [0.]
0.005 4.00e-09 [0.]
0.007 4.00e-09 [0.]
0.010 4.00e-09 [0.]
0.020 4.00e-09 [0.]
0.040 4.00e-09 [0.]
0.060 4.00e-09 [3.66233706e-08]
0.080 4.00e-09 [3.55953955e-08]
0.100 4.00e-09 [6.86063532e-08]
0.120 4.00e-09 [6.5533228e-08]
0.140 4.00e-09 [9.30301301e-08]
0.160 4.00e-09 [1.1625318e-07]
0.180 4.00e-09 [1.0783841e-07]
0.200 4.00e-09 [1.23641426e-07]
0.220 4.00e-09 [1.79289464e-07]
0.250 4.00e-09 [2.26275958e-07]
0.270 4.00e-09 [2.30844391e-07]
0.290 4.00e-09 [2.40977011e-07]
0.310 4.00e-09 [2.02976494e-07]
0.330 4.00e-09 [1.87006844e-07]
0.350 4.00e-09 [1.65797055e-07]
0.370 4.00e-09 [1.40908091e-07]
0.390 4.00e-09 [1.14128399e-07]
0.410 4.00e-09 [8.77466981e-08]
0.430 4.00e-09 [6.50933687e-08]
0.450 4.00e-09 [4.24559961e-08]
0.470 4.00e-09 [2.42122299e-08]
0.490 4.00e-09 [1.13372848e-08]
0.510 4.00e-09 [4.06832034e-09]
0.530 4.00e-09 [9.65764091e-10]
0.001 8.00e-09 [0.]
0.002 8.00e-09 [0.]
0.003 8.00e-09 [0.]
0.004 8.00e-09 [0.]
0.005 8.00e-09 [0.]
0.007 8.00e-09 [0.]
0.010 8.00e-09 [0.]
0.020 8.00e-09 [0.]
0.040 8.00e-09 [1.49475709e-07]
0.060 8.00e-09 [4.39480447e-07]
0.080 8.00e-09 [7.1190791e-07]
0.100 8.00e-09 [9.60488945e-07]
0.120 8.00e-09 [1.1795981e-06]
0.140 8.00e-09 [1.48848208e-06]
0.160 8.00e-09 [1.62754452e-06]
0.180 8.00e-09 [1.83325297e-06]
0.200 8.00e-09 [1.97826281e-06]
0.220 8.00e-09 [2.86863142e-06]
0.250 8.00e-09 [3.46956469e-06]
0.270 8.00e-09 [3.56159918e-06]
0.290 8.00e-09 [3.74223123e-06]
0.310 8.00e-09 [3.29538308e-06]
0.330 8.00e-09 [2.99210951e-06]
0.350 8.00e-09 [2.65275289e-06]
0.370 8.00e-09 [2.25452946e-06]
0.390 8.00e-09 [1.82605439e-06]
0.410 8.00e-09 [1.41694668e-06]
0.430 8.00e-09 [1.02413567e-06]
0.450 8.00e-09 [6.73988938e-07]
0.470 8.00e-09 [3.87395678e-07]
0.490 8.00e-09 [1.80170904e-07]
0.510 8.00e-09 [6.42794614e-08]
0.530 8.00e-09 [1.54522255e-08]
0.001 1.60e-08 [0.]
0.002 1.60e-08 [0.]
0.003 1.60e-08 [0.]
0.004 1.60e-08 [0.]
0.005 1.60e-08 [0.]
0.007 1.60e-08 [0.]
0.010 1.60e-08 [0.]
0.020 1.60e-08 [6.05140682e-07]
0.040 1.60e-08 [2.98951419e-06]
0.060 1.60e-08 [6.44571323e-06]
0.080 1.60e-08 [1.02514739e-05]
0.100 1.60e-08 [1.48189723e-05]
0.120 1.60e-08 [1.88735697e-05]
0.140 1.60e-08 [2.28233919e-05]
0.160 1.60e-08 [2.65057251e-05]
0.180 1.60e-08 [2.93320475e-05]
0.200 1.60e-08 [3.08608999e-05]
0.220 1.60e-08 [4.55395238e-05]
0.250 1.60e-08 [5.58147363e-05]
0.270 1.60e-08 [5.69855868e-05]
0.290 1.60e-08 [5.94220959e-05]
0.310 1.60e-08 [5.21530192e-05]
0.330 1.60e-08 [4.77162727e-05]
0.350 1.60e-08 [4.20650815e-05]
0.370 1.60e-08 [3.58764253e-05]
0.390 1.60e-08 [2.89977437e-05]
0.410 1.60e-08 [2.24631547e-05]
0.430 1.60e-08 [1.62125884e-05]
0.450 1.60e-08 [1.0677683e-05]
0.470 1.60e-08 [6.15275489e-06]
0.490 1.60e-08 [2.86312403e-06]
0.510 1.60e-08 [1.01708008e-06]
0.530 1.60e-08 [2.44001421e-07]
0.001 3.20e-08 [0.]
0.002 3.20e-08 [0.]
0.003 3.20e-08 [0.]
0.004 3.20e-08 [0.]
0.005 3.20e-08 [0.]
0.007 3.20e-08 [2.42907168e-06]
0.010 3.20e-08 [4.85566709e-06]
0.020 3.20e-08 [1.45233764e-05]
0.040 3.20e-08 [5.26154497e-05]
0.060 3.20e-08 [0.00010548]
0.080 3.20e-08 [0.00016402]
0.100 3.20e-08 [0.00023491]
0.120 3.20e-08 [0.00030198]
0.140 3.20e-08 [0.0003612]
0.160 3.20e-08 [0.00041851]
0.180 3.20e-08 [0.00046414]
0.200 3.20e-08 [0.00048903]
0.220 3.20e-08 [0.00072146]
0.250 3.20e-08 [0.00088097]
0.270 3.20e-08 [0.00090016]
0.290 3.20e-08 [0.00093805]
0.310 3.20e-08 [0.00082375]
0.330 3.20e-08 [0.00075086]
0.350 3.20e-08 [0.00066243]
0.370 3.20e-08 [0.00056344]
0.390 3.20e-08 [0.0004552]
0.410 3.20e-08 [0.00035275]
0.430 3.20e-08 [0.00025412]
0.450 3.20e-08 [0.00016702]
0.470 3.20e-08 [9.61652802e-05]
0.490 3.20e-08 [4.46921894e-05]
0.510 3.20e-08 [1.58631947e-05]
0.530 3.20e-08 [3.79909134e-06]
0.001 6.30e-08 [0.]
0.002 6.30e-08 [0.]
0.003 6.30e-08 [9.41878813e-06]
0.004 6.30e-08 [9.41812941e-06]
0.005 6.30e-08 [1.88345641e-05]
0.007 6.30e-08 [2.82450747e-05]
0.010 6.30e-08 [5.64613555e-05]
0.020 6.30e-08 [0.0002064]
0.040 6.30e-08 [0.00079721]
0.060 6.30e-08 [0.00163528]
0.080 6.30e-08 [0.00253418]
0.100 6.30e-08 [0.00362498]
0.120 6.30e-08 [0.00462493]
0.140 6.30e-08 [0.00553086]
0.160 6.30e-08 [0.00640926]
0.180 6.30e-08 [0.00707555]
0.200 6.30e-08 [0.007453]
0.220 6.30e-08 [0.01092973]
0.250 6.30e-08 [0.01323746]
0.270 6.30e-08 [0.01346518]
0.290 6.30e-08 [0.01394922]
0.310 6.30e-08 [0.01223822]
0.330 6.30e-08 [0.01110904]
0.350 6.30e-08 [0.00976693]
0.370 6.30e-08 [0.00827346]
0.390 6.30e-08 [0.00665648]
0.410 6.30e-08 [0.00513613]
0.430 6.30e-08 [0.00368264]
0.450 6.30e-08 [0.00241045]
0.470 6.30e-08 [0.00138159]
0.490 6.30e-08 [0.0006384]
0.510 6.30e-08 [0.00022535]
0.530 6.30e-08 [5.35967908e-05]
0.001 1.26e-07 [0.]
0.002 1.26e-07 [3.76770355e-05]
0.003 1.26e-07 [7.5350305e-05]
0.004 1.26e-07 [0.00015069]
0.005 1.26e-07 [0.00022601]
0.007 1.26e-07 [0.00045192]
0.010 1.26e-07 [0.00090338]
0.020 1.26e-07 [0.00330248]
0.040 1.26e-07 [0.01256989]
0.060 1.26e-07 [0.02583741]
0.080 1.26e-07 [0.03980511]
0.100 1.26e-07 [0.056536]
0.120 1.26e-07 [0.07185301]
0.140 1.26e-07 [0.08553981]
0.160 1.26e-07 [0.09845312]
0.180 1.26e-07 [0.10820644]
0.200 1.26e-07 [0.11331021]
0.220 1.26e-07 [0.16175555]
0.250 1.26e-07 [0.19035751]
0.270 1.26e-07 [0.19052497]
0.290 1.26e-07 [0.19336921]
0.310 1.26e-07 [0.16866945]
0.330 1.26e-07 [0.1511122]
0.350 1.26e-07 [0.13110833]
0.370 1.26e-07 [0.1094395]
0.390 1.26e-07 [0.08683996]
0.410 1.26e-07 [0.06599008]
0.430 1.26e-07 [0.04658366]
0.450 1.26e-07 [0.03003916]
0.470 1.26e-07 [0.01695217]
0.490 1.26e-07 [0.00768822]
0.510 1.26e-07 [0.00266882]
0.530 1.26e-07 [0.00062094]
0.001 2.51e-07 [0.00014952]
0.002 2.51e-07 [0.00059806]
0.003 2.51e-07 [0.00134556]
0.004 2.51e-07 [0.00224245]
0.005 2.51e-07 [0.00358759]
0.007 2.51e-07 [0.00702402]
0.010 2.51e-07 [0.01404088]
0.020 2.51e-07 [0.05182545]
0.040 2.51e-07 [0.19437523]
0.060 2.51e-07 [0.39224253]
0.080 2.51e-07 [0.59553599]
0.100 2.51e-07 [0.82784956]
0.120 2.51e-07 [1.03190668]
0.140 2.51e-07 [1.2074863]
0.160 2.51e-07 [1.35838548]
0.180 2.51e-07 [1.46568374]
0.200 2.51e-07 [1.50630103]
0.220 2.51e-07 [1.96337265]
0.250 2.51e-07 [2.10760308]
0.270 2.51e-07 [2.01335574]
0.290 2.51e-07 [1.9242364]
0.310 2.51e-07 [1.65361232]
0.330 2.51e-07 [1.43119532]
0.350 2.51e-07 [1.1983276]
0.370 2.51e-07 [0.96427809]
0.390 2.51e-07 [0.74059094]
0.410 2.51e-07 [0.5429468]
0.430 2.51e-07 [0.37019593]
0.450 2.51e-07 [0.23108029]
0.470 2.51e-07 [0.12624324]
0.490 2.51e-07 [0.05518505]
0.510 2.51e-07 [0.01854831]
0.530 2.51e-07 [0.00414509]
0.001 5.01e-07 [0.00297846]
0.002 5.01e-07 [0.00893516]
0.003 5.01e-07 [0.02084767]
0.004 5.01e-07 [0.03514075]
0.005 5.01e-07 [0.05657747]
0.007 5.01e-07 [0.11134159]
0.010 5.01e-07 [0.22137947]
0.020 5.01e-07 [0.79920728]
0.040 5.01e-07 [2.84906508]
0.060 5.01e-07 [5.3822103]
0.080 5.01e-07 [7.76797184]
0.100 5.01e-07 [10.06040068]
0.120 5.01e-07 [11.81751072]
0.140 5.01e-07 [13.10798786]
0.160 5.01e-07 [13.82113044]
0.180 5.01e-07 [14.17705158]
0.200 5.01e-07 [13.89863132]
0.220 5.01e-07 [14.8527149]
0.250 5.01e-07 [13.45698183]
0.270 5.01e-07 [11.97876825]
0.290 5.01e-07 [10.43752404]
0.310 5.01e-07 [8.79271781]
0.330 5.01e-07 [7.25731056]
0.350 5.01e-07 [5.78637433]
0.370 5.01e-07 [4.45570429]
0.390 5.01e-07 [3.2880988]
0.410 5.01e-07 [2.30054153]
0.430 5.01e-07 [1.51457901]
0.450 5.01e-07 [0.90959034]
0.470 5.01e-07 [0.47919016]
0.490 5.01e-07 [0.20148977]
0.510 5.01e-07 [0.06534738]
0.530 5.01e-07 [0.01399693]
0.001 1.00e-06 [0.04746524]
0.002 1.00e-06 [0.14476563]
0.003 1.00e-06 [0.33223239]
0.004 1.00e-06 [0.55526387]
0.005 1.00e-06 [0.88264775]
0.007 1.00e-06 [1.72929029]
0.010 1.00e-06 [3.39043161]
0.020 1.00e-06 [11.48821763]
0.040 1.00e-06 [34.8325114]
0.060 1.00e-06 [55.33791299]
0.080 1.00e-06 [70.68578132]
0.100 1.00e-06 [79.34967932]
0.120 1.00e-06 [83.62859052]
0.140 1.00e-06 [83.83565221]
0.160 1.00e-06 [80.77052977]
0.180 1.00e-06 [76.24849573]
0.200 1.00e-06 [70.41070096]
0.220 1.00e-06 [60.31549683]
0.250 1.00e-06 [45.50739505]
0.270 1.00e-06 [37.49160244]
0.290 1.00e-06 [29.02709847]
0.310 1.00e-06 [23.98853817]
0.330 1.00e-06 [18.57396269]
0.350 1.00e-06 [13.85836399]
0.370 1.00e-06 [10.04889116]
0.390 1.00e-06 [6.99835346]
0.410 1.00e-06 [4.63838796]
0.430 1.00e-06 [2.88417868]
0.450 1.00e-06 [1.64492108]
0.470 1.00e-06 [0.81863152]
0.490 1.00e-06 [0.32410846]
0.510 1.00e-06 [0.09962299]
0.530 1.00e-06 [0.01998767]
0.001 1.99e-06 [0.75565133]
0.002 1.99e-06 [2.27634706]
0.003 1.99e-06 [5.18527833]
0.004 1.99e-06 [8.60374899]
0.005 1.99e-06 [13.43801679]
0.007 1.99e-06 [25.52894464]
0.010 1.99e-06 [47.62533636]
0.020 1.99e-06 [137.24544492]
0.040 1.99e-06 [294.30732878]
0.060 1.99e-06 [363.8126687]
0.080 1.99e-06 [382.04123896]
0.100 1.99e-06 [367.83068511]
0.120 1.99e-06 [339.20146321]
0.140 1.99e-06 [300.46009674]
0.160 1.99e-06 [263.88544126]
0.180 1.99e-06 [223.72027457]
0.200 1.99e-06 [188.38663809]
0.220 1.99e-06 [120.90105146]
0.250 1.99e-06 [69.98756991]
0.270 1.99e-06 [50.13019429]
0.290 1.99e-06 [32.44348805]
0.310 1.99e-06 [25.4176225]
0.330 1.99e-06 [17.27051044]
0.350 1.99e-06 [11.81493028]
0.370 1.99e-06 [7.61675814]
0.390 1.99e-06 [4.80920124]
0.410 1.99e-06 [2.8456108]
0.430 1.99e-06 [1.61974745]
0.450 1.99e-06 [0.82045733]
0.470 1.99e-06 [0.36827834]
0.490 1.99e-06 [0.12988014]
0.510 1.99e-06 [0.03615374]
0.530 1.99e-06 [0.00641372]
0.001 3.98e-06 [11.88549024]
0.002 3.98e-06 [34.82819568]
0.003 3.98e-06 [77.62613746]
0.004 3.98e-06 [126.02083055]
0.005 3.98e-06 [187.26567361]
0.007 3.98e-06 [330.0800264]
0.010 3.98e-06 [552.05738767]
0.020 3.98e-06 [1174.34776019]
0.040 3.98e-06 [1570.9436697]
0.060 3.98e-06 [1444.55754299]
0.080 3.98e-06 [1196.65795775]
0.100 3.98e-06 [945.64367695]
0.120 3.98e-06 [711.33969586]
0.140 3.98e-06 [538.30048683]
0.160 3.98e-06 [394.82535529]
0.180 3.98e-06 [284.4787191]
0.200 3.98e-06 [214.81171685]
0.220 3.98e-06 [84.22218032]
0.250 3.98e-06 [30.55658658]
0.270 3.98e-06 [17.06758027]
0.290 3.98e-06 [8.05940456]
0.310 3.98e-06 [5.12093301]
0.330 3.98e-06 [2.59328298]
0.350 3.98e-06 [1.68917888]
0.370 3.98e-06 [0.73427347]
0.390 3.98e-06 [0.32105278]
0.410 3.98e-06 [0.15451571]
0.430 3.98e-06 [0.06662567]
0.450 3.98e-06 [0.02365516]
0.470 3.98e-06 [0.0084645]
0.490 3.98e-06 [0.00212456]
0.510 3.98e-06 [0.00040298]
0.530 3.98e-06 [4.44935406e-05]
0.001 7.94e-06 [182.37364388]
0.002 7.94e-06 [497.84758955]
0.003 7.94e-06 [1036.81872429]
0.004 7.94e-06 [1594.11894129]
0.005 7.94e-06 [2171.80661306]
0.007 7.94e-06 [3311.40581763]
0.010 7.94e-06 [4642.52038598]
0.020 7.94e-06 [6308.04924523]
0.040 7.94e-06 [4909.22150111]
0.060 7.94e-06 [3111.81966636]
0.080 7.94e-06 [1819.20430796]
0.100 7.94e-06 [1030.4441308]
0.120 7.94e-06 [588.4014489]
0.140 7.94e-06 [330.27530331]
0.160 7.94e-06 [179.35287169]
0.180 7.94e-06 [105.03150084]
0.200 7.94e-06 [55.18989577]
0.220 7.94e-06 [8.57206899]
0.250 7.94e-06 [0.96660639]
0.270 7.94e-06 [0.26007609]
0.290 7.94e-06 [0.05589537]
0.310 7.94e-06 [0.]
0.330 7.94e-06 [0.]
0.350 7.94e-06 [0.]
0.370 7.94e-06 [0.]
0.390 7.94e-06 [0.]
0.410 7.94e-06 [0.]
0.430 7.94e-06 [0.]
0.450 7.94e-06 [0.]
0.470 7.94e-06 [0.]
0.490 7.94e-06 [0.]
0.510 7.94e-06 [0.]
0.530 7.94e-06 [0.]
0.001 1.58e-05 [2611.6961336]
0.002 1.58e-05 [6205.69024769]
0.003 1.58e-05 [11146.43637239]
0.004 1.58e-05 [15150.55912897]
0.005 1.58e-05 [18237.68189904]
0.007 1.58e-05 [22698.68419299]
0.010 1.58e-05 [25122.93879477]
0.020 1.58e-05 [19925.22542278]
0.040 1.58e-05 [7404.95725296]
0.060 1.58e-05 [2513.17578474]
0.080 1.58e-05 [860.59395605]
0.100 1.58e-05 [229.95664423]
0.120 1.58e-05 [83.84997111]
0.140 1.58e-05 [24.82883244]
0.160 1.58e-05 [7.30043236]
0.180 1.58e-05 [1.69300104]
0.200 1.58e-05 [0.38821986]
0.220 1.58e-05 [0.]
0.250 1.58e-05 [0.]
0.270 1.58e-05 [0.]
0.290 1.58e-05 [0.]
0.310 1.58e-05 [0.]
0.330 1.58e-05 [0.]
0.350 1.58e-05 [0.]
0.370 1.58e-05 [0.]
0.390 1.58e-05 [0.]
0.410 1.58e-05 [0.]
0.430 1.58e-05 [0.]
0.450 1.58e-05 [0.]
0.470 1.58e-05 [0.]
0.490 1.58e-05 [0.]
0.510 1.58e-05 [0.]
0.530 1.58e-05 [0.]
0.001 3.16e-05 [31398.69819696]
0.002 3.16e-05 [59153.02205137]
0.003 3.16e-05 [84098.69733531]
0.004 3.16e-05 [95620.63610883]
0.005 3.16e-05 [100063.2980899]
0.007 3.16e-05 [96746.73747378]
0.010 3.16e-05 [79811.41358844]
0.020 3.16e-05 [30992.62334037]
0.040 3.16e-05 [3381.93570704]
0.060 3.16e-05 [363.94988762]
0.080 3.16e-05 [35.59589843]
0.100 3.16e-05 [2.14397883]
0.120 3.16e-05 [0.]
0.140 3.16e-05 [0.]
0.160 3.16e-05 [0.]
0.180 3.16e-05 [0.]
0.200 3.16e-05 [0.]
0.220 3.16e-05 [0.]
0.250 3.16e-05 [0.]
0.270 3.16e-05 [0.]
0.290 3.16e-05 [0.]
0.310 3.16e-05 [0.]
0.330 3.16e-05 [0.]
0.350 3.16e-05 [0.]
0.370 3.16e-05 [0.]
0.390 3.16e-05 [0.]
0.410 3.16e-05 [0.]
0.430 3.16e-05 [0.]
0.450 3.16e-05 [0.]
0.470 3.16e-05 [0.]
0.490 3.16e-05 [0.]
0.510 3.16e-05 [0.]
0.530 3.16e-05 [0.]
0.001 6.31e-05 [276634.00060404]
0.002 6.31e-05 [376502.28419219]
0.003 6.31e-05 [395255.67991555]
0.004 6.31e-05 [367284.2423523]
0.005 6.31e-05 [323242.26408833]
0.007 6.31e-05 [224827.1223794]
0.010 6.31e-05 [122366.24385411]
0.020 6.31e-05 [13814.8475249]
0.040 6.31e-05 [130.17342761]
0.060 6.31e-05 [0.]
0.080 6.31e-05 [0.]
0.100 6.31e-05 [0.]
0.120 6.31e-05 [0.]
0.140 6.31e-05 [0.]
0.160 6.31e-05 [0.]
0.180 6.31e-05 [0.]
0.200 6.31e-05 [0.]
0.220 6.31e-05 [0.]
0.250 6.31e-05 [0.]
0.270 6.31e-05 [0.]
0.290 6.31e-05 [0.]
0.310 6.31e-05 [0.]
0.330 6.31e-05 [0.]
0.350 6.31e-05 [0.]
0.370 6.31e-05 [0.]
0.390 6.31e-05 [0.]
0.410 6.31e-05 [0.]
0.430 6.31e-05 [0.]
0.450 6.31e-05 [0.]
0.470 6.31e-05 [0.]
0.490 6.31e-05 [0.]
0.510 6.31e-05 [0.]
0.530 6.31e-05 [0.]
0.001 1.26e-04 [1566545.37410182]
0.002 1.26e-04 [1476350.66958319]
0.003 1.26e-04 [1063306.00130575]
0.004 1.26e-04 [730847.17198752]
0.005 1.26e-04 [493944.00858772]
0.007 1.26e-04 [207681.21208629]
0.010 1.26e-04 [57079.46457588]
0.020 1.26e-04 [524.50252832]
0.040 1.26e-04 [0.]
0.060 1.26e-04 [0.]
0.080 1.26e-04 [0.]
0.100 1.26e-04 [0.]
0.120 1.26e-04 [0.]
0.140 1.26e-04 [0.]
0.160 1.26e-04 [0.]
0.180 1.26e-04 [0.]
0.200 1.26e-04 [0.]
0.220 1.26e-04 [0.]
0.250 1.26e-04 [0.]
0.270 1.26e-04 [0.]
0.290 1.26e-04 [0.]
0.310 1.26e-04 [0.]
0.330 1.26e-04 [0.]
0.350 1.26e-04 [0.]
0.370 1.26e-04 [0.]
0.390 1.26e-04 [0.]
0.410 1.26e-04 [0.]
0.430 1.26e-04 [0.]
0.450 1.26e-04 [0.]
0.470 1.26e-04 [0.]
0.490 1.26e-04 [0.]
0.510 1.26e-04 [0.]
0.530 1.26e-04 [0.]
0.001 2.51e-04 [5325764.03120659]
0.002 2.51e-04 [2999585.04357749]
0.003 2.51e-04 [1262841.25011253]
0.004 2.51e-04 [553371.45270957]
0.005 2.51e-04 [226358.8632632]
0.007 2.51e-04 [38465.79666759]
0.010 2.51e-04 [2243.94105354]
0.020 2.51e-04 [0.]
0.040 2.51e-04 [0.]
0.060 2.51e-04 [0.]
0.080 2.51e-04 [0.]
0.100 2.51e-04 [0.]
0.120 2.51e-04 [0.]
0.140 2.51e-04 [0.]
0.160 2.51e-04 [0.]
0.180 2.51e-04 [0.]
0.200 2.51e-04 [0.]
0.220 2.51e-04 [0.]
0.250 2.51e-04 [0.]
0.270 2.51e-04 [0.]
0.290 2.51e-04 [0.]
0.310 2.51e-04 [0.]
0.330 2.51e-04 [0.]
0.350 2.51e-04 [0.]
0.370 2.51e-04 [0.]
0.390 2.51e-04 [0.]
0.410 2.51e-04 [0.]
0.430 2.51e-04 [0.]
0.450 2.51e-04 [0.]
0.470 2.51e-04 [0.]
0.490 2.51e-04 [0.]
0.510 2.51e-04 [0.]
0.530 2.51e-04 [0.]
0.001 5.01e-04 [9081533.90115176]
0.002 5.01e-04 [2324876.22422842]
0.003 5.01e-04 [385075.63650248]
0.004 5.01e-04 [59009.01213792]
0.005 5.01e-04 [8343.95801184]
0.007 5.01e-04 [0.]
0.010 5.01e-04 [0.]
0.020 5.01e-04 [0.]
0.040 5.01e-04 [0.]
0.060 5.01e-04 [0.]
0.080 5.01e-04 [0.]
0.100 5.01e-04 [0.]
0.120 5.01e-04 [0.]
0.140 5.01e-04 [0.]
0.160 5.01e-04 [0.]
0.180 5.01e-04 [0.]
0.200 5.01e-04 [0.]
0.220 5.01e-04 [0.]
0.250 5.01e-04 [0.]
0.270 5.01e-04 [0.]
0.290 5.01e-04 [0.]
0.310 5.01e-04 [0.]
0.330 5.01e-04 [0.]
0.350 5.01e-04 [0.]
0.370 5.01e-04 [0.]
0.390 5.01e-04 [0.]
0.410 5.01e-04 [0.]
0.430 5.01e-04 [0.]
0.450 5.01e-04 [0.]
0.470 5.01e-04 [0.]
0.490 5.01e-04 [0.]
0.510 5.01e-04 [0.]
0.530 5.01e-04 [0.]
0.001 1.00e-03 [4862813.57641885]
0.002 1.00e-03 [289531.26288447]
0.003 1.00e-03 [4746.17693558]
0.004 1.00e-03 [0.]
0.005 1.00e-03 [0.]
0.007 1.00e-03 [0.]
0.010 1.00e-03 [0.]
0.020 1.00e-03 [0.]
0.040 1.00e-03 [0.]
0.060 1.00e-03 [0.]
0.080 1.00e-03 [0.]
0.100 1.00e-03 [0.]
0.120 1.00e-03 [0.]
0.140 1.00e-03 [0.]
0.160 1.00e-03 [0.]
0.180 1.00e-03 [0.]
0.200 1.00e-03 [0.]
0.220 1.00e-03 [0.]
0.250 1.00e-03 [0.]
0.270 1.00e-03 [0.]
0.290 1.00e-03 [0.]
0.310 1.00e-03 [0.]
0.330 1.00e-03 [0.]
0.350 1.00e-03 [0.]
0.370 1.00e-03 [0.]
0.390 1.00e-03 [0.]
0.410 1.00e-03 [0.]
0.430 1.00e-03 [0.]
0.450 1.00e-03 [0.]
0.470 1.00e-03 [0.]
0.490 1.00e-03 [0.]
0.510 1.00e-03 [0.]
0.530 1.00e-03 [0.]
