0.001 1.00e-09 [0.]
0.002 1.00e-09 [0.]
0.003 1.00e-09 [0.]
0.004 1.00e-09 [0.]
0.005 1.00e-09 [0.]
0.007 1.00e-09 [0.]
0.010 1.00e-09 [0.]
0.020 1.00e-09 [0.]
0.040 1.00e-09 [0.]
0.060 1.00e-09 [0.]
0.080 1.00e-09 [0.]
0.100 1.00e-09 [0.]
0.120 1.00e-09 [0.]
0.140 1.00e-09 [0.]
0.160 1.00e-09 [0.]
0.180 1.00e-09 [0.]
0.200 1.00e-09 [0.]
0.220 1.00e-09 [1.40069893e-08]
0.250 1.00e-09 [1.17852062e-08]
0.270 1.00e-09 [1.03055532e-08]
0.290 1.00e-09 [8.85944893e-09]
0.310 1.00e-09 [7.46237111e-09]
0.330 1.00e-09 [6.15154093e-09]
0.350 1.00e-09 [4.93443617e-09]
0.370 1.00e-09 [3.82902422e-09]
0.390 1.00e-09 [5.70641997e-09]
0.410 1.00e-09 [4.06234713e-09]
0.430 1.00e-09 [2.71222369e-09]
0.450 1.00e-09 [1.65843735e-09]
0.470 1.00e-09 [8.90155511e-10]
0.490 1.00e-09 [3.83016378e-10]
0.510 1.00e-09 [1.90702516e-10]
0.530 1.00e-09 [4.21118063e-11]
0.001 2.00e-09 [0.]
0.002 2.00e-09 [0.]
0.003 2.00e-09 [0.]
0.004 2.00e-09 [0.]
0.005 2.00e-09 [0.]
0.007 2.00e-09 [0.]
0.010 2.00e-09 [0.]
0.020 2.00e-09 [0.]
0.040 2.00e-09 [0.]
0.060 2.00e-09 [0.]
0.080 2.00e-09 [0.]
0.100 2.00e-09 [0.]
0.120 2.00e-09 [8.19165349e-08]
0.140 2.00e-09 [7.75251084e-08]
0.160 2.00e-09 [7.26582375e-08]
0.180 2.00e-09 [6.73990062e-08]
0.200 2.00e-09 [6.18207129e-08]
0.220 2.00e-09 [1.12055915e-07]
0.250 2.00e-09 [1.41422474e-07]
0.270 2.00e-09 [1.23666638e-07]
0.290 2.00e-09 [1.41751183e-07]
0.310 2.00e-09 [1.19397938e-07]
0.330 2.00e-09 [1.23030819e-07]
0.350 2.00e-09 [9.86887234e-08]
0.370 2.00e-09 [9.18965813e-08]
0.390 2.00e-09 [6.84770397e-08]
0.410 2.00e-09 [5.68728599e-08]
0.430 2.00e-09 [3.79711317e-08]
0.450 2.00e-09 [2.65349975e-08]
0.470 2.00e-09 [1.60227992e-08]
0.490 2.00e-09 [6.8942948e-09]
0.510 2.00e-09 [2.54270021e-09]
0.530 2.00e-09 [6.17639826e-10]
0.001 4.00e-09 [0.]
0.002 4.00e-09 [0.]
0.003 4.00e-09 [0.]
0.004 4.00e-09 [0.]
0.005 4.00e-09 [0.]
0.007 4.00e-09 [0.]
0.010 4.00e-09 [0.]
0.020 4.00e-09 [0.]
0.040 4.00e-09 [0.]
0.060 4.00e-09 [3.66233706e-07]
0.080 4.00e-09 [3.55953955e-07]
0.100 4.00e-09 [6.86063532e-07]
0.120 4.00e-09 [6.5533228e-07]
0.140 4.00e-09 [9.30301301e-07]
0.160 4.00e-09 [1.1625318e-06]
0.180 4.00e-09 [1.0783841e-06]
0.200 4.00e-09 [1.23641426e-06]
0.220 4.00e-09 [1.79289464e-06]
0.250 4.00e-09 [2.26275958e-06]
0.270 4.00e-09 [2.30844391e-06]
0.290 4.00e-09 [2.40977011e-06]
0.310 4.00e-09 [2.02976494e-06]
0.330 4.00e-09 [1.87006844e-06]
0.350 4.00e-09 [1.65797055e-06]
0.370 4.00e-09 [1.40908091e-06]
0.390 4.00e-09 [1.14128399e-06]
0.410 4.00e-09 [8.77466981e-07]
0.430 4.00e-09 [6.50933687e-07]
0.450 4.00e-09 [4.24559961e-07]
0.470 4.00e-09 [2.42122299e-07]
0.490 4.00e-09 [1.13372848e-07]
0.510 4.00e-09 [4.06832034e-08]
0.530 4.00e-09 [9.65764091e-09]
0.001 8.00e-09 [0.]
0.002 8.00e-09 [0.]
0.003 8.00e-09 [0.]
0.004 8.00e-09 [0.]
0.005 8.00e-09 [0.]
0.007 8.00e-09 [0.]
0.010 8.00e-09 [0.]
0.020 8.00e-09 [0.]
0.040 8.00e-09 [1.49475709e-06]
0.060 8.00e-09 [4.39480447e-06]
0.080 8.00e-09 [7.1190791e-06]
0.100 8.00e-09 [9.60488945e-06]
0.120 8.00e-09 [1.1795981e-05]
0.140 8.00e-09 [1.48848208e-05]
0.160 8.00e-09 [1.62754452e-05]
0.180 8.00e-09 [1.83325297e-05]
0.200 8.00e-09 [1.97826281e-05]
0.220 8.00e-09 [2.86863142e-05]
0.250 8.00e-09 [3.46956469e-05]
0.270 8.00e-09 [3.56159918e-05]
0.290 8.00e-09 [3.74223123e-05]
0.310 8.00e-09 [3.29538308e-05]
0.330 8.00e-09 [2.99210951e-05]
0.350 8.00e-09 [2.65275289e-05]
0.370 8.00e-09 [2.25452946e-05]
0.390 8.00e-09 [1.82605439e-05]
0.410 8.00e-09 [1.41694668e-05]
0.430 8.00e-09 [1.02413567e-05]
0.450 8.00e-09 [6.73988938e-06]
0.470 8.00e-09 [3.87395678e-06]
0.490 8.00e-09 [1.80170904e-06]
0.510 8.00e-09 [6.42794614e-07]
0.530 8.00e-09 [1.54522255e-07]
0.001 1.60e-08 [0.]
0.002 1.60e-08 [0.]
0.003 1.60e-08 [0.]
0.004 1.60e-08 [0.]
0.005 1.60e-08 [0.]
0.007 1.60e-08 [0.]
0.010 1.60e-08 [0.]
0.020 1.60e-08 [6.05140682e-06]
0.040 1.60e-08 [2.98951419e-05]
0.060 1.60e-08 [6.44571323e-05]
0.080 1.60e-08 [0.00010251]
0.100 1.60e-08 [0.00014819]
0.120 1.60e-08 [0.00018874]
0.140 1.60e-08 [0.00022823]
0.160 1.60e-08 [0.00026506]
0.180 1.60e-08 [0.00029332]
0.200 1.60e-08 [0.00030861]
0.220 1.60e-08 [0.0004554]
0.250 1.60e-08 [0.00055815]
0.270 1.60e-08 [0.00056986]
0.290 1.60e-08 [0.00059422]
0.310 1.60e-08 [0.00052153]
0.330 1.60e-08 [0.00047716]
0.350 1.60e-08 [0.00042065]
0.370 1.60e-08 [0.00035876]
0.390 1.60e-08 [0.00028998]
0.410 1.60e-08 [0.00022463]
0.430 1.60e-08 [0.00016213]
0.450 1.60e-08 [0.00010678]
0.470 1.60e-08 [6.15275489e-05]
0.490 1.60e-08 [2.86312403e-05]
0.510 1.60e-08 [1.01708008e-05]
0.530 1.60e-08 [2.44001421e-06]
0.001 3.20e-08 [0.]
0.002 3.20e-08 [0.]
0.003 3.20e-08 [0.]
0.004 3.20e-08 [0.]
0.005 3.20e-08 [0.]
0.007 3.20e-08 [2.42907168e-05]
0.010 3.20e-08 [4.85566709e-05]
0.020 3.20e-08 [0.00014523]
0.040 3.20e-08 [0.00052615]
0.060 3.20e-08 [0.00105475]
0.080 3.20e-08 [0.00164024]
0.100 3.20e-08 [0.00234908]
0.120 3.20e-08 [0.00301977]
0.140 3.20e-08 [0.00361205]
0.160 3.20e-08 [0.00418511]
0.180 3.20e-08 [0.00464137]
0.200 3.20e-08 [0.00489027]
0.220 3.20e-08 [0.00721461]
0.250 3.20e-08 [0.00880968]
0.270 3.20e-08 [0.00900161]
0.290 3.20e-08 [0.00938053]
0.310 3.20e-08 [0.0082375]
0.330 3.20e-08 [0.00750862]
0.350 3.20e-08 [0.0066243]
0.370 3.20e-08 [0.00563436]
0.390 3.20e-08 [0.00455199]
0.410 3.20e-08 [0.00352755]
0.430 3.20e-08 [0.00254125]
0.450 3.20e-08 [0.00167022]
0.470 3.20e-08 [0.00096165]
0.490 3.20e-08 [0.00044692]
0.510 3.20e-08 [0.00015863]
0.530 3.20e-08 [3.79909134e-05]
0.001 6.30e-08 [0.]
0.002 6.30e-08 [0.]
0.003 6.30e-08 [9.41878813e-05]
0.004 6.30e-08 [9.41812941e-05]
0.005 6.30e-08 [0.00018835]
0.007 6.30e-08 [0.00028245]
0.010 6.30e-08 [0.00056461]
0.020 6.30e-08 [0.00206405]
0.040 6.30e-08 [0.00797205]
0.060 6.30e-08 [0.01635279]
0.080 6.30e-08 [0.02534176]
0.100 6.30e-08 [0.03624975]
0.120 6.30e-08 [0.04624928]
0.140 6.30e-08 [0.05530856]
0.160 6.30e-08 [0.06409258]
0.180 6.30e-08 [0.07075551]
0.200 6.30e-08 [0.07453005]
0.220 6.30e-08 [0.10929729]
0.250 6.30e-08 [0.13237462]
0.270 6.30e-08 [0.13465182]
0.290 6.30e-08 [0.13949223]
0.310 6.30e-08 [0.1223822]
0.330 6.30e-08 [0.11109037]
0.350 6.30e-08 [0.09766928]
0.370 6.30e-08 [0.08273463]
0.390 6.30e-08 [0.06656477]
0.410 6.30e-08 [0.05136127]
0.430 6.30e-08 [0.03682643]
0.450 6.30e-08 [0.02410452]
0.470 6.30e-08 [0.0138159]
0.490 6.30e-08 [0.00638405]
0.510 6.30e-08 [0.00225354]
0.530 6.30e-08 [0.00053597]
0.001 1.26e-07 [0.]
0.002 1.26e-07 [0.00037677]
0.003 1.26e-07 [0.0007535]
0.004 1.26e-07 [0.0015069]
0.005 1.26e-07 [0.00226015]
0.007 1.26e-07 [0.00451921]
0.010 1.26e-07 [0.00903382]
0.020 1.26e-07 [0.0330248]
0.040 1.26e-07 [0.12569889]
0.060 1.26e-07 [0.25837413]
0.080 1.26e-07 [0.39805112]
0.100 1.26e-07 [0.56536]
0.120 1.26e-07 [0.71853007]
0.140 1.26e-07 [0.85539809]
0.160 1.26e-07 [0.98453118]
0.180 1.26e-07 [1.08206442]
0.200 1.26e-07 [1.13310208]
0.220 1.26e-07 [1.61755548]
0.250 1.26e-07 [1.90357507]
0.270 1.26e-07 [1.90524965]
0.290 1.26e-07 [1.9336921]
0.310 1.26e-07 [1.68669446]
0.330 1.26e-07 [1.51112202]
0.350 1.26e-07 [1.31108332]
0.370 1.26e-07 [1.09439496]
0.390 1.26e-07 [0.86839956]
0.410 1.26e-07 [0.6599008]
0.430 1.26e-07 [0.46583664]
0.450 1.26e-07 [0.30039157]
0.470 1.26e-07 [0.16952171]
0.490 1.26e-07 [0.07688219]
0.510 1.26e-07 [0.02668823]
0.530 1.26e-07 [0.00620943]
0.001 2.51e-07 [0.00149518]
0.002 2.51e-07 [0.00598058]
0.003 2.51e-07 [0.01345563]
0.004 2.51e-07 [0.02242447]
0.005 2.51e-07 [0.03587593]
0.007 2.51e-07 [0.07024019]
0.010 2.51e-07 [0.14040877]
0.020 2.51e-07 [0.51825449]
0.040 2.51e-07 [1.94375225]
0.060 2.51e-07 [3.92242525]
0.080 2.51e-07 [5.95535992]
0.100 2.51e-07 [8.27849557]
0.120 2.51e-07 [10.31906682]
0.140 2.51e-07 [12.07486296]
0.160 2.51e-07 [13.58385477]
0.180 2.51e-07 [14.65683738]
0.200 2.51e-07 [15.06301034]
0.220 2.51e-07 [19.63372652]
0.250 2.51e-07 [21.07603084]
0.270 2.51e-07 [20.13355742]
0.290 2.51e-07 [19.24236404]
0.310 2.51e-07 [16.53612315]
0.330 2.51e-07 [14.31195324]
0.350 2.51e-07 [11.98327601]
0.370 2.51e-07 [9.64278092]
0.390 2.51e-07 [7.4059094]
0.410 2.51e-07 [5.42946797]
0.430 2.51e-07 [3.70195932]
0.450 2.51e-07 [2.31080294]
0.470 2.51e-07 [1.26243235]
0.490 2.51e-07 [0.55185052]
0.510 2.51e-07 [0.18548307]
0.530 2.51e-07 [0.04145093]
0.001 5.01e-07 [0.02978456]
0.002 5.01e-07 [0.0893516]
0.003 5.01e-07 [0.20847665]
0.004 5.01e-07 [0.35140749]
0.005 5.01e-07 [0.56577472]
0.007 5.01e-07 [1.11341593]
0.010 5.01e-07 [2.2137947]
0.020 5.01e-07 [7.99207282]
0.040 5.01e-07 [28.49065082]
0.060 5.01e-07 [53.822103]
0.080 5.01e-07 [77.67971838]
0.100 5.01e-07 [100.60400676]
0.120 5.01e-07 [118.17510725]
0.140 5.01e-07 [131.07987859]
0.160 5.01e-07 [138.2113044]
0.180 5.01e-07 [141.77051579]
0.200 5.01e-07 [138.98631322]
0.220 5.01e-07 [148.52714901]
0.250 5.01e-07 [134.56981833]
0.270 5.01e-07 [119.78768255]
0.290 5.01e-07 [104.37524037]
0.310 5.01e-07 [87.92717814]
0.330 5.01e-07 [72.5731056]
0.350 5.01e-07 [57.86374332]
0.370 5.01e-07 [44.55704287]
0.390 5.01e-07 [32.88098797]
0.410 5.01e-07 [23.00541534]
0.430 5.01e-07 [15.14579008]
0.450 5.01e-07 [9.09590337]
0.470 5.01e-07 [4.79190157]
0.490 5.01e-07 [2.01489766]
0.510 5.01e-07 [0.65347376]
0.530 5.01e-07 [0.13996934]
0.001 1.00e-06 [0.47465237]
0.002 1.00e-06 [1.44765631]
0.003 1.00e-06 [3.32232385]
0.004 1.00e-06 [5.55263865]
0.005 1.00e-06 [8.82647751]
0.007 1.00e-06 [17.29290289]
0.010 1.00e-06 [33.90431612]
0.020 1.00e-06 [114.88217626]
0.040 1.00e-06 [348.32511398]
0.060 1.00e-06 [553.37912993]
0.080 1.00e-06 [706.85781322]
0.100 1.00e-06 [793.4967932]
0.120 1.00e-06 [836.28590523]
0.140 1.00e-06 [838.35652212]
0.160 1.00e-06 [807.70529767]
0.180 1.00e-06 [762.48495727]
0.200 1.00e-06 [704.10700961]
0.220 1.00e-06 [603.15496832]
0.250 1.00e-06 [455.07395046]
0.270 1.00e-06 [374.91602435]
0.290 1.00e-06 [290.27098468]
0.310 1.00e-06 [239.88538169]
0.330 1.00e-06 [185.73962694]
0.350 1.00e-06 [138.58363986]
0.370 1.00e-06 [100.48891161]
0.390 1.00e-06 [69.98353457]
0.410 1.00e-06 [46.38387958]
0.430 1.00e-06 [28.84178676]
0.450 1.00e-06 [16.44921082]
0.470 1.00e-06 [8.18631516]
0.490 1.00e-06 [3.24108459]
0.510 1.00e-06 [0.99622994]
0.530 1.00e-06 [0.19987667]
0.001 1.99e-06 [7.55651327]
0.002 1.99e-06 [22.76347059]
0.003 1.99e-06 [51.85278335]
0.004 1.99e-06 [86.03748989]
0.005 1.99e-06 [134.38016788]
0.007 1.99e-06 [255.28944643]
0.010 1.99e-06 [476.2533636]
0.020 1.99e-06 [1372.45444917]
0.040 1.99e-06 [2943.07328777]
0.060 1.99e-06 [3638.12668697]
0.080 1.99e-06 [3820.41238964]
0.100 1.99e-06 [3678.30685107]
0.120 1.99e-06 [3392.01463208]
0.140 1.99e-06 [3004.60096739]
0.160 1.99e-06 [2638.85441261]
0.180 1.99e-06 [2237.20274566]
0.200 1.99e-06 [1883.86638087]
0.220 1.99e-06 [1209.01051464]
0.250 1.99e-06 [699.8756991]
0.270 1.99e-06 [501.30194286]
0.290 1.99e-06 [324.43488045]
0.310 1.99e-06 [254.17622496]
0.330 1.99e-06 [172.70510441]
0.350 1.99e-06 [118.1493028]
0.370 1.99e-06 [76.16758137]
0.390 1.99e-06 [48.09201238]
0.410 1.99e-06 [28.45610795]
0.430 1.99e-06 [16.19747452]
0.450 1.99e-06 [8.20457327]
0.470 1.99e-06 [3.68278341]
0.490 1.99e-06 [1.29880137]
0.510 1.99e-06 [0.36153737]
0.530 1.99e-06 [0.06413725]
0.001 3.98e-06 [118.85490245]
0.002 3.98e-06 [348.28195679]
0.003 3.98e-06 [776.26137459]
0.004 3.98e-06 [1260.20830547]
0.005 3.98e-06 [1872.65673612]
0.007 3.98e-06 [3300.80026395]
0.010 3.98e-06 [5520.57387669]
0.020 3.98e-06 [11743.47760192]
0.040 3.98e-06 [15709.43669697]
0.060 3.98e-06 [14445.57542991]
0.080 3.98e-06 [11966.57957751]
0.100 3.98e-06 [9456.43676948]
0.120 3.98e-06 [7113.39695858]
0.140 3.98e-06 [5383.0048683]
0.160 3.98e-06 [3948.25355289]
0.180 3.98e-06 [2844.78719101]
0.200 3.98e-06 [2148.1171685]
0.220 3.98e-06 [842.22180316]
0.250 3.98e-06 [305.56586582]
0.270 3.98e-06 [170.67580267]
0.290 3.98e-06 [80.59404556]
0.310 3.98e-06 [51.2093301]
0.330 3.98e-06 [25.93282982]
0.350 3.98e-06 [16.89178877]
0.370 3.98e-06 [7.34273473]
0.390 3.98e-06 [3.21052783]
0.410 3.98e-06 [1.54515705]
0.430 3.98e-06 [0.66625665]
0.450 3.98e-06 [0.23655162]
0.470 3.98e-06 [0.08464504]
0.490 3.98e-06 [0.02124564]
0.510 3.98e-06 [0.00402976]
0.530 3.98e-06 [0.00044494]
0.001 7.94e-06 [1823.73643879]
0.002 7.94e-06 [4978.47589547]
0.003 7.94e-06 [10368.18724287]
0.004 7.94e-06 [15941.18941295]
0.005 7.94e-06 [21718.06613063]
0.007 7.94e-06 [33114.05817629]
0.010 7.94e-06 [46425.20385982]
0.020 7.94e-06 [63080.49245231]
0.040 7.94e-06 [49092.21501106]
0.060 7.94e-06 [31118.19666357]
0.080 7.94e-06 [18192.04307957]
0.100 7.94e-06 [10304.44130796]
0.120 7.94e-06 [5884.01448901]
0.140 7.94e-06 [3302.75303305]
0.160 7.94e-06 [1793.52871687]
0.180 7.94e-06 [1050.31500835]
0.200 7.94e-06 [551.89895775]
0.220 7.94e-06 [85.72068991]
0.250 7.94e-06 [9.66606389]
0.270 7.94e-06 [2.60076088]
0.290 7.94e-06 [0.5589537]
0.310 7.94e-06 [0.]
0.330 7.94e-06 [0.]
0.350 7.94e-06 [0.]
0.370 7.94e-06 [0.]
0.390 7.94e-06 [0.]
0.410 7.94e-06 [0.]
0.430 7.94e-06 [0.]
0.450 7.94e-06 [0.]
0.470 7.94e-06 [0.]
0.490 7.94e-06 [0.]
0.510 7.94e-06 [0.]
0.530 7.94e-06 [0.]
0.001 1.58e-05 [26116.96133595]
0.002 1.58e-05 [62056.90247694]
0.003 1.58e-05 [111464.36372388]
0.004 1.58e-05 [151505.5912897]
0.005 1.58e-05 [182376.81899037]
0.007 1.58e-05 [226986.84192992]
0.010 1.58e-05 [251229.3879477]
0.020 1.58e-05 [199252.25422783]
0.040 1.58e-05 [74049.57252961]
0.060 1.58e-05 [25131.75784739]
0.080 1.58e-05 [8605.93956046]
0.100 1.58e-05 [2299.56644234]
0.120 1.58e-05 [838.49971112]
0.140 1.58e-05 [248.28832444]
0.160 1.58e-05 [73.00432355]
0.180 1.58e-05 [16.93001036]
0.200 1.58e-05 [3.8821986]
0.220 1.58e-05 [0.]
0.250 1.58e-05 [0.]
0.270 1.58e-05 [0.]
0.290 1.58e-05 [0.]
0.310 1.58e-05 [0.]
0.330 1.58e-05 [0.]
0.350 1.58e-05 [0.]
0.370 1.58e-05 [0.]
0.390 1.58e-05 [0.]
0.410 1.58e-05 [0.]
0.430 1.58e-05 [0.]
0.450 1.58e-05 [0.]
0.470 1.58e-05 [0.]
0.490 1.58e-05 [0.]
0.510 1.58e-05 [0.]
0.530 1.58e-05 [0.]
0.001 3.16e-05 [313986.9819696]
0.002 3.16e-05 [591530.22051366]
0.003 3.16e-05 [840986.97335313]
0.004 3.16e-05 [956206.36108835]
0.005 3.16e-05 [1000632.98089904]
0.007 3.16e-05 [967467.37473775]
0.010 3.16e-05 [798114.1358844]
0.020 3.16e-05 [309926.23340365]
0.040 3.16e-05 [33819.35707045]
0.060 3.16e-05 [3639.49887622]
0.080 3.16e-05 [355.95898425]
0.100 3.16e-05 [21.43978829]
0.120 3.16e-05 [0.]
0.140 3.16e-05 [0.]
0.160 3.16e-05 [0.]
0.180 3.16e-05 [0.]
0.200 3.16e-05 [0.]
0.220 3.16e-05 [0.]
0.250 3.16e-05 [0.]
0.270 3.16e-05 [0.]
0.290 3.16e-05 [0.]
0.310 3.16e-05 [0.]
0.330 3.16e-05 [0.]
0.350 3.16e-05 [0.]
0.370 3.16e-05 [0.]
0.390 3.16e-05 [0.]
0.410 3.16e-05 [0.]
0.430 3.16e-05 [0.]
0.450 3.16e-05 [0.]
0.470 3.16e-05 [0.]
0.490 3.16e-05 [0.]
0.510 3.16e-05 [0.]
0.530 3.16e-05 [0.]
0.001 6.31e-05 [2766340.00604039]
0.002 6.31e-05 [3765022.84192193]
0.003 6.31e-05 [3952556.79915555]
0.004 6.31e-05 [3672842.42352303]
0.005 6.31e-05 [3232422.64088326]
0.007 6.31e-05 [2248271.22379403]
0.010 6.31e-05 [1223662.43854108]
0.020 6.31e-05 [138148.47524897]
0.040 6.31e-05 [1301.73427609]
0.060 6.31e-05 [0.]
0.080 6.31e-05 [0.]
0.100 6.31e-05 [0.]
0.120 6.31e-05 [0.]
0.140 6.31e-05 [0.]
0.160 6.31e-05 [0.]
0.180 6.31e-05 [0.]
0.200 6.31e-05 [0.]
0.220 6.31e-05 [0.]
0.250 6.31e-05 [0.]
0.270 6.31e-05 [0.]
0.290 6.31e-05 [0.]
0.310 6.31e-05 [0.]
0.330 6.31e-05 [0.]
0.350 6.31e-05 [0.]
0.370 6.31e-05 [0.]
0.390 6.31e-05 [0.]
0.410 6.31e-05 [0.]
0.430 6.31e-05 [0.]
0.450 6.31e-05 [0.]
0.470 6.31e-05 [0.]
0.490 6.31e-05 [0.]
0.510 6.31e-05 [0.]
0.530 6.31e-05 [0.]
0.001 1.26e-04 [15665453.74101821]
0.002 1.26e-04 [14763506.69583189]
0.003 1.26e-04 [10633060.01305746]
0.004 1.26e-04 [7308471.71987524]
0.005 1.26e-04 [4939440.08587719]
0.007 1.26e-04 [2076812.12086291]
0.010 1.26e-04 [570794.64575881]
0.020 1.26e-04 [5245.02528322]
0.040 1.26e-04 [0.]
0.060 1.26e-04 [0.]
0.080 1.26e-04 [0.]
0.100 1.26e-04 [0.]
0.120 1.26e-04 [0.]
0.140 1.26e-04 [0.]
0.160 1.26e-04 [0.]
0.180 1.26e-04 [0.]
0.200 1.26e-04 [0.]
0.220 1.26e-04 [0.]
0.250 1.26e-04 [0.]
0.270 1.26e-04 [0.]
0.290 1.26e-04 [0.]
0.310 1.26e-04 [0.]
0.330 1.26e-04 [0.]
0.350 1.26e-04 [0.]
0.370 1.26e-04 [0.]
0.390 1.26e-04 [0.]
0.410 1.26e-04 [0.]
0.430 1.26e-04 [0.]
0.450 1.26e-04 [0.]
0.470 1.26e-04 [0.]
0.490 1.26e-04 [0.]
0.510 1.26e-04 [0.]
0.530 1.26e-04 [0.]
0.001 2.51e-04 [53257640.31206588]
0.002 2.51e-04 [29995850.43577487]
0.003 2.51e-04 [12628412.50112532]
0.004 2.51e-04 [5533714.52709567]
0.005 2.51e-04 [2263588.63263195]
0.007 2.51e-04 [384657.96667588]
0.010 2.51e-04 [22439.41053538]
0.020 2.51e-04 [0.]
0.040 2.51e-04 [0.]
0.060 2.51e-04 [0.]
0.080 2.51e-04 [0.]
0.100 2.51e-04 [0.]
0.120 2.51e-04 [0.]
0.140 2.51e-04 [0.]
0.160 2.51e-04 [0.]
0.180 2.51e-04 [0.]
0.200 2.51e-04 [0.]
0.220 2.51e-04 [0.]
0.250 2.51e-04 [0.]
0.270 2.51e-04 [0.]
0.290 2.51e-04 [0.]
0.310 2.51e-04 [0.]
0.330 2.51e-04 [0.]
0.350 2.51e-04 [0.]
0.370 2.51e-04 [0.]
0.390 2.51e-04 [0.]
0.410 2.51e-04 [0.]
0.430 2.51e-04 [0.]
0.450 2.51e-04 [0.]
0.470 2.51e-04 [0.]
0.490 2.51e-04 [0.]
0.510 2.51e-04 [0.]
0.530 2.51e-04 [0.]
0.001 5.01e-04 [90815339.01151755]
0.002 5.01e-04 [23248762.24228423]
0.003 5.01e-04 [3850756.36502484]
0.004 5.01e-04 [590090.12137918]
0.005 5.01e-04 [83439.58011838]
0.007 5.01e-04 [0.]
0.010 5.01e-04 [0.]
0.020 5.01e-04 [0.]
0.040 5.01e-04 [0.]
0.060 5.01e-04 [0.]
0.080 5.01e-04 [0.]
0.100 5.01e-04 [0.]
0.120 5.01e-04 [0.]
0.140 5.01e-04 [0.]
0.160 5.01e-04 [0.]
0.180 5.01e-04 [0.]
0.200 5.01e-04 [0.]
0.220 5.01e-04 [0.]
0.250 5.01e-04 [0.]
0.270 5.01e-04 [0.]
0.290 5.01e-04 [0.]
0.310 5.01e-04 [0.]
0.330 5.01e-04 [0.]
0.350 5.01e-04 [0.]
0.370 5.01e-04 [0.]
0.390 5.01e-04 [0.]
0.410 5.01e-04 [0.]
0.430 5.01e-04 [0.]
0.450 5.01e-04 [0.]
0.470 5.01e-04 [0.]
0.490 5.01e-04 [0.]
0.510 5.01e-04 [0.]
0.530 5.01e-04 [0.]
0.001 1.00e-03 [48628135.76418848]
0.002 1.00e-03 [2895312.6288447]
0.003 1.00e-03 [47461.76935584]
0.004 1.00e-03 [0.]
0.005 1.00e-03 [0.]
0.007 1.00e-03 [0.]
0.010 1.00e-03 [0.]
0.020 1.00e-03 [0.]
0.040 1.00e-03 [0.]
0.060 1.00e-03 [0.]
0.080 1.00e-03 [0.]
0.100 1.00e-03 [0.]
0.120 1.00e-03 [0.]
0.140 1.00e-03 [0.]
0.160 1.00e-03 [0.]
0.180 1.00e-03 [0.]
0.200 1.00e-03 [0.]
0.220 1.00e-03 [0.]
0.250 1.00e-03 [0.]
0.270 1.00e-03 [0.]
0.290 1.00e-03 [0.]
0.310 1.00e-03 [0.]
0.330 1.00e-03 [0.]
0.350 1.00e-03 [0.]
0.370 1.00e-03 [0.]
0.390 1.00e-03 [0.]
0.410 1.00e-03 [0.]
0.430 1.00e-03 [0.]
0.450 1.00e-03 [0.]
0.470 1.00e-03 [0.]
0.490 1.00e-03 [0.]
0.510 1.00e-03 [0.]
0.530 1.00e-03 [0.]
0.001 1.00e-09 [0.]
0.002 1.00e-09 [0.]
0.003 1.00e-09 [0.]
0.004 1.00e-09 [0.]
0.005 1.00e-09 [0.]
0.007 1.00e-09 [0.]
0.010 1.00e-09 [0.]
0.020 1.00e-09 [0.]
0.040 1.00e-09 [0.]
0.060 1.00e-09 [0.]
0.080 1.00e-09 [0.]
0.100 1.00e-09 [0.]
0.120 1.00e-09 [0.]
0.140 1.00e-09 [0.]
0.160 1.00e-09 [0.]
0.180 1.00e-09 [0.]
0.200 1.00e-09 [0.]
0.220 1.00e-09 [1.40069893e-08]
0.250 1.00e-09 [1.17852062e-08]
0.270 1.00e-09 [1.03055532e-08]
0.290 1.00e-09 [8.85944893e-09]
0.310 1.00e-09 [7.46237111e-09]
0.330 1.00e-09 [6.15154093e-09]
0.350 1.00e-09 [4.93443617e-09]
0.370 1.00e-09 [3.82902422e-09]
0.390 1.00e-09 [5.70641997e-09]
0.410 1.00e-09 [4.06234713e-09]
0.430 1.00e-09 [2.71222369e-09]
0.450 1.00e-09 [1.65843735e-09]
0.470 1.00e-09 [8.90155511e-10]
0.490 1.00e-09 [3.83016378e-10]
0.510 1.00e-09 [1.90702516e-10]
0.530 1.00e-09 [4.21118063e-11]
0.001 2.00e-09 [0.]
0.002 2.00e-09 [0.]
0.003 2.00e-09 [0.]
0.004 2.00e-09 [0.]
0.005 2.00e-09 [0.]
0.007 2.00e-09 [0.]
0.010 2.00e-09 [0.]
0.020 2.00e-09 [0.]
0.040 2.00e-09 [0.]
0.060 2.00e-09 [0.]
0.080 2.00e-09 [0.]
0.100 2.00e-09 [0.]
0.120 2.00e-09 [8.19165349e-08]
0.140 2.00e-09 [7.75251084e-08]
0.160 2.00e-09 [7.26582375e-08]
0.180 2.00e-09 [6.73990062e-08]
0.200 2.00e-09 [6.18207129e-08]
0.220 2.00e-09 [1.12055915e-07]
0.250 2.00e-09 [1.41422474e-07]
0.270 2.00e-09 [1.23666638e-07]
0.290 2.00e-09 [1.41751183e-07]
0.310 2.00e-09 [1.19397938e-07]
0.330 2.00e-09 [1.23030819e-07]
0.350 2.00e-09 [9.86887234e-08]
0.370 2.00e-09 [9.18965813e-08]
0.390 2.00e-09 [6.84770397e-08]
0.410 2.00e-09 [5.68728599e-08]
0.430 2.00e-09 [3.79711317e-08]
0.450 2.00e-09 [2.65349975e-08]
0.470 2.00e-09 [1.60227992e-08]
0.490 2.00e-09 [6.8942948e-09]
0.510 2.00e-09 [2.54270021e-09]
0.530 2.00e-09 [6.17639826e-10]
0.001 4.00e-09 [0.]
0.002 4.00e-09 [0.]
0.003 4.00e-09 [0.]
0.004 4.00e-09 [0.]
0.005 4.00e-09 [0.]
0.007 4.00e-09 [0.]
0.010 4.00e-09 [0.]
0.020 4.00e-09 [0.]
0.040 4.00e-09 [0.]
0.060 4.00e-09 [3.66233706e-07]
0.080 4.00e-09 [3.55953955e-07]
0.100 4.00e-09 [6.86063532e-07]
0.120 4.00e-09 [6.5533228e-07]
0.140 4.00e-09 [9.30301301e-07]
0.160 4.00e-09 [1.1625318e-06]
0.180 4.00e-09 [1.0783841e-06]
0.200 4.00e-09 [1.23641426e-06]
0.220 4.00e-09 [1.79289464e-06]
0.250 4.00e-09 [2.26275958e-06]
0.270 4.00e-09 [2.30844391e-06]
0.290 4.00e-09 [2.40977011e-06]
0.310 4.00e-09 [2.02976494e-06]
0.330 4.00e-09 [1.87006844e-06]
0.350 4.00e-09 [1.65797055e-06]
0.370 4.00e-09 [1.40908091e-06]
0.390 4.00e-09 [1.14128399e-06]
0.410 4.00e-09 [8.77466981e-07]
0.430 4.00e-09 [6.50933687e-07]
0.450 4.00e-09 [4.24559961e-07]
0.470 4.00e-09 [2.42122299e-07]
0.490 4.00e-09 [1.13372848e-07]
0.510 4.00e-09 [4.06832034e-08]
0.530 4.00e-09 [9.65764091e-09]
0.001 8.00e-09 [0.]
0.002 8.00e-09 [0.]
0.003 8.00e-09 [0.]
0.004 8.00e-09 [0.]
0.005 8.00e-09 [0.]
0.007 8.00e-09 [0.]
0.010 8.00e-09 [0.]
0.020 8.00e-09 [0.]
0.040 8.00e-09 [1.49475709e-06]
0.060 8.00e-09 [4.39480447e-06]
0.080 8.00e-09 [7.1190791e-06]
0.100 8.00e-09 [9.60488945e-06]
0.120 8.00e-09 [1.1795981e-05]
0.140 8.00e-09 [1.48848208e-05]
0.160 8.00e-09 [1.62754452e-05]
0.180 8.00e-09 [1.83325297e-05]
0.200 8.00e-09 [1.97826281e-05]
0.220 8.00e-09 [2.86863142e-05]
0.250 8.00e-09 [3.46956469e-05]
0.270 8.00e-09 [3.56159918e-05]
0.290 8.00e-09 [3.74223123e-05]
0.310 8.00e-09 [3.29538308e-05]
0.330 8.00e-09 [2.99210951e-05]
0.350 8.00e-09 [2.65275289e-05]
0.370 8.00e-09 [2.25452946e-05]
0.390 8.00e-09 [1.82605439e-05]
0.410 8.00e-09 [1.41694668e-05]
0.430 8.00e-09 [1.02413567e-05]
0.450 8.00e-09 [6.73988938e-06]
0.470 8.00e-09 [3.87395678e-06]
0.490 8.00e-09 [1.80170904e-06]
0.510 8.00e-09 [6.42794614e-07]
0.530 8.00e-09 [1.54522255e-07]
0.001 1.60e-08 [0.]
0.002 1.60e-08 [0.]
0.003 1.60e-08 [0.]
0.004 1.60e-08 [0.]
0.005 1.60e-08 [0.]
0.007 1.60e-08 [0.]
0.010 1.60e-08 [0.]
0.020 1.60e-08 [6.05140682e-06]
0.040 1.60e-08 [2.98951419e-05]
0.060 1.60e-08 [6.44571323e-05]
0.080 1.60e-08 [0.00010251]
0.100 1.60e-08 [0.00014819]
0.120 1.60e-08 [0.00018874]
0.140 1.60e-08 [0.00022823]
0.160 1.60e-08 [0.00026506]
0.180 1.60e-08 [0.00029332]
0.200 1.60e-08 [0.00030861]
0.220 1.60e-08 [0.0004554]
0.250 1.60e-08 [0.00055815]
0.270 1.60e-08 [0.00056986]
0.290 1.60e-08 [0.00059422]
0.310 1.60e-08 [0.00052153]
0.330 1.60e-08 [0.00047716]
0.350 1.60e-08 [0.00042065]
0.370 1.60e-08 [0.00035876]
0.390 1.60e-08 [0.00028998]
0.410 1.60e-08 [0.00022463]
0.430 1.60e-08 [0.00016213]
0.450 1.60e-08 [0.00010678]
0.470 1.60e-08 [6.15275489e-05]
0.490 1.60e-08 [2.86312403e-05]
0.510 1.60e-08 [1.01708008e-05]
0.530 1.60e-08 [2.44001421e-06]
0.001 3.20e-08 [0.]
0.002 3.20e-08 [0.]
0.003 3.20e-08 [0.]
0.004 3.20e-08 [0.]
0.005 3.20e-08 [0.]
0.007 3.20e-08 [2.42907168e-05]
0.010 3.20e-08 [4.85566709e-05]
0.020 3.20e-08 [0.00014523]
0.040 3.20e-08 [0.00052615]
0.060 3.20e-08 [0.00105475]
0.080 3.20e-08 [0.00164024]
0.100 3.20e-08 [0.00234908]
0.120 3.20e-08 [0.00301977]
0.140 3.20e-08 [0.00361205]
0.160 3.20e-08 [0.00418511]
0.180 3.20e-08 [0.00464137]
0.200 3.20e-08 [0.00489027]
0.220 3.20e-08 [0.00721461]
0.250 3.20e-08 [0.00880968]
0.270 3.20e-08 [0.00900161]
0.290 3.20e-08 [0.00938053]
0.310 3.20e-08 [0.0082375]
0.330 3.20e-08 [0.00750862]
0.350 3.20e-08 [0.0066243]
0.370 3.20e-08 [0.00563436]
0.390 3.20e-08 [0.00455199]
0.410 3.20e-08 [0.00352755]
0.430 3.20e-08 [0.00254125]
0.450 3.20e-08 [0.00167022]
0.470 3.20e-08 [0.00096165]
0.490 3.20e-08 [0.00044692]
0.510 3.20e-08 [0.00015863]
0.530 3.20e-08 [3.79909134e-05]
0.001 6.30e-08 [0.]
0.002 6.30e-08 [0.]
0.003 6.30e-08 [9.41878813e-05]
0.004 6.30e-08 [9.41812941e-05]
0.005 6.30e-08 [0.00018835]
0.007 6.30e-08 [0.00028245]
0.010 6.30e-08 [0.00056461]
0.020 6.30e-08 [0.00206405]
0.040 6.30e-08 [0.00797205]
0.060 6.30e-08 [0.01635279]
0.080 6.30e-08 [0.02534176]
0.100 6.30e-08 [0.03624975]
0.120 6.30e-08 [0.04624928]
0.140 6.30e-08 [0.05530856]
0.160 6.30e-08 [0.06409258]
0.180 6.30e-08 [0.07075551]
0.200 6.30e-08 [0.07453005]
0.220 6.30e-08 [0.10929729]
0.250 6.30e-08 [0.13237462]
0.270 6.30e-08 [0.13465182]
0.290 6.30e-08 [0.13949223]
0.310 6.30e-08 [0.1223822]
0.330 6.30e-08 [0.11109037]
0.350 6.30e-08 [0.09766928]
0.370 6.30e-08 [0.08273463]
0.390 6.30e-08 [0.06656477]
0.410 6.30e-08 [0.05136127]
0.430 6.30e-08 [0.03682643]
0.450 6.30e-08 [0.02410452]
0.470 6.30e-08 [0.0138159]
0.490 6.30e-08 [0.00638405]
0.510 6.30e-08 [0.00225354]
0.530 6.30e-08 [0.00053597]
0.001 1.26e-07 [0.]
0.002 1.26e-07 [0.00037677]
0.003 1.26e-07 [0.0007535]
0.004 1.26e-07 [0.0015069]
0.005 1.26e-07 [0.00226015]
0.007 1.26e-07 [0.00451921]
0.010 1.26e-07 [0.00903382]
0.020 1.26e-07 [0.0330248]
0.040 1.26e-07 [0.12569889]
0.060 1.26e-07 [0.25837413]
0.080 1.26e-07 [0.39805112]
0.100 1.26e-07 [0.56536]
0.120 1.26e-07 [0.71853007]
0.140 1.26e-07 [0.85539809]
0.160 1.26e-07 [0.98453118]
0.180 1.26e-07 [1.08206442]
0.200 1.26e-07 [1.13310208]
0.220 1.26e-07 [1.61755548]
0.250 1.26e-07 [1.90357507]
0.270 1.26e-07 [1.90524965]
0.290 1.26e-07 [1.9336921]
0.310 1.26e-07 [1.68669446]
0.330 1.26e-07 [1.51112202]
0.350 1.26e-07 [1.31108332]
0.370 1.26e-07 [1.09439496]
0.390 1.26e-07 [0.86839956]
0.410 1.26e-07 [0.6599008]
0.430 1.26e-07 [0.46583664]
0.450 1.26e-07 [0.30039157]
0.470 1.26e-07 [0.16952171]
0.490 1.26e-07 [0.07688219]
0.510 1.26e-07 [0.02668823]
0.530 1.26e-07 [0.00620943]
0.001 2.51e-07 [0.00149518]
0.002 2.51e-07 [0.00598058]
0.003 2.51e-07 [0.01345563]
0.004 2.51e-07 [0.02242447]
0.005 2.51e-07 [0.03587593]
0.007 2.51e-07 [0.07024019]
0.010 2.51e-07 [0.14040877]
0.020 2.51e-07 [0.51825449]
0.040 2.51e-07 [1.94375225]
0.060 2.51e-07 [3.92242525]
0.080 2.51e-07 [5.95535992]
0.100 2.51e-07 [8.27849557]
0.120 2.51e-07 [10.31906682]
0.140 2.51e-07 [12.07486296]
0.160 2.51e-07 [13.58385477]
0.180 2.51e-07 [14.65683738]
0.200 2.51e-07 [15.06301034]
0.220 2.51e-07 [19.63372652]
0.250 2.51e-07 [21.07603084]
0.270 2.51e-07 [20.13355742]
0.290 2.51e-07 [19.24236404]
0.310 2.51e-07 [16.53612315]
0.330 2.51e-07 [14.31195324]
0.350 2.51e-07 [11.98327601]
0.370 2.51e-07 [9.64278092]
0.390 2.51e-07 [7.4059094]
0.410 2.51e-07 [5.42946797]
0.430 2.51e-07 [3.70195932]
0.450 2.51e-07 [2.31080294]
0.470 2.51e-07 [1.26243235]
0.490 2.51e-07 [0.55185052]
0.510 2.51e-07 [0.18548307]
0.530 2.51e-07 [0.04145093]
0.001 5.01e-07 [0.02978456]
0.002 5.01e-07 [0.0893516]
0.003 5.01e-07 [0.20847665]
0.004 5.01e-07 [0.35140749]
0.005 5.01e-07 [0.56577472]
0.007 5.01e-07 [1.11341593]
0.010 5.01e-07 [2.2137947]
0.020 5.01e-07 [7.99207282]
0.040 5.01e-07 [28.49065082]
0.060 5.01e-07 [53.822103]
0.080 5.01e-07 [77.67971838]
0.100 5.01e-07 [100.60400676]
0.120 5.01e-07 [118.17510725]
0.140 5.01e-07 [131.07987859]
0.160 5.01e-07 [138.2113044]
0.180 5.01e-07 [141.77051579]
0.200 5.01e-07 [138.98631322]
0.220 5.01e-07 [148.52714901]
0.250 5.01e-07 [134.56981833]
0.270 5.01e-07 [119.78768255]
0.290 5.01e-07 [104.37524037]
0.310 5.01e-07 [87.92717814]
0.330 5.01e-07 [72.5731056]
0.350 5.01e-07 [57.86374332]
0.370 5.01e-07 [44.55704287]
0.390 5.01e-07 [32.88098797]
0.410 5.01e-07 [23.00541534]
0.430 5.01e-07 [15.14579008]
0.450 5.01e-07 [9.09590337]
0.470 5.01e-07 [4.79190157]
0.490 5.01e-07 [2.01489766]
0.510 5.01e-07 [0.65347376]
0.530 5.01e-07 [0.13996934]
0.001 1.00e-06 [0.47465237]
0.002 1.00e-06 [1.44765631]
0.003 1.00e-06 [3.32232385]
0.004 1.00e-06 [5.55263865]
0.005 1.00e-06 [8.82647751]
0.007 1.00e-06 [17.29290289]
0.010 1.00e-06 [33.90431612]
0.020 1.00e-06 [114.88217626]
0.040 1.00e-06 [348.32511398]
0.060 1.00e-06 [553.37912993]
0.080 1.00e-06 [706.85781322]
0.100 1.00e-06 [793.4967932]
0.120 1.00e-06 [836.28590523]
0.140 1.00e-06 [838.35652212]
0.160 1.00e-06 [807.70529767]
0.180 1.00e-06 [762.48495727]
0.200 1.00e-06 [704.10700961]
0.220 1.00e-06 [603.15496832]
0.250 1.00e-06 [455.07395046]
0.270 1.00e-06 [374.91602435]
0.290 1.00e-06 [290.27098468]
0.310 1.00e-06 [239.88538169]
0.330 1.00e-06 [185.73962694]
0.350 1.00e-06 [138.58363986]
0.370 1.00e-06 [100.48891161]
0.390 1.00e-06 [69.98353457]
0.410 1.00e-06 [46.38387958]
0.430 1.00e-06 [28.84178676]
0.450 1.00e-06 [16.44921082]
0.470 1.00e-06 [8.18631516]
0.490 1.00e-06 [3.24108459]
0.510 1.00e-06 [0.99622994]
0.530 1.00e-06 [0.19987667]
0.001 1.99e-06 [7.55651327]
0.002 1.99e-06 [22.76347059]
0.003 1.99e-06 [51.85278335]
0.004 1.99e-06 [86.03748989]
0.005 1.99e-06 [134.38016788]
0.007 1.99e-06 [255.28944643]
0.010 1.99e-06 [476.2533636]
0.020 1.99e-06 [1372.45444917]
0.040 1.99e-06 [2943.07328777]
0.060 1.99e-06 [3638.12668697]
0.080 1.99e-06 [3820.41238964]
0.100 1.99e-06 [3678.30685107]
0.120 1.99e-06 [3392.01463208]
0.140 1.99e-06 [3004.60096739]
0.160 1.99e-06 [2638.85441261]
0.180 1.99e-06 [2237.20274566]
0.200 1.99e-06 [1883.86638087]
0.220 1.99e-06 [1209.01051464]
0.250 1.99e-06 [699.8756991]
0.270 1.99e-06 [501.30194286]
0.290 1.99e-06 [324.43488045]
0.310 1.99e-06 [254.17622496]
0.330 1.99e-06 [172.70510441]
0.350 1.99e-06 [118.1493028]
0.370 1.99e-06 [76.16758137]
0.390 1.99e-06 [48.09201238]
0.410 1.99e-06 [28.45610795]
0.430 1.99e-06 [16.19747452]
0.450 1.99e-06 [8.20457327]
0.470 1.99e-06 [3.68278341]
0.490 1.99e-06 [1.29880137]
0.510 1.99e-06 [0.36153737]
0.530 1.99e-06 [0.06413725]
0.001 3.98e-06 [118.85490245]
0.002 3.98e-06 [348.28195679]
0.003 3.98e-06 [776.26137459]
0.004 3.98e-06 [1260.20830547]
0.005 3.98e-06 [1872.65673612]
0.007 3.98e-06 [3300.80026395]
0.010 3.98e-06 [5520.57387669]
0.020 3.98e-06 [11743.47760192]
0.040 3.98e-06 [15709.43669697]
0.060 3.98e-06 [14445.57542991]
0.080 3.98e-06 [11966.57957751]
0.100 3.98e-06 [9456.43676948]
0.120 3.98e-06 [7113.39695858]
0.140 3.98e-06 [5383.0048683]
0.160 3.98e-06 [3948.25355289]
0.180 3.98e-06 [2844.78719101]
0.200 3.98e-06 [2148.1171685]
0.220 3.98e-06 [842.22180316]
0.250 3.98e-06 [305.56586582]
0.270 3.98e-06 [170.67580267]
0.290 3.98e-06 [80.59404556]
0.310 3.98e-06 [51.2093301]
0.330 3.98e-06 [25.93282982]
0.350 3.98e-06 [16.89178877]
0.370 3.98e-06 [7.34273473]
0.390 3.98e-06 [3.21052783]
0.410 3.98e-06 [1.54515705]
0.430 3.98e-06 [0.66625665]
0.450 3.98e-06 [0.23655162]
0.470 3.98e-06 [0.08464504]
0.490 3.98e-06 [0.02124564]
0.510 3.98e-06 [0.00402976]
0.530 3.98e-06 [0.00044494]
0.001 7.94e-06 [1823.73643879]
0.002 7.94e-06 [4978.47589547]
0.003 7.94e-06 [10368.18724287]
0.004 7.94e-06 [15941.18941295]
0.005 7.94e-06 [21718.06613063]
0.007 7.94e-06 [33114.05817629]
0.010 7.94e-06 [46425.20385982]
0.020 7.94e-06 [63080.49245231]
0.040 7.94e-06 [49092.21501106]
0.060 7.94e-06 [31118.19666357]
0.080 7.94e-06 [18192.04307957]
0.100 7.94e-06 [10304.44130796]
0.120 7.94e-06 [5884.01448901]
0.140 7.94e-06 [3302.75303305]
0.160 7.94e-06 [1793.52871687]
0.180 7.94e-06 [1050.31500835]
0.200 7.94e-06 [551.89895775]
0.220 7.94e-06 [85.72068991]
0.250 7.94e-06 [9.66606389]
0.270 7.94e-06 [2.60076088]
0.290 7.94e-06 [0.5589537]
0.310 7.94e-06 [0.]
0.330 7.94e-06 [0.]
0.350 7.94e-06 [0.]
0.370 7.94e-06 [0.]
0.390 7.94e-06 [0.]
0.410 7.94e-06 [0.]
0.430 7.94e-06 [0.]
0.450 7.94e-06 [0.]
0.470 7.94e-06 [0.]
0.490 7.94e-06 [0.]
0.510 7.94e-06 [0.]
0.530 7.94e-06 [0.]
0.001 1.58e-05 [26116.96133595]
0.002 1.58e-05 [62056.90247694]
0.003 1.58e-05 [111464.36372388]
0.004 1.58e-05 [151505.5912897]
0.005 1.58e-05 [182376.81899037]
0.007 1.58e-05 [226986.84192992]
0.010 1.58e-05 [251229.3879477]
0.020 1.58e-05 [199252.25422783]
0.040 1.58e-05 [74049.57252961]
0.060 1.58e-05 [25131.75784739]
0.080 1.58e-05 [8605.93956046]
0.100 1.58e-05 [2299.56644234]
0.120 1.58e-05 [838.49971112]
0.140 1.58e-05 [248.28832444]
0.160 1.58e-05 [73.00432355]
0.180 1.58e-05 [16.93001036]
0.200 1.58e-05 [3.8821986]
0.220 1.58e-05 [0.]
0.250 1.58e-05 [0.]
0.270 1.58e-05 [0.]
0.290 1.58e-05 [0.]
0.310 1.58e-05 [0.]
0.330 1.58e-05 [0.]
0.350 1.58e-05 [0.]
0.370 1.58e-05 [0.]
0.390 1.58e-05 [0.]
0.410 1.58e-05 [0.]
0.430 1.58e-05 [0.]
0.450 1.58e-05 [0.]
0.470 1.58e-05 [0.]
0.490 1.58e-05 [0.]
0.510 1.58e-05 [0.]
0.530 1.58e-05 [0.]
0.001 3.16e-05 [313986.9819696]
0.002 3.16e-05 [591530.22051366]
0.003 3.16e-05 [840986.97335313]
0.004 3.16e-05 [956206.36108835]
0.005 3.16e-05 [1000632.98089904]
0.007 3.16e-05 [967467.37473775]
0.010 3.16e-05 [798114.1358844]
0.020 3.16e-05 [309926.23340365]
0.040 3.16e-05 [33819.35707045]
0.060 3.16e-05 [3639.49887622]
0.080 3.16e-05 [355.95898425]
0.100 3.16e-05 [21.43978829]
0.120 3.16e-05 [0.]
0.140 3.16e-05 [0.]
0.160 3.16e-05 [0.]
0.180 3.16e-05 [0.]
0.200 3.16e-05 [0.]
0.220 3.16e-05 [0.]
0.250 3.16e-05 [0.]
0.270 3.16e-05 [0.]
0.290 3.16e-05 [0.]
0.310 3.16e-05 [0.]
0.330 3.16e-05 [0.]
0.350 3.16e-05 [0.]
0.370 3.16e-05 [0.]
0.390 3.16e-05 [0.]
0.410 3.16e-05 [0.]
0.430 3.16e-05 [0.]
0.450 3.16e-05 [0.]
0.470 3.16e-05 [0.]
0.490 3.16e-05 [0.]
0.510 3.16e-05 [0.]
0.530 3.16e-05 [0.]
0.001 6.31e-05 [2766340.00604039]
0.002 6.31e-05 [3765022.84192193]
0.003 6.31e-05 [3952556.79915555]
0.004 6.31e-05 [3672842.42352303]
0.005 6.31e-05 [3232422.64088326]
0.007 6.31e-05 [2248271.22379403]
0.010 6.31e-05 [1223662.43854108]
0.020 6.31e-05 [138148.47524897]
0.040 6.31e-05 [1301.73427609]
0.060 6.31e-05 [0.]
0.080 6.31e-05 [0.]
0.100 6.31e-05 [0.]
0.120 6.31e-05 [0.]
0.140 6.31e-05 [0.]
0.160 6.31e-05 [0.]
0.180 6.31e-05 [0.]
0.200 6.31e-05 [0.]
0.220 6.31e-05 [0.]
0.250 6.31e-05 [0.]
0.270 6.31e-05 [0.]
0.290 6.31e-05 [0.]
0.310 6.31e-05 [0.]
0.330 6.31e-05 [0.]
0.350 6.31e-05 [0.]
0.370 6.31e-05 [0.]
0.390 6.31e-05 [0.]
0.410 6.31e-05 [0.]
0.430 6.31e-05 [0.]
0.450 6.31e-05 [0.]
0.470 6.31e-05 [0.]
0.490 6.31e-05 [0.]
0.510 6.31e-05 [0.]
0.530 6.31e-05 [0.]
0.001 1.26e-04 [15665453.74101821]
0.002 1.26e-04 [14763506.69583189]
0.003 1.26e-04 [10633060.01305746]
0.004 1.26e-04 [7308471.71987524]
0.005 1.26e-04 [4939440.08587719]
0.007 1.26e-04 [2076812.12086291]
0.010 1.26e-04 [570794.64575881]
0.020 1.26e-04 [5245.02528322]
0.040 1.26e-04 [0.]
0.060 1.26e-04 [0.]
0.080 1.26e-04 [0.]
0.100 1.26e-04 [0.]
0.120 1.26e-04 [0.]
0.140 1.26e-04 [0.]
0.160 1.26e-04 [0.]
0.180 1.26e-04 [0.]
0.200 1.26e-04 [0.]
0.220 1.26e-04 [0.]
0.250 1.26e-04 [0.]
0.270 1.26e-04 [0.]
0.290 1.26e-04 [0.]
0.310 1.26e-04 [0.]
0.330 1.26e-04 [0.]
0.350 1.26e-04 [0.]
0.370 1.26e-04 [0.]
0.390 1.26e-04 [0.]
0.410 1.26e-04 [0.]
0.430 1.26e-04 [0.]
0.450 1.26e-04 [0.]
0.470 1.26e-04 [0.]
0.490 1.26e-04 [0.]
0.510 1.26e-04 [0.]
0.530 1.26e-04 [0.]
0.001 2.51e-04 [53257640.31206588]
0.002 2.51e-04 [29995850.43577487]
0.003 2.51e-04 [12628412.50112532]
0.004 2.51e-04 [5533714.52709567]
0.005 2.51e-04 [2263588.63263195]
0.007 2.51e-04 [384657.96667588]
0.010 2.51e-04 [22439.41053538]
0.020 2.51e-04 [0.]
0.040 2.51e-04 [0.]
0.060 2.51e-04 [0.]
0.080 2.51e-04 [0.]
0.100 2.51e-04 [0.]
0.120 2.51e-04 [0.]
0.140 2.51e-04 [0.]
0.160 2.51e-04 [0.]
0.180 2.51e-04 [0.]
0.200 2.51e-04 [0.]
0.220 2.51e-04 [0.]
0.250 2.51e-04 [0.]
0.270 2.51e-04 [0.]
0.290 2.51e-04 [0.]
0.310 2.51e-04 [0.]
0.330 2.51e-04 [0.]
0.350 2.51e-04 [0.]
0.370 2.51e-04 [0.]
0.390 2.51e-04 [0.]
0.410 2.51e-04 [0.]
0.430 2.51e-04 [0.]
0.450 2.51e-04 [0.]
0.470 2.51e-04 [0.]
0.490 2.51e-04 [0.]
0.510 2.51e-04 [0.]
0.530 2.51e-04 [0.]
0.001 5.01e-04 [90815339.01151755]
0.002 5.01e-04 [23248762.24228423]
0.003 5.01e-04 [3850756.36502484]
0.004 5.01e-04 [590090.12137918]
0.005 5.01e-04 [83439.58011838]
0.007 5.01e-04 [0.]
0.010 5.01e-04 [0.]
0.020 5.01e-04 [0.]
0.040 5.01e-04 [0.]
0.060 5.01e-04 [0.]
0.080 5.01e-04 [0.]
0.100 5.01e-04 [0.]
0.120 5.01e-04 [0.]
0.140 5.01e-04 [0.]
0.160 5.01e-04 [0.]
0.180 5.01e-04 [0.]
0.200 5.01e-04 [0.]
0.220 5.01e-04 [0.]
0.250 5.01e-04 [0.]
0.270 5.01e-04 [0.]
0.290 5.01e-04 [0.]
0.310 5.01e-04 [0.]
0.330 5.01e-04 [0.]
0.350 5.01e-04 [0.]
0.370 5.01e-04 [0.]
0.390 5.01e-04 [0.]
0.410 5.01e-04 [0.]
0.430 5.01e-04 [0.]
0.450 5.01e-04 [0.]
0.470 5.01e-04 [0.]
0.490 5.01e-04 [0.]
0.510 5.01e-04 [0.]
0.530 5.01e-04 [0.]
0.001 1.00e-03 [48628135.76418848]
0.002 1.00e-03 [2895312.6288447]
0.003 1.00e-03 [47461.76935584]
0.004 1.00e-03 [0.]
0.005 1.00e-03 [0.]
0.007 1.00e-03 [0.]
0.010 1.00e-03 [0.]
0.020 1.00e-03 [0.]
0.040 1.00e-03 [0.]
0.060 1.00e-03 [0.]
0.080 1.00e-03 [0.]
0.100 1.00e-03 [0.]
0.120 1.00e-03 [0.]
0.140 1.00e-03 [0.]
0.160 1.00e-03 [0.]
0.180 1.00e-03 [0.]
0.200 1.00e-03 [0.]
0.220 1.00e-03 [0.]
0.250 1.00e-03 [0.]
0.270 1.00e-03 [0.]
0.290 1.00e-03 [0.]
0.310 1.00e-03 [0.]
0.330 1.00e-03 [0.]
0.350 1.00e-03 [0.]
0.370 1.00e-03 [0.]
0.390 1.00e-03 [0.]
0.410 1.00e-03 [0.]
0.430 1.00e-03 [0.]
0.450 1.00e-03 [0.]
0.470 1.00e-03 [0.]
0.490 1.00e-03 [0.]
0.510 1.00e-03 [0.]
0.530 1.00e-03 [0.]
0.001 1.00e-09 [0.]
0.002 1.00e-09 [0.]
0.003 1.00e-09 [0.]
0.004 1.00e-09 [0.]
0.005 1.00e-09 [0.]
0.007 1.00e-09 [0.]
0.010 1.00e-09 [0.]
0.020 1.00e-09 [0.]
0.040 1.00e-09 [0.]
0.060 1.00e-09 [0.]
0.080 1.00e-09 [0.]
0.100 1.00e-09 [0.]
0.120 1.00e-09 [0.]
0.140 1.00e-09 [0.]
0.160 1.00e-09 [0.]
0.180 1.00e-09 [0.]
0.200 1.00e-09 [0.]
0.220 1.00e-09 [1.40069893e-08]
0.250 1.00e-09 [1.17852062e-08]
0.270 1.00e-09 [1.03055532e-08]
0.290 1.00e-09 [8.85944893e-09]
0.310 1.00e-09 [7.46237111e-09]
0.330 1.00e-09 [6.15154093e-09]
0.350 1.00e-09 [4.93443617e-09]
0.370 1.00e-09 [3.82902422e-09]
0.390 1.00e-09 [5.70641997e-09]
0.410 1.00e-09 [4.06234713e-09]
0.430 1.00e-09 [2.71222369e-09]
0.450 1.00e-09 [1.65843735e-09]
0.470 1.00e-09 [8.90155511e-10]
0.490 1.00e-09 [3.83016378e-10]
0.510 1.00e-09 [1.90702516e-10]
0.530 1.00e-09 [4.21118063e-11]
0.001 2.00e-09 [0.]
0.002 2.00e-09 [0.]
0.003 2.00e-09 [0.]
0.004 2.00e-09 [0.]
0.005 2.00e-09 [0.]
0.007 2.00e-09 [0.]
0.010 2.00e-09 [0.]
0.020 2.00e-09 [0.]
0.040 2.00e-09 [0.]
0.060 2.00e-09 [0.]
0.080 2.00e-09 [0.]
0.100 2.00e-09 [0.]
0.120 2.00e-09 [8.19165349e-08]
0.140 2.00e-09 [7.75251084e-08]
0.160 2.00e-09 [7.26582375e-08]
0.180 2.00e-09 [6.73990062e-08]
0.200 2.00e-09 [6.18207129e-08]
0.220 2.00e-09 [1.12055915e-07]
0.250 2.00e-09 [1.41422474e-07]
0.270 2.00e-09 [1.23666638e-07]
0.290 2.00e-09 [1.41751183e-07]
0.310 2.00e-09 [1.19397938e-07]
0.330 2.00e-09 [1.23030819e-07]
0.350 2.00e-09 [9.86887234e-08]
0.370 2.00e-09 [9.18965813e-08]
0.390 2.00e-09 [6.84770397e-08]
0.410 2.00e-09 [5.68728599e-08]
0.430 2.00e-09 [3.79711317e-08]
0.450 2.00e-09 [2.65349975e-08]
0.470 2.00e-09 [1.60227992e-08]
0.490 2.00e-09 [6.8942948e-09]
0.510 2.00e-09 [2.54270021e-09]
0.530 2.00e-09 [6.17639826e-10]
0.001 4.00e-09 [0.]
0.002 4.00e-09 [0.]
0.003 4.00e-09 [0.]
0.004 4.00e-09 [0.]
0.005 4.00e-09 [0.]
0.007 4.00e-09 [0.]
0.010 4.00e-09 [0.]
0.020 4.00e-09 [0.]
0.040 4.00e-09 [0.]
0.060 4.00e-09 [3.66233706e-07]
0.080 4.00e-09 [3.55953955e-07]
0.100 4.00e-09 [6.86063532e-07]
0.120 4.00e-09 [6.5533228e-07]
0.140 4.00e-09 [9.30301301e-07]
0.160 4.00e-09 [1.1625318e-06]
0.180 4.00e-09 [1.0783841e-06]
0.200 4.00e-09 [1.23641426e-06]
0.220 4.00e-09 [1.79289464e-06]
0.250 4.00e-09 [2.26275958e-06]
0.270 4.00e-09 [2.30844391e-06]
0.290 4.00e-09 [2.40977011e-06]
0.310 4.00e-09 [2.02976494e-06]
0.330 4.00e-09 [1.87006844e-06]
0.350 4.00e-09 [1.65797055e-06]
0.370 4.00e-09 [1.40908091e-06]
0.390 4.00e-09 [1.14128399e-06]
0.410 4.00e-09 [8.77466981e-07]
0.430 4.00e-09 [6.50933687e-07]
0.450 4.00e-09 [4.24559961e-07]
0.470 4.00e-09 [2.42122299e-07]
0.490 4.00e-09 [1.13372848e-07]
0.510 4.00e-09 [4.06832034e-08]
0.530 4.00e-09 [9.65764091e-09]
0.001 8.00e-09 [0.]
0.002 8.00e-09 [0.]
0.003 8.00e-09 [0.]
0.004 8.00e-09 [0.]
0.005 8.00e-09 [0.]
0.007 8.00e-09 [0.]
0.010 8.00e-09 [0.]
0.020 8.00e-09 [0.]
0.040 8.00e-09 [1.49475709e-06]
0.060 8.00e-09 [4.39480447e-06]
0.080 8.00e-09 [7.1190791e-06]
0.100 8.00e-09 [9.60488945e-06]
0.120 8.00e-09 [1.1795981e-05]
0.140 8.00e-09 [1.48848208e-05]
0.160 8.00e-09 [1.62754452e-05]
0.180 8.00e-09 [1.83325297e-05]
0.200 8.00e-09 [1.97826281e-05]
0.220 8.00e-09 [2.86863142e-05]
0.250 8.00e-09 [3.46956469e-05]
0.270 8.00e-09 [3.56159918e-05]
0.290 8.00e-09 [3.74223123e-05]
0.310 8.00e-09 [3.29538308e-05]
0.330 8.00e-09 [2.99210951e-05]
0.350 8.00e-09 [2.65275289e-05]
0.370 8.00e-09 [2.25452946e-05]
0.390 8.00e-09 [1.82605439e-05]
0.410 8.00e-09 [1.41694668e-05]
0.430 8.00e-09 [1.02413567e-05]
0.450 8.00e-09 [6.73988938e-06]
0.470 8.00e-09 [3.87395678e-06]
0.490 8.00e-09 [1.80170904e-06]
0.510 8.00e-09 [6.42794614e-07]
0.530 8.00e-09 [1.54522255e-07]
0.001 1.60e-08 [0.]
0.002 1.60e-08 [0.]
0.003 1.60e-08 [0.]
0.004 1.60e-08 [0.]
0.005 1.60e-08 [0.]
0.007 1.60e-08 [0.]
0.010 1.60e-08 [0.]
0.020 1.60e-08 [6.05140682e-06]
0.040 1.60e-08 [2.98951419e-05]
0.060 1.60e-08 [6.44571323e-05]
0.080 1.60e-08 [0.00010251]
0.100 1.60e-08 [0.00014819]
0.120 1.60e-08 [0.00018874]
0.140 1.60e-08 [0.00022823]
0.160 1.60e-08 [0.00026506]
0.180 1.60e-08 [0.00029332]
0.200 1.60e-08 [0.00030861]
0.220 1.60e-08 [0.0004554]
0.250 1.60e-08 [0.00055815]
0.270 1.60e-08 [0.00056986]
0.290 1.60e-08 [0.00059422]
0.310 1.60e-08 [0.00052153]
0.330 1.60e-08 [0.00047716]
0.350 1.60e-08 [0.00042065]
0.370 1.60e-08 [0.00035876]
0.390 1.60e-08 [0.00028998]
0.410 1.60e-08 [0.00022463]
0.430 1.60e-08 [0.00016213]
0.450 1.60e-08 [0.00010678]
0.470 1.60e-08 [6.15275489e-05]
0.490 1.60e-08 [2.86312403e-05]
0.510 1.60e-08 [1.01708008e-05]
0.530 1.60e-08 [2.44001421e-06]
0.001 3.20e-08 [0.]
0.002 3.20e-08 [0.]
0.003 3.20e-08 [0.]
0.004 3.20e-08 [0.]
0.005 3.20e-08 [0.]
0.007 3.20e-08 [2.42907168e-05]
0.010 3.20e-08 [4.85566709e-05]
0.020 3.20e-08 [0.00014523]
0.040 3.20e-08 [0.00052615]
0.060 3.20e-08 [0.00105475]
0.080 3.20e-08 [0.00164024]
0.100 3.20e-08 [0.00234908]
0.120 3.20e-08 [0.00301977]
0.140 3.20e-08 [0.00361205]
0.160 3.20e-08 [0.00418511]
0.180 3.20e-08 [0.00464137]
0.200 3.20e-08 [0.00489027]
0.220 3.20e-08 [0.00721461]
0.250 3.20e-08 [0.00880968]
0.270 3.20e-08 [0.00900161]
0.290 3.20e-08 [0.00938053]
0.310 3.20e-08 [0.0082375]
0.330 3.20e-08 [0.00750862]
0.350 3.20e-08 [0.0066243]
0.370 3.20e-08 [0.00563436]
0.390 3.20e-08 [0.00455199]
0.410 3.20e-08 [0.00352755]
0.430 3.20e-08 [0.00254125]
0.450 3.20e-08 [0.00167022]
0.470 3.20e-08 [0.00096165]
0.490 3.20e-08 [0.00044692]
0.510 3.20e-08 [0.00015863]
0.530 3.20e-08 [3.79909134e-05]
0.001 6.30e-08 [0.]
0.002 6.30e-08 [0.]
0.003 6.30e-08 [9.41878813e-05]
0.004 6.30e-08 [9.41812941e-05]
0.005 6.30e-08 [0.00018835]
0.007 6.30e-08 [0.00028245]
0.010 6.30e-08 [0.00056461]
0.020 6.30e-08 [0.00206405]
0.040 6.30e-08 [0.00797205]
0.060 6.30e-08 [0.01635279]
0.080 6.30e-08 [0.02534176]
0.100 6.30e-08 [0.03624975]
0.120 6.30e-08 [0.04624928]
0.140 6.30e-08 [0.05530856]
0.160 6.30e-08 [0.06409258]
0.180 6.30e-08 [0.07075551]
0.200 6.30e-08 [0.07453005]
0.220 6.30e-08 [0.10929729]
0.250 6.30e-08 [0.13237462]
0.270 6.30e-08 [0.13465182]
0.290 6.30e-08 [0.13949223]
0.310 6.30e-08 [0.1223822]
0.330 6.30e-08 [0.11109037]
0.350 6.30e-08 [0.09766928]
0.370 6.30e-08 [0.08273463]
0.390 6.30e-08 [0.06656477]
0.410 6.30e-08 [0.05136127]
0.430 6.30e-08 [0.03682643]
0.450 6.30e-08 [0.02410452]
0.470 6.30e-08 [0.0138159]
0.490 6.30e-08 [0.00638405]
0.510 6.30e-08 [0.00225354]
0.530 6.30e-08 [0.00053597]
0.001 1.26e-07 [0.]
0.002 1.26e-07 [0.00037677]
0.003 1.26e-07 [0.0007535]
0.004 1.26e-07 [0.0015069]
0.005 1.26e-07 [0.00226015]
0.007 1.26e-07 [0.00451921]
0.010 1.26e-07 [0.00903382]
0.020 1.26e-07 [0.0330248]
0.040 1.26e-07 [0.12569889]
0.060 1.26e-07 [0.25837413]
0.080 1.26e-07 [0.39805112]
0.100 1.26e-07 [0.56536]
0.120 1.26e-07 [0.71853007]
0.140 1.26e-07 [0.85539809]
0.160 1.26e-07 [0.98453118]
0.180 1.26e-07 [1.08206442]
0.200 1.26e-07 [1.13310208]
0.220 1.26e-07 [1.61755548]
0.250 1.26e-07 [1.90357507]
0.270 1.26e-07 [1.90524965]
0.290 1.26e-07 [1.9336921]
0.310 1.26e-07 [1.68669446]
0.330 1.26e-07 [1.51112202]
0.350 1.26e-07 [1.31108332]
0.370 1.26e-07 [1.09439496]
0.390 1.26e-07 [0.86839956]
0.410 1.26e-07 [0.6599008]
0.430 1.26e-07 [0.46583664]
0.450 1.26e-07 [0.30039157]
0.470 1.26e-07 [0.16952171]
0.490 1.26e-07 [0.07688219]
0.510 1.26e-07 [0.02668823]
0.530 1.26e-07 [0.00620943]
0.001 2.51e-07 [0.00149518]
0.002 2.51e-07 [0.00598058]
0.003 2.51e-07 [0.01345563]
0.004 2.51e-07 [0.02242447]
0.005 2.51e-07 [0.03587593]
0.007 2.51e-07 [0.07024019]
0.010 2.51e-07 [0.14040877]
0.020 2.51e-07 [0.51825449]
0.040 2.51e-07 [1.94375225]
0.060 2.51e-07 [3.92242525]
0.080 2.51e-07 [5.95535992]
0.100 2.51e-07 [8.27849557]
0.120 2.51e-07 [10.31906682]
0.140 2.51e-07 [12.07486296]
0.160 2.51e-07 [13.58385477]
0.180 2.51e-07 [14.65683738]
0.200 2.51e-07 [15.06301034]
0.220 2.51e-07 [19.63372652]
0.250 2.51e-07 [21.07603084]
0.270 2.51e-07 [20.13355742]
0.290 2.51e-07 [19.24236404]
0.310 2.51e-07 [16.53612315]
0.330 2.51e-07 [14.31195324]
0.350 2.51e-07 [11.98327601]
0.370 2.51e-07 [9.64278092]
0.390 2.51e-07 [7.4059094]
0.410 2.51e-07 [5.42946797]
0.430 2.51e-07 [3.70195932]
0.450 2.51e-07 [2.31080294]
0.470 2.51e-07 [1.26243235]
0.490 2.51e-07 [0.55185052]
0.510 2.51e-07 [0.18548307]
0.530 2.51e-07 [0.04145093]
0.001 5.01e-07 [0.02978456]
0.002 5.01e-07 [0.0893516]
0.003 5.01e-07 [0.20847665]
0.004 5.01e-07 [0.35140749]
0.005 5.01e-07 [0.56577472]
0.007 5.01e-07 [1.11341593]
0.010 5.01e-07 [2.2137947]
0.020 5.01e-07 [7.99207282]
0.040 5.01e-07 [28.49065082]
0.060 5.01e-07 [53.822103]
0.080 5.01e-07 [77.67971838]
0.100 5.01e-07 [100.60400676]
0.120 5.01e-07 [118.17510725]
0.140 5.01e-07 [131.07987859]
0.160 5.01e-07 [138.2113044]
0.180 5.01e-07 [141.77051579]
0.200 5.01e-07 [138.98631322]
0.220 5.01e-07 [148.52714901]
0.250 5.01e-07 [134.56981833]
0.270 5.01e-07 [119.78768255]
0.290 5.01e-07 [104.37524037]
0.310 5.01e-07 [87.92717814]
0.330 5.01e-07 [72.5731056]
0.350 5.01e-07 [57.86374332]
0.370 5.01e-07 [44.55704287]
0.390 5.01e-07 [32.88098797]
0.410 5.01e-07 [23.00541534]
0.430 5.01e-07 [15.14579008]
0.450 5.01e-07 [9.09590337]
0.470 5.01e-07 [4.79190157]
0.490 5.01e-07 [2.01489766]
0.510 5.01e-07 [0.65347376]
0.530 5.01e-07 [0.13996934]
0.001 1.00e-06 [0.47465237]
0.002 1.00e-06 [1.44765631]
0.003 1.00e-06 [3.32232385]
0.004 1.00e-06 [5.55263865]
0.005 1.00e-06 [8.82647751]
0.007 1.00e-06 [17.29290289]
0.010 1.00e-06 [33.90431612]
0.020 1.00e-06 [114.88217626]
0.040 1.00e-06 [348.32511398]
0.060 1.00e-06 [553.37912993]
0.080 1.00e-06 [706.85781322]
0.100 1.00e-06 [793.4967932]
0.120 1.00e-06 [836.28590523]
0.140 1.00e-06 [838.35652212]
0.160 1.00e-06 [807.70529767]
0.180 1.00e-06 [762.48495727]
0.200 1.00e-06 [704.10700961]
0.220 1.00e-06 [603.15496832]
0.250 1.00e-06 [455.07395046]
0.270 1.00e-06 [374.91602435]
0.290 1.00e-06 [290.27098468]
0.310 1.00e-06 [239.88538169]
0.330 1.00e-06 [185.73962694]
0.350 1.00e-06 [138.58363986]
0.370 1.00e-06 [100.48891161]
0.390 1.00e-06 [69.98353457]
0.410 1.00e-06 [46.38387958]
0.430 1.00e-06 [28.84178676]
0.450 1.00e-06 [16.44921082]
0.470 1.00e-06 [8.18631516]
0.490 1.00e-06 [3.24108459]
0.510 1.00e-06 [0.99622994]
0.530 1.00e-06 [0.19987667]
0.001 1.99e-06 [7.55651327]
0.002 1.99e-06 [22.76347059]
0.003 1.99e-06 [51.85278335]
0.004 1.99e-06 [86.03748989]
0.005 1.99e-06 [134.38016788]
0.007 1.99e-06 [255.28944643]
0.010 1.99e-06 [476.2533636]
0.020 1.99e-06 [1372.45444917]
0.040 1.99e-06 [2943.07328777]
0.060 1.99e-06 [3638.12668697]
0.080 1.99e-06 [3820.41238964]
0.100 1.99e-06 [3678.30685107]
0.120 1.99e-06 [3392.01463208]
0.140 1.99e-06 [3004.60096739]
0.160 1.99e-06 [2638.85441261]
0.180 1.99e-06 [2237.20274566]
0.200 1.99e-06 [1883.86638087]
0.220 1.99e-06 [1209.01051464]
0.250 1.99e-06 [699.8756991]
0.270 1.99e-06 [501.30194286]
0.290 1.99e-06 [324.43488045]
0.310 1.99e-06 [254.17622496]
0.330 1.99e-06 [172.70510441]
0.350 1.99e-06 [118.1493028]
0.370 1.99e-06 [76.16758137]
0.390 1.99e-06 [48.09201238]
0.410 1.99e-06 [28.45610795]
0.430 1.99e-06 [16.19747452]
0.450 1.99e-06 [8.20457327]
0.470 1.99e-06 [3.68278341]
0.490 1.99e-06 [1.29880137]
0.510 1.99e-06 [0.36153737]
0.530 1.99e-06 [0.06413725]
0.001 3.98e-06 [118.85490245]
0.002 3.98e-06 [348.28195679]
0.003 3.98e-06 [776.26137459]
0.004 3.98e-06 [1260.20830547]
0.005 3.98e-06 [1872.65673612]
0.007 3.98e-06 [3300.80026395]
0.010 3.98e-06 [5520.57387669]
0.020 3.98e-06 [11743.47760192]
0.040 3.98e-06 [15709.43669697]
0.060 3.98e-06 [14445.57542991]
0.080 3.98e-06 [11966.57957751]
0.100 3.98e-06 [9456.43676948]
0.120 3.98e-06 [7113.39695858]
0.140 3.98e-06 [5383.0048683]
0.160 3.98e-06 [3948.25355289]
0.180 3.98e-06 [2844.78719101]
0.200 3.98e-06 [2148.1171685]
0.220 3.98e-06 [842.22180316]
0.250 3.98e-06 [305.56586582]
0.270 3.98e-06 [170.67580267]
0.290 3.98e-06 [80.59404556]
0.310 3.98e-06 [51.2093301]
0.330 3.98e-06 [25.93282982]
0.350 3.98e-06 [16.89178877]
0.370 3.98e-06 [7.34273473]
0.390 3.98e-06 [3.21052783]
0.410 3.98e-06 [1.54515705]
0.430 3.98e-06 [0.66625665]
0.450 3.98e-06 [0.23655162]
0.470 3.98e-06 [0.08464504]
0.490 3.98e-06 [0.02124564]
0.510 3.98e-06 [0.00402976]
0.530 3.98e-06 [0.00044494]
0.001 7.94e-06 [1823.73643879]
0.002 7.94e-06 [4978.47589547]
0.003 7.94e-06 [10368.18724287]
0.004 7.94e-06 [15941.18941295]
0.005 7.94e-06 [21718.06613063]
0.007 7.94e-06 [33114.05817629]
0.010 7.94e-06 [46425.20385982]
0.020 7.94e-06 [63080.49245231]
0.040 7.94e-06 [49092.21501106]
0.060 7.94e-06 [31118.19666357]
0.080 7.94e-06 [18192.04307957]
0.100 7.94e-06 [10304.44130796]
0.120 7.94e-06 [5884.01448901]
0.140 7.94e-06 [3302.75303305]
0.160 7.94e-06 [1793.52871687]
0.180 7.94e-06 [1050.31500835]
0.200 7.94e-06 [551.89895775]
0.220 7.94e-06 [85.72068991]
0.250 7.94e-06 [9.66606389]
0.270 7.94e-06 [2.60076088]
0.290 7.94e-06 [0.5589537]
0.310 7.94e-06 [0.]
0.330 7.94e-06 [0.]
0.350 7.94e-06 [0.]
0.370 7.94e-06 [0.]
0.390 7.94e-06 [0.]
0.410 7.94e-06 [0.]
0.430 7.94e-06 [0.]
0.450 7.94e-06 [0.]
0.470 7.94e-06 [0.]
0.490 7.94e-06 [0.]
0.510 7.94e-06 [0.]
0.530 7.94e-06 [0.]
0.001 1.58e-05 [26116.96133595]
0.002 1.58e-05 [62056.90247694]
0.003 1.58e-05 [111464.36372388]
0.004 1.58e-05 [151505.5912897]
0.005 1.58e-05 [182376.81899037]
0.007 1.58e-05 [226986.84192992]
0.010 1.58e-05 [251229.3879477]
0.020 1.58e-05 [199252.25422783]
0.040 1.58e-05 [74049.57252961]
0.060 1.58e-05 [25131.75784739]
0.080 1.58e-05 [8605.93956046]
0.100 1.58e-05 [2299.56644234]
0.120 1.58e-05 [838.49971112]
0.140 1.58e-05 [248.28832444]
0.160 1.58e-05 [73.00432355]
0.180 1.58e-05 [16.93001036]
0.200 1.58e-05 [3.8821986]
0.220 1.58e-05 [0.]
0.250 1.58e-05 [0.]
0.270 1.58e-05 [0.]
0.290 1.58e-05 [0.]
0.310 1.58e-05 [0.]
0.330 1.58e-05 [0.]
0.350 1.58e-05 [0.]
0.370 1.58e-05 [0.]
0.390 1.58e-05 [0.]
0.410 1.58e-05 [0.]
0.430 1.58e-05 [0.]
0.450 1.58e-05 [0.]
0.470 1.58e-05 [0.]
0.490 1.58e-05 [0.]
0.510 1.58e-05 [0.]
0.530 1.58e-05 [0.]
0.001 3.16e-05 [313986.9819696]
0.002 3.16e-05 [591530.22051366]
0.003 3.16e-05 [840986.97335313]
0.004 3.16e-05 [956206.36108835]
0.005 3.16e-05 [1000632.98089904]
0.007 3.16e-05 [967467.37473775]
0.010 3.16e-05 [798114.1358844]
0.020 3.16e-05 [309926.23340365]
0.040 3.16e-05 [33819.35707045]
0.060 3.16e-05 [3639.49887622]
0.080 3.16e-05 [355.95898425]
0.100 3.16e-05 [21.43978829]
0.120 3.16e-05 [0.]
0.140 3.16e-05 [0.]
0.160 3.16e-05 [0.]
0.180 3.16e-05 [0.]
0.200 3.16e-05 [0.]
0.220 3.16e-05 [0.]
0.250 3.16e-05 [0.]
0.270 3.16e-05 [0.]
0.290 3.16e-05 [0.]
0.310 3.16e-05 [0.]
0.330 3.16e-05 [0.]
0.350 3.16e-05 [0.]
0.370 3.16e-05 [0.]
0.390 3.16e-05 [0.]
0.410 3.16e-05 [0.]
0.430 3.16e-05 [0.]
0.450 3.16e-05 [0.]
0.470 3.16e-05 [0.]
0.490 3.16e-05 [0.]
0.510 3.16e-05 [0.]
0.530 3.16e-05 [0.]
0.001 6.31e-05 [2766340.00604039]
0.002 6.31e-05 [3765022.84192193]
0.003 6.31e-05 [3952556.79915555]
0.004 6.31e-05 [3672842.42352303]
0.005 6.31e-05 [3232422.64088326]
0.007 6.31e-05 [2248271.22379403]
0.010 6.31e-05 [1223662.43854108]
0.020 6.31e-05 [138148.47524897]
0.040 6.31e-05 [1301.73427609]
0.060 6.31e-05 [0.]
0.080 6.31e-05 [0.]
0.100 6.31e-05 [0.]
0.120 6.31e-05 [0.]
0.140 6.31e-05 [0.]
0.160 6.31e-05 [0.]
0.180 6.31e-05 [0.]
0.200 6.31e-05 [0.]
0.220 6.31e-05 [0.]
0.250 6.31e-05 [0.]
0.270 6.31e-05 [0.]
0.290 6.31e-05 [0.]
0.310 6.31e-05 [0.]
0.330 6.31e-05 [0.]
0.350 6.31e-05 [0.]
0.370 6.31e-05 [0.]
0.390 6.31e-05 [0.]
0.410 6.31e-05 [0.]
0.430 6.31e-05 [0.]
0.450 6.31e-05 [0.]
0.470 6.31e-05 [0.]
0.490 6.31e-05 [0.]
0.510 6.31e-05 [0.]
0.530 6.31e-05 [0.]
0.001 1.26e-04 [15665453.74101821]
0.002 1.26e-04 [14763506.69583189]
0.003 1.26e-04 [10633060.01305746]
0.004 1.26e-04 [7308471.71987524]
0.005 1.26e-04 [4939440.08587719]
0.007 1.26e-04 [2076812.12086291]
0.010 1.26e-04 [570794.64575881]
0.020 1.26e-04 [5245.02528322]
0.040 1.26e-04 [0.]
0.060 1.26e-04 [0.]
0.080 1.26e-04 [0.]
0.100 1.26e-04 [0.]
0.120 1.26e-04 [0.]
0.140 1.26e-04 [0.]
0.160 1.26e-04 [0.]
0.180 1.26e-04 [0.]
0.200 1.26e-04 [0.]
0.220 1.26e-04 [0.]
0.250 1.26e-04 [0.]
0.270 1.26e-04 [0.]
0.290 1.26e-04 [0.]
0.310 1.26e-04 [0.]
0.330 1.26e-04 [0.]
0.350 1.26e-04 [0.]
0.370 1.26e-04 [0.]
0.390 1.26e-04 [0.]
0.410 1.26e-04 [0.]
0.430 1.26e-04 [0.]
0.450 1.26e-04 [0.]
0.470 1.26e-04 [0.]
0.490 1.26e-04 [0.]
0.510 1.26e-04 [0.]
0.530 1.26e-04 [0.]
0.001 2.51e-04 [53257640.31206588]
0.002 2.51e-04 [29995850.43577487]
0.003 2.51e-04 [12628412.50112532]
0.004 2.51e-04 [5533714.52709567]
0.005 2.51e-04 [2263588.63263195]
0.007 2.51e-04 [384657.96667588]
0.010 2.51e-04 [22439.41053538]
0.020 2.51e-04 [0.]
0.040 2.51e-04 [0.]
0.060 2.51e-04 [0.]
0.080 2.51e-04 [0.]
0.100 2.51e-04 [0.]
0.120 2.51e-04 [0.]
0.140 2.51e-04 [0.]
0.160 2.51e-04 [0.]
0.180 2.51e-04 [0.]
0.200 2.51e-04 [0.]
0.220 2.51e-04 [0.]
0.250 2.51e-04 [0.]
0.270 2.51e-04 [0.]
0.290 2.51e-04 [0.]
0.310 2.51e-04 [0.]
0.330 2.51e-04 [0.]
0.350 2.51e-04 [0.]
0.370 2.51e-04 [0.]
0.390 2.51e-04 [0.]
0.410 2.51e-04 [0.]
0.430 2.51e-04 [0.]
0.450 2.51e-04 [0.]
0.470 2.51e-04 [0.]
0.490 2.51e-04 [0.]
0.510 2.51e-04 [0.]
0.530 2.51e-04 [0.]
0.001 5.01e-04 [90815339.01151755]
0.002 5.01e-04 [23248762.24228423]
0.003 5.01e-04 [3850756.36502484]
0.004 5.01e-04 [590090.12137918]
0.005 5.01e-04 [83439.58011838]
0.007 5.01e-04 [0.]
0.010 5.01e-04 [0.]
0.020 5.01e-04 [0.]
0.040 5.01e-04 [0.]
0.060 5.01e-04 [0.]
0.080 5.01e-04 [0.]
0.100 5.01e-04 [0.]
0.120 5.01e-04 [0.]
0.140 5.01e-04 [0.]
0.160 5.01e-04 [0.]
0.180 5.01e-04 [0.]
0.200 5.01e-04 [0.]
0.220 5.01e-04 [0.]
0.250 5.01e-04 [0.]
0.270 5.01e-04 [0.]
0.290 5.01e-04 [0.]
0.310 5.01e-04 [0.]
0.330 5.01e-04 [0.]
0.350 5.01e-04 [0.]
0.370 5.01e-04 [0.]
0.390 5.01e-04 [0.]
0.410 5.01e-04 [0.]
0.430 5.01e-04 [0.]
0.450 5.01e-04 [0.]
0.470 5.01e-04 [0.]
0.490 5.01e-04 [0.]
0.510 5.01e-04 [0.]
0.530 5.01e-04 [0.]
0.001 1.00e-03 [48628135.76418848]
0.002 1.00e-03 [2895312.6288447]
0.003 1.00e-03 [47461.76935584]
0.004 1.00e-03 [0.]
0.005 1.00e-03 [0.]
0.007 1.00e-03 [0.]
0.010 1.00e-03 [0.]
0.020 1.00e-03 [0.]
0.040 1.00e-03 [0.]
0.060 1.00e-03 [0.]
0.080 1.00e-03 [0.]
0.100 1.00e-03 [0.]
0.120 1.00e-03 [0.]
0.140 1.00e-03 [0.]
0.160 1.00e-03 [0.]
0.180 1.00e-03 [0.]
0.200 1.00e-03 [0.]
0.220 1.00e-03 [0.]
0.250 1.00e-03 [0.]
0.270 1.00e-03 [0.]
0.290 1.00e-03 [0.]
0.310 1.00e-03 [0.]
0.330 1.00e-03 [0.]
0.350 1.00e-03 [0.]
0.370 1.00e-03 [0.]
0.390 1.00e-03 [0.]
0.410 1.00e-03 [0.]
0.430 1.00e-03 [0.]
0.450 1.00e-03 [0.]
0.470 1.00e-03 [0.]
0.490 1.00e-03 [0.]
0.510 1.00e-03 [0.]
0.530 1.00e-03 [0.]
