0.001 1.00e-09 [0.]
0.002 1.00e-09 [0.]
0.003 1.00e-09 [0.]
0.004 1.00e-09 [0.]
0.005 1.00e-09 [0.]
0.007 1.00e-09 [0.]
0.010 1.00e-09 [0.]
0.020 1.00e-09 [0.]
0.040 1.00e-09 [0.]
0.060 1.00e-09 [0.]
0.080 1.00e-09 [0.]
0.100 1.00e-09 [0.]
0.120 1.00e-09 [0.]
0.001 2.00e-09 [0.]
0.002 2.00e-09 [0.]
0.003 2.00e-09 [0.]
0.004 2.00e-09 [0.]
0.005 2.00e-09 [0.]
0.007 2.00e-09 [0.]
0.010 2.00e-09 [0.]
0.020 2.00e-09 [0.]
0.040 2.00e-09 [0.]
0.060 2.00e-09 [0.]
0.080 2.00e-09 [0.]
0.100 2.00e-09 [1.96830718e-08]
0.120 2.00e-09 [2.07660372e-09]
0.001 4.00e-09 [0.]
0.002 4.00e-09 [0.]
0.003 4.00e-09 [0.]
0.004 4.00e-09 [0.]
0.005 4.00e-09 [0.]
0.007 4.00e-09 [0.]
0.010 4.00e-09 [0.]
0.020 4.00e-09 [0.]
0.040 4.00e-09 [6.46730562e-07]
0.060 4.00e-09 [4.40301445e-07]
0.080 4.00e-09 [4.65899591e-07]
0.100 4.00e-09 [1.57464574e-07]
0.120 4.00e-09 [2.49192446e-08]
0.001 8.00e-09 [0.]
0.002 8.00e-09 [0.]
0.003 8.00e-09 [0.]
0.004 8.00e-09 [0.]
0.005 8.00e-09 [0.]
0.007 8.00e-09 [0.]
0.010 8.00e-09 [0.]
0.020 8.00e-09 [3.18867252e-06]
0.040 8.00e-09 [5.1738445e-06]
0.060 8.00e-09 [7.04482313e-06]
0.080 8.00e-09 [5.59079509e-06]
0.100 8.00e-09 [2.51943319e-06]
0.120 8.00e-09 [3.32256594e-07]
0.001 1.60e-08 [0.]
0.002 1.60e-08 [0.]
0.003 1.60e-08 [0.]
0.004 1.60e-08 [0.]
0.005 1.60e-08 [0.]
0.007 1.60e-08 [1.35231081e-05]
0.010 1.60e-08 [1.34095427e-05]
0.020 1.60e-08 [3.82640702e-05]
0.040 1.60e-08 [0.00010348]
0.060 1.60e-08 [0.00012681]
0.080 1.60e-08 [9.31799182e-05]
0.100 1.60e-08 [4.15706476e-05]
0.120 1.60e-08 [5.31610551e-06]
0.001 3.20e-08 [0.]
0.002 3.20e-08 [0.]
0.003 3.20e-08 [0.]
0.004 3.20e-08 [5.438758e-05]
0.005 3.20e-08 [5.43069221e-05]
0.007 3.20e-08 [0.00010818]
0.010 3.20e-08 [0.00021455]
0.020 3.20e-08 [0.00066324]
0.040 3.20e-08 [0.00161424]
0.060 3.20e-08 [0.00197255]
0.080 3.20e-08 [0.00150579]
0.100 3.20e-08 [0.00066009]
0.120 3.20e-08 [8.50576882e-05]
0.001 6.30e-08 [0.]
0.002 6.30e-08 [0.00021122]
0.003 6.30e-08 [0.0004221]
0.004 6.30e-08 [0.00063241]
0.005 6.30e-08 [0.00084197]
0.007 6.30e-08 [0.00167729]
0.010 6.30e-08 [0.0033264]
0.020 6.30e-08 [0.01028287]
0.040 6.30e-08 [0.02502702]
0.060 6.30e-08 [0.03025457]
0.080 6.30e-08 [0.02311444]
0.100 6.30e-08 [0.01015587]
0.120 6.30e-08 [0.00130224]
0.001 1.26e-07 [0.00084521]
0.002 1.26e-07 [0.00253467]
0.003 1.26e-07 [0.00506516]
0.004 1.26e-07 [0.00927542]
0.005 1.26e-07 [0.01431348]
0.007 1.26e-07 [0.02683661]
0.010 1.26e-07 [0.05155927]
0.020 1.26e-07 [0.16452594]
0.040 1.26e-07 [0.39529853]
0.060 1.26e-07 [0.47620913]
0.080 1.26e-07 [0.36174104]
0.100 1.26e-07 [0.15811915]
0.120 1.26e-07 [0.020193]
0.001 2.51e-07 [0.01341625]
0.002 2.51e-07 [0.03688064]
0.003 2.51e-07 [0.0804006]
0.004 2.51e-07 [0.15392354]
0.005 2.51e-07 [0.2238605]
0.007 2.51e-07 [0.42265666]
0.010 2.51e-07 [0.80851397]
0.020 2.51e-07 [2.56134186]
0.040 2.51e-07 [6.05822344]
0.060 2.51e-07 [7.14983843]
0.080 2.51e-07 [5.33566872]
0.100 2.51e-07 [2.29037827]
0.120 2.51e-07 [0.28769102]
0.001 5.01e-07 [0.21380559]
0.002 5.01e-07 [0.60109945]
0.003 5.01e-07 [1.28128954]
0.004 5.01e-07 [2.41298046]
0.005 5.01e-07 [3.51426584]
0.007 5.01e-07 [6.61625983]
0.010 5.01e-07 [12.55604388]
0.020 5.01e-07 [38.5423358]
0.040 5.01e-07 [85.4566088]
0.060 5.01e-07 [94.14590532]
0.080 5.01e-07 [66.12662992]
0.100 5.01e-07 [26.80822913]
0.120 5.01e-07 [3.20321656]
0.001 1.00e-06 [3.35400864]
0.002 1.00e-06 [9.366364]
0.003 1.00e-06 [20.15300469]
0.004 1.00e-06 [37.44457412]
0.005 1.00e-06 [54.0947857]
0.007 1.00e-06 [100.10269492]
0.010 1.00e-06 [184.1716877]
0.020 1.00e-06 [507.04875331]
0.040 1.00e-06 [924.21839443]
0.060 1.00e-06 [858.00992279]
0.080 1.00e-06 [527.39833676]
0.100 1.00e-06 [192.50536276]
0.120 1.00e-06 [21.22704318]
0.001 1.99e-06 [52.54859496]
0.002 1.99e-06 [144.24184732]
0.003 1.99e-06 [304.75363063]
0.004 1.99e-06 [549.61544242]
0.005 1.99e-06 [774.01957278]
0.007 1.99e-06 [1347.66014442]
0.010 1.99e-06 [2267.61295799]
0.020 1.99e-06 [4783.11754126]
0.040 1.99e-06 [6115.18954421]
0.060 1.99e-06 [4584.52559959]
0.080 1.99e-06 [2431.67219612]
0.100 1.99e-06 [804.11187418]
0.120 1.99e-06 [81.91376784]
0.001 3.98e-06 [806.61422172]
0.002 3.98e-06 [2084.9285933]
0.003 3.98e-06 [4163.8953419]
0.004 3.98e-06 [6900.68252578]
0.005 3.98e-06 [9167.37297932]
0.007 3.98e-06 [14178.54792138]
0.010 3.98e-06 [20123.74883285]
0.020 3.98e-06 [29296.22220405]
0.040 3.98e-06 [24841.2338758]
0.060 3.98e-06 [14750.73866549]
0.080 3.98e-06 [6620.6810169]
0.100 3.98e-06 [1912.2973244]
0.120 3.98e-06 [175.18400389]
0.001 7.94e-06 [11393.27542228]
0.002 7.94e-06 [26179.11875316]
0.003 7.94e-06 [46162.37610623]
0.004 7.94e-06 [65752.48561779]
0.005 7.94e-06 [80193.29050324]
0.007 7.94e-06 [104739.04406345]
0.010 7.94e-06 [122115.08686033]
0.020 7.94e-06 [117713.88626188]
0.040 7.94e-06 [61089.79988175]
0.060 7.94e-06 [25233.90184436]
0.080 7.94e-06 [8553.70844337]
0.100 7.94e-06 [1920.48944955]
0.120 7.94e-06 [143.75678161]
0.001 1.58e-05 [134117.3580087]
0.002 1.58e-05 [255673.81166383]
0.003 1.58e-05 [374980.44701544]
0.004 1.58e-05 [444297.45522334]
0.005 1.58e-05 [488759.07976712]
0.007 1.58e-05 [511734.71894333]
0.010 1.58e-05 [483806.12489917]
0.020 1.58e-05 [286520.27150445]
0.040 1.58e-05 [72758.53347577]
0.060 1.58e-05 [16451.70131995]
0.080 1.58e-05 [3057.40068763]
0.100 1.58e-05 [442.50648766]
0.120 1.58e-05 [22.03860346]
0.001 3.16e-05 [1202828.37852472]
0.002 3.16e-05 [1756537.37610471]
0.003 3.16e-05 [2042607.67041146]
0.004 3.16e-05 [2024903.70703943]
0.005 3.16e-05 [1955607.16761623]
0.007 3.16e-05 [1623324.15717489]
0.010 3.16e-05 [1168375.2944581]
0.020 3.16e-05 [327790.20148944]
0.040 3.16e-05 [26152.53662374]
0.060 3.16e-05 [1953.86526952]
0.080 3.16e-05 [87.35740753]
0.100 3.16e-05 [4.92083747]
0.120 3.16e-05 [0.]
0.001 6.31e-05 [7587278.87033716]
0.002 6.31e-05 [8145838.07698317]
0.003 6.31e-05 [7179107.58403236]
0.004 6.31e-05 [5889247.69478292]
0.005 6.31e-05 [4742077.42430255]
0.007 6.31e-05 [2901725.66826103]
0.010 6.31e-05 [1364440.42312948]
0.020 6.31e-05 [112861.51266559]
0.040 6.31e-05 [482.75670292]
0.060 6.31e-05 [0.]
0.080 6.31e-05 [0.]
0.100 6.31e-05 [0.]
0.120 6.31e-05 [0.]
0.001 1.26e-04 [31370720.79977303]
0.002 1.26e-04 [23958317.89067668]
0.003 1.26e-04 [14908419.15509478]
0.004 1.26e-04 [9087947.71881685]
0.005 1.26e-04 [5508058.78276733]
0.007 1.26e-04 [2113981.11497236]
0.010 1.26e-04 [469056.99279058]
0.020 1.26e-04 [3948.23609615]
0.040 1.26e-04 [0.]
0.060 1.26e-04 [0.]
0.080 1.26e-04 [0.]
0.100 1.26e-04 [0.]
0.120 1.26e-04 [0.]
0.001 2.51e-04 [80944592.1420312]
0.002 2.51e-04 [37661498.70757461]
0.003 2.51e-04 [13688693.30110794]
0.004 2.51e-04 [5244636.03159186]
0.005 2.51e-04 [1853814.31568897]
0.007 2.51e-04 [323302.8428366]
0.010 2.51e-04 [13220.11480867]
0.020 2.51e-04 [0.]
0.040 2.51e-04 [0.]
0.060 2.51e-04 [0.]
0.080 2.51e-04 [0.]
0.100 2.51e-04 [0.]
0.120 2.51e-04 [0.]
0.001 5.01e-04 [1.04936573e+08]
0.002 5.01e-04 [21455221.16449764]
0.003 5.01e-04 [3232328.98881031]
0.004 5.01e-04 [493629.4906754]
0.005 5.01e-04 [66607.76055891]
0.007 5.01e-04 [0.]
0.010 5.01e-04 [0.]
0.020 5.01e-04 [0.]
0.040 5.01e-04 [0.]
0.060 5.01e-04 [0.]
0.080 5.01e-04 [0.]
0.100 5.01e-04 [0.]
0.120 5.01e-04 [0.]
0.001 1.00e-03 [43868303.47533329]
0.002 1.00e-03 [2181937.06877203]
0.003 1.00e-03 [53174.15486464]
0.004 1.00e-03 [0.]
0.005 1.00e-03 [0.]
0.007 1.00e-03 [0.]
0.010 1.00e-03 [0.]
0.020 1.00e-03 [0.]
0.040 1.00e-03 [0.]
0.060 1.00e-03 [0.]
0.080 1.00e-03 [0.]
0.100 1.00e-03 [0.]
0.120 1.00e-03 [0.]
0.001 1.00e-09 [0.]
0.002 1.00e-09 [0.]
0.003 1.00e-09 [0.]
0.004 1.00e-09 [0.]
0.005 1.00e-09 [0.]
0.007 1.00e-09 [0.]
0.010 1.00e-09 [0.]
0.020 1.00e-09 [0.]
0.040 1.00e-09 [0.]
0.060 1.00e-09 [0.]
0.080 1.00e-09 [0.]
0.100 1.00e-09 [0.]
0.120 1.00e-09 [0.]
0.001 2.00e-09 [0.]
0.002 2.00e-09 [0.]
0.003 2.00e-09 [0.]
0.004 2.00e-09 [0.]
0.005 2.00e-09 [0.]
0.007 2.00e-09 [0.]
0.010 2.00e-09 [0.]
0.020 2.00e-09 [0.]
0.040 2.00e-09 [0.]
0.060 2.00e-09 [0.]
0.080 2.00e-09 [0.]
0.100 2.00e-09 [1.96830718e-08]
0.120 2.00e-09 [2.07660372e-09]
0.001 4.00e-09 [0.]
0.002 4.00e-09 [0.]
0.003 4.00e-09 [0.]
0.004 4.00e-09 [0.]
0.005 4.00e-09 [0.]
0.007 4.00e-09 [0.]
0.010 4.00e-09 [0.]
0.020 4.00e-09 [0.]
0.040 4.00e-09 [6.46730562e-07]
0.060 4.00e-09 [4.40301445e-07]
0.080 4.00e-09 [4.65899591e-07]
0.100 4.00e-09 [1.57464574e-07]
0.120 4.00e-09 [2.49192446e-08]
0.001 8.00e-09 [0.]
0.002 8.00e-09 [0.]
0.003 8.00e-09 [0.]
0.004 8.00e-09 [0.]
0.005 8.00e-09 [0.]
0.007 8.00e-09 [0.]
0.010 8.00e-09 [0.]
0.020 8.00e-09 [3.18867252e-06]
0.040 8.00e-09 [5.1738445e-06]
0.060 8.00e-09 [7.04482313e-06]
0.080 8.00e-09 [5.59079509e-06]
0.100 8.00e-09 [2.51943319e-06]
0.120 8.00e-09 [3.32256594e-07]
0.001 1.60e-08 [0.]
0.002 1.60e-08 [0.]
0.003 1.60e-08 [0.]
0.004 1.60e-08 [0.]
0.005 1.60e-08 [0.]
0.007 1.60e-08 [1.35231081e-05]
0.010 1.60e-08 [1.34095427e-05]
0.020 1.60e-08 [3.82640702e-05]
0.040 1.60e-08 [0.00010348]
0.060 1.60e-08 [0.00012681]
0.080 1.60e-08 [9.31799182e-05]
0.100 1.60e-08 [4.15706476e-05]
0.120 1.60e-08 [5.31610551e-06]
0.001 3.20e-08 [0.]
0.002 3.20e-08 [0.]
0.003 3.20e-08 [0.]
0.004 3.20e-08 [5.438758e-05]
0.005 3.20e-08 [5.43069221e-05]
0.007 3.20e-08 [0.00010818]
0.010 3.20e-08 [0.00021455]
0.020 3.20e-08 [0.00066324]
0.040 3.20e-08 [0.00161424]
0.060 3.20e-08 [0.00197255]
0.080 3.20e-08 [0.00150579]
0.100 3.20e-08 [0.00066009]
0.120 3.20e-08 [8.50576882e-05]
0.001 6.30e-08 [0.]
0.002 6.30e-08 [0.00021122]
0.003 6.30e-08 [0.0004221]
0.004 6.30e-08 [0.00063241]
0.005 6.30e-08 [0.00084197]
0.007 6.30e-08 [0.00167729]
0.010 6.30e-08 [0.0033264]
0.020 6.30e-08 [0.01028287]
0.040 6.30e-08 [0.02502702]
0.060 6.30e-08 [0.03025457]
0.080 6.30e-08 [0.02311444]
0.100 6.30e-08 [0.01015587]
0.120 6.30e-08 [0.00130224]
0.001 1.26e-07 [0.00084521]
0.002 1.26e-07 [0.00253467]
0.003 1.26e-07 [0.00506516]
0.004 1.26e-07 [0.00927542]
0.005 1.26e-07 [0.01431348]
0.007 1.26e-07 [0.02683661]
0.010 1.26e-07 [0.05155927]
0.020 1.26e-07 [0.16452594]
0.040 1.26e-07 [0.39529853]
0.060 1.26e-07 [0.47620913]
0.080 1.26e-07 [0.36174104]
0.100 1.26e-07 [0.15811915]
0.120 1.26e-07 [0.020193]
0.001 2.51e-07 [0.01341625]
0.002 2.51e-07 [0.03688064]
0.003 2.51e-07 [0.0804006]
0.004 2.51e-07 [0.15392354]
0.005 2.51e-07 [0.2238605]
0.007 2.51e-07 [0.42265666]
0.010 2.51e-07 [0.80851397]
0.020 2.51e-07 [2.56134186]
0.040 2.51e-07 [6.05822344]
0.060 2.51e-07 [7.14983843]
0.080 2.51e-07 [5.33566872]
0.100 2.51e-07 [2.29037827]
0.120 2.51e-07 [0.28769102]
0.001 5.01e-07 [0.21380559]
0.002 5.01e-07 [0.60109945]
0.003 5.01e-07 [1.28128954]
0.004 5.01e-07 [2.41298046]
0.005 5.01e-07 [3.51426584]
0.007 5.01e-07 [6.61625983]
0.010 5.01e-07 [12.55604388]
0.020 5.01e-07 [38.5423358]
0.040 5.01e-07 [85.4566088]
0.060 5.01e-07 [94.14590532]
0.080 5.01e-07 [66.12662992]
0.100 5.01e-07 [26.80822913]
0.120 5.01e-07 [3.20321656]
0.001 1.00e-06 [3.35400864]
0.002 1.00e-06 [9.366364]
0.003 1.00e-06 [20.15300469]
0.004 1.00e-06 [37.44457412]
0.005 1.00e-06 [54.0947857]
0.007 1.00e-06 [100.10269492]
0.010 1.00e-06 [184.1716877]
0.020 1.00e-06 [507.04875331]
0.040 1.00e-06 [924.21839443]
0.060 1.00e-06 [858.00992279]
0.080 1.00e-06 [527.39833676]
0.100 1.00e-06 [192.50536276]
0.120 1.00e-06 [21.22704318]
0.001 1.99e-06 [52.54859496]
0.002 1.99e-06 [144.24184732]
0.003 1.99e-06 [304.75363063]
0.004 1.99e-06 [549.61544242]
0.005 1.99e-06 [774.01957278]
0.007 1.99e-06 [1347.66014442]
0.010 1.99e-06 [2267.61295799]
0.020 1.99e-06 [4783.11754126]
0.040 1.99e-06 [6115.18954421]
0.060 1.99e-06 [4584.52559959]
0.080 1.99e-06 [2431.67219612]
0.100 1.99e-06 [804.11187418]
0.120 1.99e-06 [81.91376784]
0.001 3.98e-06 [806.61422172]
0.002 3.98e-06 [2084.9285933]
0.003 3.98e-06 [4163.8953419]
0.004 3.98e-06 [6900.68252578]
0.005 3.98e-06 [9167.37297932]
0.007 3.98e-06 [14178.54792138]
0.010 3.98e-06 [20123.74883285]
0.020 3.98e-06 [29296.22220405]
0.040 3.98e-06 [24841.2338758]
0.060 3.98e-06 [14750.73866549]
0.080 3.98e-06 [6620.6810169]
0.100 3.98e-06 [1912.2973244]
0.120 3.98e-06 [175.18400389]
0.001 7.94e-06 [11393.27542228]
0.002 7.94e-06 [26179.11875316]
0.003 7.94e-06 [46162.37610623]
0.004 7.94e-06 [65752.48561779]
0.005 7.94e-06 [80193.29050324]
0.007 7.94e-06 [104739.04406345]
0.010 7.94e-06 [122115.08686033]
0.020 7.94e-06 [117713.88626188]
0.040 7.94e-06 [61089.79988175]
0.060 7.94e-06 [25233.90184436]
0.080 7.94e-06 [8553.70844337]
0.100 7.94e-06 [1920.48944955]
0.120 7.94e-06 [143.75678161]
0.001 1.58e-05 [134117.3580087]
0.002 1.58e-05 [255673.81166383]
0.003 1.58e-05 [374980.44701544]
0.004 1.58e-05 [444297.45522334]
0.005 1.58e-05 [488759.07976712]
0.007 1.58e-05 [511734.71894333]
0.010 1.58e-05 [483806.12489917]
0.020 1.58e-05 [286520.27150445]
0.040 1.58e-05 [72758.53347577]
0.060 1.58e-05 [16451.70131995]
0.080 1.58e-05 [3057.40068763]
0.100 1.58e-05 [442.50648766]
0.120 1.58e-05 [22.03860346]
0.001 3.16e-05 [1202828.37852472]
0.002 3.16e-05 [1756537.37610471]
0.003 3.16e-05 [2042607.67041146]
0.004 3.16e-05 [2024903.70703943]
0.005 3.16e-05 [1955607.16761623]
0.007 3.16e-05 [1623324.15717489]
0.010 3.16e-05 [1168375.2944581]
0.020 3.16e-05 [327790.20148944]
0.040 3.16e-05 [26152.53662374]
0.060 3.16e-05 [1953.86526952]
0.080 3.16e-05 [87.35740753]
0.100 3.16e-05 [4.92083747]
0.120 3.16e-05 [0.]
0.001 6.31e-05 [7587278.87033716]
0.002 6.31e-05 [8145838.07698317]
0.003 6.31e-05 [7179107.58403236]
0.004 6.31e-05 [5889247.69478292]
0.005 6.31e-05 [4742077.42430255]
0.007 6.31e-05 [2901725.66826103]
0.010 6.31e-05 [1364440.42312948]
0.020 6.31e-05 [112861.51266559]
0.040 6.31e-05 [482.75670292]
0.060 6.31e-05 [0.]
0.080 6.31e-05 [0.]
0.100 6.31e-05 [0.]
0.120 6.31e-05 [0.]
0.001 1.26e-04 [31370720.79977303]
0.002 1.26e-04 [23958317.89067668]
0.003 1.26e-04 [14908419.15509478]
0.004 1.26e-04 [9087947.71881685]
0.005 1.26e-04 [5508058.78276733]
0.007 1.26e-04 [2113981.11497236]
0.010 1.26e-04 [469056.99279058]
0.020 1.26e-04 [3948.23609615]
0.040 1.26e-04 [0.]
0.060 1.26e-04 [0.]
0.080 1.26e-04 [0.]
0.100 1.26e-04 [0.]
0.120 1.26e-04 [0.]
0.001 2.51e-04 [80944592.1420312]
0.002 2.51e-04 [37661498.70757461]
0.003 2.51e-04 [13688693.30110794]
0.004 2.51e-04 [5244636.03159186]
0.005 2.51e-04 [1853814.31568897]
0.007 2.51e-04 [323302.8428366]
0.010 2.51e-04 [13220.11480867]
0.020 2.51e-04 [0.]
0.040 2.51e-04 [0.]
0.060 2.51e-04 [0.]
0.080 2.51e-04 [0.]
0.100 2.51e-04 [0.]
0.120 2.51e-04 [0.]
0.001 5.01e-04 [1.04936573e+08]
0.002 5.01e-04 [21455221.16449764]
0.003 5.01e-04 [3232328.98881031]
0.004 5.01e-04 [493629.4906754]
0.005 5.01e-04 [66607.76055891]
0.007 5.01e-04 [0.]
0.010 5.01e-04 [0.]
0.020 5.01e-04 [0.]
0.040 5.01e-04 [0.]
0.060 5.01e-04 [0.]
0.080 5.01e-04 [0.]
0.100 5.01e-04 [0.]
0.120 5.01e-04 [0.]
0.001 1.00e-03 [43868303.47533329]
0.002 1.00e-03 [2181937.06877203]
0.003 1.00e-03 [53174.15486464]
0.004 1.00e-03 [0.]
0.005 1.00e-03 [0.]
0.007 1.00e-03 [0.]
0.010 1.00e-03 [0.]
0.020 1.00e-03 [0.]
0.040 1.00e-03 [0.]
0.060 1.00e-03 [0.]
0.080 1.00e-03 [0.]
0.100 1.00e-03 [0.]
0.120 1.00e-03 [0.]
0.001 1.00e-09 [0.]
0.002 1.00e-09 [0.]
0.003 1.00e-09 [0.]
0.004 1.00e-09 [0.]
0.005 1.00e-09 [0.]
0.007 1.00e-09 [0.]
0.010 1.00e-09 [0.]
0.020 1.00e-09 [0.]
0.040 1.00e-09 [0.]
0.060 1.00e-09 [0.]
0.080 1.00e-09 [0.]
0.100 1.00e-09 [0.]
0.120 1.00e-09 [0.]
0.001 2.00e-09 [0.]
0.002 2.00e-09 [0.]
0.003 2.00e-09 [0.]
0.004 2.00e-09 [0.]
0.005 2.00e-09 [0.]
0.007 2.00e-09 [0.]
0.010 2.00e-09 [0.]
0.020 2.00e-09 [0.]
0.040 2.00e-09 [0.]
0.060 2.00e-09 [0.]
0.080 2.00e-09 [0.]
0.100 2.00e-09 [1.96830718e-08]
0.120 2.00e-09 [2.07660372e-09]
0.001 4.00e-09 [0.]
0.002 4.00e-09 [0.]
0.003 4.00e-09 [0.]
0.004 4.00e-09 [0.]
0.005 4.00e-09 [0.]
0.007 4.00e-09 [0.]
0.010 4.00e-09 [0.]
0.020 4.00e-09 [0.]
0.040 4.00e-09 [6.46730562e-07]
0.060 4.00e-09 [4.40301445e-07]
0.080 4.00e-09 [4.65899591e-07]
0.100 4.00e-09 [1.57464574e-07]
0.120 4.00e-09 [2.49192446e-08]
0.001 8.00e-09 [0.]
0.002 8.00e-09 [0.]
0.003 8.00e-09 [0.]
0.004 8.00e-09 [0.]
0.005 8.00e-09 [0.]
0.007 8.00e-09 [0.]
0.010 8.00e-09 [0.]
0.020 8.00e-09 [3.18867252e-06]
0.040 8.00e-09 [5.1738445e-06]
0.060 8.00e-09 [7.04482313e-06]
0.080 8.00e-09 [5.59079509e-06]
0.100 8.00e-09 [2.51943319e-06]
0.120 8.00e-09 [3.32256594e-07]
0.001 1.60e-08 [0.]
0.002 1.60e-08 [0.]
0.003 1.60e-08 [0.]
0.004 1.60e-08 [0.]
0.005 1.60e-08 [0.]
0.007 1.60e-08 [1.35231081e-05]
0.010 1.60e-08 [1.34095427e-05]
0.020 1.60e-08 [3.82640702e-05]
0.040 1.60e-08 [0.00010348]
0.060 1.60e-08 [0.00012681]
0.080 1.60e-08 [9.31799182e-05]
0.100 1.60e-08 [4.15706476e-05]
0.120 1.60e-08 [5.31610551e-06]
0.001 3.20e-08 [0.]
0.002 3.20e-08 [0.]
0.003 3.20e-08 [0.]
0.004 3.20e-08 [5.438758e-05]
0.005 3.20e-08 [5.43069221e-05]
0.007 3.20e-08 [0.00010818]
0.010 3.20e-08 [0.00021455]
0.020 3.20e-08 [0.00066324]
0.040 3.20e-08 [0.00161424]
0.060 3.20e-08 [0.00197255]
0.080 3.20e-08 [0.00150579]
0.100 3.20e-08 [0.00066009]
0.120 3.20e-08 [8.50576882e-05]
0.001 6.30e-08 [0.]
0.002 6.30e-08 [0.00021122]
0.003 6.30e-08 [0.0004221]
0.004 6.30e-08 [0.00063241]
0.005 6.30e-08 [0.00084197]
0.007 6.30e-08 [0.00167729]
0.010 6.30e-08 [0.0033264]
0.020 6.30e-08 [0.01028287]
0.040 6.30e-08 [0.02502702]
0.060 6.30e-08 [0.03025457]
0.080 6.30e-08 [0.02311444]
0.100 6.30e-08 [0.01015587]
0.120 6.30e-08 [0.00130224]
0.001 1.26e-07 [0.00084521]
0.002 1.26e-07 [0.00253467]
0.003 1.26e-07 [0.00506516]
0.004 1.26e-07 [0.00927542]
0.005 1.26e-07 [0.01431348]
0.007 1.26e-07 [0.02683661]
0.010 1.26e-07 [0.05155927]
0.020 1.26e-07 [0.16452594]
0.040 1.26e-07 [0.39529853]
0.060 1.26e-07 [0.47620913]
0.080 1.26e-07 [0.36174104]
0.100 1.26e-07 [0.15811915]
0.120 1.26e-07 [0.020193]
0.001 2.51e-07 [0.01341625]
0.002 2.51e-07 [0.03688064]
0.003 2.51e-07 [0.0804006]
0.004 2.51e-07 [0.15392354]
0.005 2.51e-07 [0.2238605]
0.007 2.51e-07 [0.42265666]
0.010 2.51e-07 [0.80851397]
0.020 2.51e-07 [2.56134186]
0.040 2.51e-07 [6.05822344]
0.060 2.51e-07 [7.14983843]
0.080 2.51e-07 [5.33566872]
0.100 2.51e-07 [2.29037827]
0.120 2.51e-07 [0.28769102]
0.001 5.01e-07 [0.21380559]
0.002 5.01e-07 [0.60109945]
0.003 5.01e-07 [1.28128954]
0.004 5.01e-07 [2.41298046]
0.005 5.01e-07 [3.51426584]
0.007 5.01e-07 [6.61625983]
0.010 5.01e-07 [12.55604388]
0.020 5.01e-07 [38.5423358]
0.040 5.01e-07 [85.4566088]
0.060 5.01e-07 [94.14590532]
0.080 5.01e-07 [66.12662992]
0.100 5.01e-07 [26.80822913]
0.120 5.01e-07 [3.20321656]
0.001 1.00e-06 [3.35400864]
0.002 1.00e-06 [9.366364]
0.003 1.00e-06 [20.15300469]
0.004 1.00e-06 [37.44457412]
0.005 1.00e-06 [54.0947857]
0.007 1.00e-06 [100.10269492]
0.010 1.00e-06 [184.1716877]
0.020 1.00e-06 [507.04875331]
0.040 1.00e-06 [924.21839443]
0.060 1.00e-06 [858.00992279]
0.080 1.00e-06 [527.39833676]
0.100 1.00e-06 [192.50536276]
0.120 1.00e-06 [21.22704318]
0.001 1.99e-06 [52.54859496]
0.002 1.99e-06 [144.24184732]
0.003 1.99e-06 [304.75363063]
0.004 1.99e-06 [549.61544242]
0.005 1.99e-06 [774.01957278]
0.007 1.99e-06 [1347.66014442]
0.010 1.99e-06 [2267.61295799]
0.020 1.99e-06 [4783.11754126]
0.040 1.99e-06 [6115.18954421]
0.060 1.99e-06 [4584.52559959]
0.080 1.99e-06 [2431.67219612]
0.100 1.99e-06 [804.11187418]
0.120 1.99e-06 [81.91376784]
0.001 3.98e-06 [806.61422172]
0.002 3.98e-06 [2084.9285933]
0.003 3.98e-06 [4163.8953419]
0.004 3.98e-06 [6900.68252578]
0.005 3.98e-06 [9167.37297932]
0.007 3.98e-06 [14178.54792138]
0.010 3.98e-06 [20123.74883285]
0.020 3.98e-06 [29296.22220405]
0.040 3.98e-06 [24841.2338758]
0.060 3.98e-06 [14750.73866549]
0.080 3.98e-06 [6620.6810169]
0.100 3.98e-06 [1912.2973244]
0.120 3.98e-06 [175.18400389]
0.001 7.94e-06 [11393.27542228]
0.002 7.94e-06 [26179.11875316]
0.003 7.94e-06 [46162.37610623]
0.004 7.94e-06 [65752.48561779]
0.005 7.94e-06 [80193.29050324]
0.007 7.94e-06 [104739.04406345]
0.010 7.94e-06 [122115.08686033]
0.020 7.94e-06 [117713.88626188]
0.040 7.94e-06 [61089.79988175]
0.060 7.94e-06 [25233.90184436]
0.080 7.94e-06 [8553.70844337]
0.100 7.94e-06 [1920.48944955]
0.120 7.94e-06 [143.75678161]
0.001 1.58e-05 [134117.3580087]
0.002 1.58e-05 [255673.81166383]
0.003 1.58e-05 [374980.44701544]
0.004 1.58e-05 [444297.45522334]
0.005 1.58e-05 [488759.07976712]
0.007 1.58e-05 [511734.71894333]
0.010 1.58e-05 [483806.12489917]
0.020 1.58e-05 [286520.27150445]
0.040 1.58e-05 [72758.53347577]
0.060 1.58e-05 [16451.70131995]
0.080 1.58e-05 [3057.40068763]
0.100 1.58e-05 [442.50648766]
0.120 1.58e-05 [22.03860346]
0.001 3.16e-05 [1202828.37852472]
0.002 3.16e-05 [1756537.37610471]
0.003 3.16e-05 [2042607.67041146]
0.004 3.16e-05 [2024903.70703943]
0.005 3.16e-05 [1955607.16761623]
0.007 3.16e-05 [1623324.15717489]
0.010 3.16e-05 [1168375.2944581]
0.020 3.16e-05 [327790.20148944]
0.040 3.16e-05 [26152.53662374]
0.060 3.16e-05 [1953.86526952]
0.080 3.16e-05 [87.35740753]
0.100 3.16e-05 [4.92083747]
0.120 3.16e-05 [0.]
0.001 6.31e-05 [7587278.87033716]
0.002 6.31e-05 [8145838.07698317]
0.003 6.31e-05 [7179107.58403236]
0.004 6.31e-05 [5889247.69478292]
0.005 6.31e-05 [4742077.42430255]
0.007 6.31e-05 [2901725.66826103]
0.010 6.31e-05 [1364440.42312948]
0.020 6.31e-05 [112861.51266559]
0.040 6.31e-05 [482.75670292]
0.060 6.31e-05 [0.]
0.080 6.31e-05 [0.]
0.100 6.31e-05 [0.]
0.120 6.31e-05 [0.]
0.001 1.26e-04 [31370720.79977303]
0.002 1.26e-04 [23958317.89067668]
0.003 1.26e-04 [14908419.15509478]
0.004 1.26e-04 [9087947.71881685]
0.005 1.26e-04 [5508058.78276733]
0.007 1.26e-04 [2113981.11497236]
0.010 1.26e-04 [469056.99279058]
0.020 1.26e-04 [3948.23609615]
0.040 1.26e-04 [0.]
0.060 1.26e-04 [0.]
0.080 1.26e-04 [0.]
0.100 1.26e-04 [0.]
0.120 1.26e-04 [0.]
0.001 2.51e-04 [80944592.1420312]
0.002 2.51e-04 [37661498.70757461]
0.003 2.51e-04 [13688693.30110794]
0.004 2.51e-04 [5244636.03159186]
0.005 2.51e-04 [1853814.31568897]
0.007 2.51e-04 [323302.8428366]
0.010 2.51e-04 [13220.11480867]
0.020 2.51e-04 [0.]
0.040 2.51e-04 [0.]
0.060 2.51e-04 [0.]
0.080 2.51e-04 [0.]
0.100 2.51e-04 [0.]
0.120 2.51e-04 [0.]
0.001 5.01e-04 [1.04936573e+08]
0.002 5.01e-04 [21455221.16449764]
0.003 5.01e-04 [3232328.98881031]
0.004 5.01e-04 [493629.4906754]
0.005 5.01e-04 [66607.76055891]
0.007 5.01e-04 [0.]
0.010 5.01e-04 [0.]
0.020 5.01e-04 [0.]
0.040 5.01e-04 [0.]
0.060 5.01e-04 [0.]
0.080 5.01e-04 [0.]
0.100 5.01e-04 [0.]
0.120 5.01e-04 [0.]
0.001 1.00e-03 [43868303.47533329]
0.002 1.00e-03 [2181937.06877203]
0.003 1.00e-03 [53174.15486464]
0.004 1.00e-03 [0.]
0.005 1.00e-03 [0.]
0.007 1.00e-03 [0.]
0.010 1.00e-03 [0.]
0.020 1.00e-03 [0.]
0.040 1.00e-03 [0.]
0.060 1.00e-03 [0.]
0.080 1.00e-03 [0.]
0.100 1.00e-03 [0.]
0.120 1.00e-03 [0.]
0.001 1.00e-09 [0.]
0.002 1.00e-09 [0.]
0.003 1.00e-09 [0.]
0.004 1.00e-09 [0.]
0.005 1.00e-09 [0.]
0.007 1.00e-09 [0.]
0.010 1.00e-09 [0.]
0.020 1.00e-09 [0.]
0.040 1.00e-09 [0.]
0.060 1.00e-09 [0.]
0.080 1.00e-09 [0.]
0.100 1.00e-09 [0.]
0.120 1.00e-09 [0.]
0.001 2.00e-09 [0.]
0.002 2.00e-09 [0.]
0.003 2.00e-09 [0.]
0.004 2.00e-09 [0.]
0.005 2.00e-09 [0.]
0.007 2.00e-09 [0.]
0.010 2.00e-09 [0.]
0.020 2.00e-09 [0.]
0.040 2.00e-09 [0.]
0.060 2.00e-09 [0.]
0.080 2.00e-09 [0.]
0.100 2.00e-09 [1.96830718e-08]
0.120 2.00e-09 [2.07660372e-09]
0.001 4.00e-09 [0.]
0.002 4.00e-09 [0.]
0.003 4.00e-09 [0.]
0.004 4.00e-09 [0.]
0.005 4.00e-09 [0.]
0.007 4.00e-09 [0.]
0.010 4.00e-09 [0.]
0.020 4.00e-09 [0.]
0.040 4.00e-09 [6.46730562e-07]
0.060 4.00e-09 [4.40301445e-07]
0.080 4.00e-09 [4.65899591e-07]
0.100 4.00e-09 [1.57464574e-07]
0.120 4.00e-09 [2.49192446e-08]
0.001 8.00e-09 [0.]
0.002 8.00e-09 [0.]
0.003 8.00e-09 [0.]
0.004 8.00e-09 [0.]
0.005 8.00e-09 [0.]
0.007 8.00e-09 [0.]
0.010 8.00e-09 [0.]
0.020 8.00e-09 [3.18867252e-06]
0.040 8.00e-09 [5.1738445e-06]
0.060 8.00e-09 [7.04482313e-06]
0.080 8.00e-09 [5.59079509e-06]
0.100 8.00e-09 [2.51943319e-06]
0.120 8.00e-09 [3.32256594e-07]
0.001 1.60e-08 [0.]
0.002 1.60e-08 [0.]
0.003 1.60e-08 [0.]
0.004 1.60e-08 [0.]
0.005 1.60e-08 [0.]
0.007 1.60e-08 [1.35231081e-05]
0.010 1.60e-08 [1.34095427e-05]
0.020 1.60e-08 [3.82640702e-05]
0.040 1.60e-08 [0.00010348]
0.060 1.60e-08 [0.00012681]
0.080 1.60e-08 [9.31799182e-05]
0.100 1.60e-08 [4.15706476e-05]
0.120 1.60e-08 [5.31610551e-06]
0.001 3.20e-08 [0.]
0.002 3.20e-08 [0.]
0.003 3.20e-08 [0.]
0.004 3.20e-08 [5.438758e-05]
0.005 3.20e-08 [5.43069221e-05]
0.007 3.20e-08 [0.00010818]
0.010 3.20e-08 [0.00021455]
0.020 3.20e-08 [0.00066324]
0.040 3.20e-08 [0.00161424]
0.060 3.20e-08 [0.00197255]
0.080 3.20e-08 [0.00150579]
0.100 3.20e-08 [0.00066009]
0.120 3.20e-08 [8.50576882e-05]
0.001 6.30e-08 [0.]
0.002 6.30e-08 [0.00021122]
0.003 6.30e-08 [0.0004221]
0.004 6.30e-08 [0.00063241]
0.005 6.30e-08 [0.00084197]
0.007 6.30e-08 [0.00167729]
0.010 6.30e-08 [0.0033264]
0.020 6.30e-08 [0.01028287]
0.040 6.30e-08 [0.02502702]
0.060 6.30e-08 [0.03025457]
0.080 6.30e-08 [0.02311444]
0.100 6.30e-08 [0.01015587]
0.120 6.30e-08 [0.00130224]
0.001 1.26e-07 [0.00084521]
0.002 1.26e-07 [0.00253467]
0.003 1.26e-07 [0.00506516]
0.004 1.26e-07 [0.00927542]
0.005 1.26e-07 [0.01431348]
0.007 1.26e-07 [0.02683661]
0.010 1.26e-07 [0.05155927]
0.020 1.26e-07 [0.16452594]
0.040 1.26e-07 [0.39529853]
0.060 1.26e-07 [0.47620913]
0.080 1.26e-07 [0.36174104]
0.100 1.26e-07 [0.15811915]
0.120 1.26e-07 [0.020193]
0.001 2.51e-07 [0.01341625]
0.002 2.51e-07 [0.03688064]
0.003 2.51e-07 [0.0804006]
0.004 2.51e-07 [0.15392354]
0.005 2.51e-07 [0.2238605]
0.007 2.51e-07 [0.42265666]
0.010 2.51e-07 [0.80851397]
0.020 2.51e-07 [2.56134186]
0.040 2.51e-07 [6.05822344]
0.060 2.51e-07 [7.14983843]
0.080 2.51e-07 [5.33566872]
0.100 2.51e-07 [2.29037827]
0.120 2.51e-07 [0.28769102]
0.001 5.01e-07 [0.21380559]
0.002 5.01e-07 [0.60109945]
0.003 5.01e-07 [1.28128954]
0.004 5.01e-07 [2.41298046]
0.005 5.01e-07 [3.51426584]
0.007 5.01e-07 [6.61625983]
0.010 5.01e-07 [12.55604388]
0.020 5.01e-07 [38.5423358]
0.040 5.01e-07 [85.4566088]
0.060 5.01e-07 [94.14590532]
0.080 5.01e-07 [66.12662992]
0.100 5.01e-07 [26.80822913]
0.120 5.01e-07 [3.20321656]
0.001 1.00e-06 [3.35400864]
0.002 1.00e-06 [9.366364]
0.003 1.00e-06 [20.15300469]
0.004 1.00e-06 [37.44457412]
0.005 1.00e-06 [54.0947857]
0.007 1.00e-06 [100.10269492]
0.010 1.00e-06 [184.1716877]
0.020 1.00e-06 [507.04875331]
0.040 1.00e-06 [924.21839443]
0.060 1.00e-06 [858.00992279]
0.080 1.00e-06 [527.39833676]
0.100 1.00e-06 [192.50536276]
0.120 1.00e-06 [21.22704318]
0.001 1.99e-06 [52.54859496]
0.002 1.99e-06 [144.24184732]
0.003 1.99e-06 [304.75363063]
0.004 1.99e-06 [549.61544242]
0.005 1.99e-06 [774.01957278]
0.007 1.99e-06 [1347.66014442]
0.010 1.99e-06 [2267.61295799]
0.020 1.99e-06 [4783.11754126]
0.040 1.99e-06 [6115.18954421]
0.060 1.99e-06 [4584.52559959]
0.080 1.99e-06 [2431.67219612]
0.100 1.99e-06 [804.11187418]
0.120 1.99e-06 [81.91376784]
0.001 3.98e-06 [806.61422172]
0.002 3.98e-06 [2084.9285933]
0.003 3.98e-06 [4163.8953419]
0.004 3.98e-06 [6900.68252578]
0.005 3.98e-06 [9167.37297932]
0.007 3.98e-06 [14178.54792138]
0.010 3.98e-06 [20123.74883285]
0.020 3.98e-06 [29296.22220405]
0.040 3.98e-06 [24841.2338758]
0.060 3.98e-06 [14750.73866549]
0.080 3.98e-06 [6620.6810169]
0.100 3.98e-06 [1912.2973244]
0.120 3.98e-06 [175.18400389]
0.001 7.94e-06 [11393.27542228]
0.002 7.94e-06 [26179.11875316]
0.003 7.94e-06 [46162.37610623]
0.004 7.94e-06 [65752.48561779]
0.005 7.94e-06 [80193.29050324]
0.007 7.94e-06 [104739.04406345]
0.010 7.94e-06 [122115.08686033]
0.020 7.94e-06 [117713.88626188]
0.040 7.94e-06 [61089.79988175]
0.060 7.94e-06 [25233.90184436]
0.080 7.94e-06 [8553.70844337]
0.100 7.94e-06 [1920.48944955]
0.120 7.94e-06 [143.75678161]
0.001 1.58e-05 [134117.3580087]
0.002 1.58e-05 [255673.81166383]
0.003 1.58e-05 [374980.44701544]
0.004 1.58e-05 [444297.45522334]
0.005 1.58e-05 [488759.07976712]
0.007 1.58e-05 [511734.71894333]
0.010 1.58e-05 [483806.12489917]
0.020 1.58e-05 [286520.27150445]
0.040 1.58e-05 [72758.53347577]
0.060 1.58e-05 [16451.70131995]
0.080 1.58e-05 [3057.40068763]
0.100 1.58e-05 [442.50648766]
0.120 1.58e-05 [22.03860346]
0.001 3.16e-05 [1202828.37852472]
0.002 3.16e-05 [1756537.37610471]
0.003 3.16e-05 [2042607.67041146]
0.004 3.16e-05 [2024903.70703943]
0.005 3.16e-05 [1955607.16761623]
0.007 3.16e-05 [1623324.15717489]
0.010 3.16e-05 [1168375.2944581]
0.020 3.16e-05 [327790.20148944]
0.040 3.16e-05 [26152.53662374]
0.060 3.16e-05 [1953.86526952]
0.080 3.16e-05 [87.35740753]
0.100 3.16e-05 [4.92083747]
0.120 3.16e-05 [0.]
0.001 6.31e-05 [7587278.87033716]
0.002 6.31e-05 [8145838.07698317]
0.003 6.31e-05 [7179107.58403236]
0.004 6.31e-05 [5889247.69478292]
0.005 6.31e-05 [4742077.42430255]
0.007 6.31e-05 [2901725.66826103]
0.010 6.31e-05 [1364440.42312948]
0.020 6.31e-05 [112861.51266559]
0.040 6.31e-05 [482.75670292]
0.060 6.31e-05 [0.]
0.080 6.31e-05 [0.]
0.100 6.31e-05 [0.]
0.120 6.31e-05 [0.]
0.001 1.26e-04 [31370720.79977303]
0.002 1.26e-04 [23958317.89067668]
0.003 1.26e-04 [14908419.15509478]
0.004 1.26e-04 [9087947.71881685]
0.005 1.26e-04 [5508058.78276733]
0.007 1.26e-04 [2113981.11497236]
0.010 1.26e-04 [469056.99279058]
0.020 1.26e-04 [3948.23609615]
0.040 1.26e-04 [0.]
0.060 1.26e-04 [0.]
0.080 1.26e-04 [0.]
0.100 1.26e-04 [0.]
0.120 1.26e-04 [0.]
0.001 2.51e-04 [80944592.1420312]
0.002 2.51e-04 [37661498.70757461]
0.003 2.51e-04 [13688693.30110794]
0.004 2.51e-04 [5244636.03159186]
0.005 2.51e-04 [1853814.31568897]
0.007 2.51e-04 [323302.8428366]
0.010 2.51e-04 [13220.11480867]
0.020 2.51e-04 [0.]
0.040 2.51e-04 [0.]
0.060 2.51e-04 [0.]
0.080 2.51e-04 [0.]
0.100 2.51e-04 [0.]
0.120 2.51e-04 [0.]
0.001 5.01e-04 [1.04936573e+08]
0.002 5.01e-04 [21455221.16449764]
0.003 5.01e-04 [3232328.98881031]
0.004 5.01e-04 [493629.4906754]
0.005 5.01e-04 [66607.76055891]
0.007 5.01e-04 [0.]
0.010 5.01e-04 [0.]
0.020 5.01e-04 [0.]
0.040 5.01e-04 [0.]
0.060 5.01e-04 [0.]
0.080 5.01e-04 [0.]
0.100 5.01e-04 [0.]
0.120 5.01e-04 [0.]
0.001 1.00e-03 [43868303.47533329]
0.002 1.00e-03 [2181937.06877203]
0.003 1.00e-03 [53174.15486464]
0.004 1.00e-03 [0.]
0.005 1.00e-03 [0.]
0.007 1.00e-03 [0.]
0.010 1.00e-03 [0.]
0.020 1.00e-03 [0.]
0.040 1.00e-03 [0.]
0.060 1.00e-03 [0.]
0.080 1.00e-03 [0.]
0.100 1.00e-03 [0.]
0.120 1.00e-03 [0.]
0.001 1.00e-09 [0.]
0.002 1.00e-09 [0.]
0.003 1.00e-09 [0.]
0.004 1.00e-09 [0.]
0.005 1.00e-09 [0.]
0.007 1.00e-09 [0.]
0.010 1.00e-09 [0.]
0.020 1.00e-09 [0.]
0.040 1.00e-09 [0.]
0.060 1.00e-09 [0.]
0.080 1.00e-09 [0.]
0.100 1.00e-09 [0.]
0.120 1.00e-09 [0.]
0.001 2.00e-09 [0.]
0.002 2.00e-09 [0.]
0.003 2.00e-09 [0.]
0.004 2.00e-09 [0.]
0.005 2.00e-09 [0.]
0.007 2.00e-09 [0.]
0.010 2.00e-09 [0.]
0.020 2.00e-09 [0.]
0.040 2.00e-09 [0.]
0.060 2.00e-09 [0.]
0.080 2.00e-09 [0.]
0.100 2.00e-09 [1.96830718e-08]
0.120 2.00e-09 [2.07660372e-09]
0.001 4.00e-09 [0.]
0.002 4.00e-09 [0.]
0.003 4.00e-09 [0.]
0.004 4.00e-09 [0.]
0.005 4.00e-09 [0.]
0.007 4.00e-09 [0.]
0.010 4.00e-09 [0.]
0.020 4.00e-09 [0.]
0.040 4.00e-09 [6.46730562e-07]
0.060 4.00e-09 [4.40301445e-07]
0.080 4.00e-09 [4.65899591e-07]
0.100 4.00e-09 [1.57464574e-07]
0.120 4.00e-09 [2.49192446e-08]
0.001 8.00e-09 [0.]
0.002 8.00e-09 [0.]
0.003 8.00e-09 [0.]
0.004 8.00e-09 [0.]
0.005 8.00e-09 [0.]
0.007 8.00e-09 [0.]
0.010 8.00e-09 [0.]
0.020 8.00e-09 [3.18867252e-06]
0.040 8.00e-09 [5.1738445e-06]
0.060 8.00e-09 [7.04482313e-06]
0.080 8.00e-09 [5.59079509e-06]
0.100 8.00e-09 [2.51943319e-06]
0.120 8.00e-09 [3.32256594e-07]
0.001 1.60e-08 [0.]
0.002 1.60e-08 [0.]
0.003 1.60e-08 [0.]
0.004 1.60e-08 [0.]
0.005 1.60e-08 [0.]
0.007 1.60e-08 [1.35231081e-05]
0.010 1.60e-08 [1.34095427e-05]
0.020 1.60e-08 [3.82640702e-05]
0.040 1.60e-08 [0.00010348]
0.060 1.60e-08 [0.00012681]
0.080 1.60e-08 [9.31799182e-05]
0.100 1.60e-08 [4.15706476e-05]
0.120 1.60e-08 [5.31610551e-06]
0.001 3.20e-08 [0.]
0.002 3.20e-08 [0.]
0.003 3.20e-08 [0.]
0.004 3.20e-08 [5.438758e-05]
0.005 3.20e-08 [5.43069221e-05]
0.007 3.20e-08 [0.00010818]
0.010 3.20e-08 [0.00021455]
0.020 3.20e-08 [0.00066324]
0.040 3.20e-08 [0.00161424]
0.060 3.20e-08 [0.00197255]
0.080 3.20e-08 [0.00150579]
0.100 3.20e-08 [0.00066009]
0.120 3.20e-08 [8.50576882e-05]
0.001 6.30e-08 [0.]
0.002 6.30e-08 [0.00021122]
0.003 6.30e-08 [0.0004221]
0.004 6.30e-08 [0.00063241]
0.005 6.30e-08 [0.00084197]
0.007 6.30e-08 [0.00167729]
0.010 6.30e-08 [0.0033264]
0.020 6.30e-08 [0.01028287]
0.040 6.30e-08 [0.02502702]
0.060 6.30e-08 [0.03025457]
0.080 6.30e-08 [0.02311444]
0.100 6.30e-08 [0.01015587]
0.120 6.30e-08 [0.00130224]
0.001 1.26e-07 [0.00084521]
0.002 1.26e-07 [0.00253467]
0.003 1.26e-07 [0.00506516]
0.004 1.26e-07 [0.00927542]
0.005 1.26e-07 [0.01431348]
0.007 1.26e-07 [0.02683661]
0.010 1.26e-07 [0.05155927]
0.020 1.26e-07 [0.16452594]
0.040 1.26e-07 [0.39529853]
0.060 1.26e-07 [0.47620913]
0.080 1.26e-07 [0.36174104]
0.100 1.26e-07 [0.15811915]
0.120 1.26e-07 [0.020193]
0.001 2.51e-07 [0.01341625]
0.002 2.51e-07 [0.03688064]
0.003 2.51e-07 [0.0804006]
0.004 2.51e-07 [0.15392354]
0.005 2.51e-07 [0.2238605]
0.007 2.51e-07 [0.42265666]
0.010 2.51e-07 [0.80851397]
0.020 2.51e-07 [2.56134186]
0.040 2.51e-07 [6.05822344]
0.060 2.51e-07 [7.14983843]
0.080 2.51e-07 [5.33566872]
0.100 2.51e-07 [2.29037827]
0.120 2.51e-07 [0.28769102]
0.001 5.01e-07 [0.21380559]
0.002 5.01e-07 [0.60109945]
0.003 5.01e-07 [1.28128954]
0.004 5.01e-07 [2.41298046]
0.005 5.01e-07 [3.51426584]
0.007 5.01e-07 [6.61625983]
0.010 5.01e-07 [12.55604388]
0.020 5.01e-07 [38.5423358]
0.040 5.01e-07 [85.4566088]
0.060 5.01e-07 [94.14590532]
0.080 5.01e-07 [66.12662992]
0.100 5.01e-07 [26.80822913]
0.120 5.01e-07 [3.20321656]
0.001 1.00e-06 [3.35400864]
0.002 1.00e-06 [9.366364]
0.003 1.00e-06 [20.15300469]
0.004 1.00e-06 [37.44457412]
0.005 1.00e-06 [54.0947857]
0.007 1.00e-06 [100.10269492]
0.010 1.00e-06 [184.1716877]
0.020 1.00e-06 [507.04875331]
0.040 1.00e-06 [924.21839443]
0.060 1.00e-06 [858.00992279]
0.080 1.00e-06 [527.39833676]
0.100 1.00e-06 [192.50536276]
0.120 1.00e-06 [21.22704318]
0.001 1.99e-06 [52.54859496]
0.002 1.99e-06 [144.24184732]
0.003 1.99e-06 [304.75363063]
0.004 1.99e-06 [549.61544242]
0.005 1.99e-06 [774.01957278]
0.007 1.99e-06 [1347.66014442]
0.010 1.99e-06 [2267.61295799]
0.020 1.99e-06 [4783.11754126]
0.040 1.99e-06 [6115.18954421]
0.060 1.99e-06 [4584.52559959]
0.080 1.99e-06 [2431.67219612]
0.100 1.99e-06 [804.11187418]
0.120 1.99e-06 [81.91376784]
0.001 3.98e-06 [806.61422172]
0.002 3.98e-06 [2084.9285933]
0.003 3.98e-06 [4163.8953419]
0.004 3.98e-06 [6900.68252578]
0.005 3.98e-06 [9167.37297932]
0.007 3.98e-06 [14178.54792138]
0.010 3.98e-06 [20123.74883285]
0.020 3.98e-06 [29296.22220405]
0.040 3.98e-06 [24841.2338758]
0.060 3.98e-06 [14750.73866549]
0.080 3.98e-06 [6620.6810169]
0.100 3.98e-06 [1912.2973244]
0.120 3.98e-06 [175.18400389]
0.001 7.94e-06 [11393.27542228]
0.002 7.94e-06 [26179.11875316]
0.003 7.94e-06 [46162.37610623]
0.004 7.94e-06 [65752.48561779]
0.005 7.94e-06 [80193.29050324]
0.007 7.94e-06 [104739.04406345]
0.010 7.94e-06 [122115.08686033]
0.020 7.94e-06 [117713.88626188]
0.040 7.94e-06 [61089.79988175]
0.060 7.94e-06 [25233.90184436]
0.080 7.94e-06 [8553.70844337]
0.100 7.94e-06 [1920.48944955]
0.120 7.94e-06 [143.75678161]
0.001 1.58e-05 [134117.3580087]
0.002 1.58e-05 [255673.81166383]
0.003 1.58e-05 [374980.44701544]
0.004 1.58e-05 [444297.45522334]
0.005 1.58e-05 [488759.07976712]
0.007 1.58e-05 [511734.71894333]
0.010 1.58e-05 [483806.12489917]
0.020 1.58e-05 [286520.27150445]
0.040 1.58e-05 [72758.53347577]
0.060 1.58e-05 [16451.70131995]
0.080 1.58e-05 [3057.40068763]
0.100 1.58e-05 [442.50648766]
0.120 1.58e-05 [22.03860346]
0.001 3.16e-05 [1202828.37852472]
0.002 3.16e-05 [1756537.37610471]
0.003 3.16e-05 [2042607.67041146]
0.004 3.16e-05 [2024903.70703943]
0.005 3.16e-05 [1955607.16761623]
0.007 3.16e-05 [1623324.15717489]
0.010 3.16e-05 [1168375.2944581]
0.020 3.16e-05 [327790.20148944]
0.040 3.16e-05 [26152.53662374]
0.060 3.16e-05 [1953.86526952]
0.080 3.16e-05 [87.35740753]
0.100 3.16e-05 [4.92083747]
0.120 3.16e-05 [0.]
0.001 6.31e-05 [7587278.87033716]
0.002 6.31e-05 [8145838.07698317]
0.003 6.31e-05 [7179107.58403236]
0.004 6.31e-05 [5889247.69478292]
0.005 6.31e-05 [4742077.42430255]
0.007 6.31e-05 [2901725.66826103]
0.010 6.31e-05 [1364440.42312948]
0.020 6.31e-05 [112861.51266559]
0.040 6.31e-05 [482.75670292]
0.060 6.31e-05 [0.]
0.080 6.31e-05 [0.]
0.100 6.31e-05 [0.]
0.120 6.31e-05 [0.]
0.001 1.26e-04 [31370720.79977303]
0.002 1.26e-04 [23958317.89067668]
0.003 1.26e-04 [14908419.15509478]
0.004 1.26e-04 [9087947.71881685]
0.005 1.26e-04 [5508058.78276733]
0.007 1.26e-04 [2113981.11497236]
0.010 1.26e-04 [469056.99279058]
0.020 1.26e-04 [3948.23609615]
0.040 1.26e-04 [0.]
0.060 1.26e-04 [0.]
0.080 1.26e-04 [0.]
0.100 1.26e-04 [0.]
0.120 1.26e-04 [0.]
0.001 2.51e-04 [80944592.1420312]
0.002 2.51e-04 [37661498.70757461]
0.003 2.51e-04 [13688693.30110794]
0.004 2.51e-04 [5244636.03159186]
0.005 2.51e-04 [1853814.31568897]
0.007 2.51e-04 [323302.8428366]
0.010 2.51e-04 [13220.11480867]
0.020 2.51e-04 [0.]
0.040 2.51e-04 [0.]
0.060 2.51e-04 [0.]
0.080 2.51e-04 [0.]
0.100 2.51e-04 [0.]
0.120 2.51e-04 [0.]
0.001 5.01e-04 [1.04936573e+08]
0.002 5.01e-04 [21455221.16449764]
0.003 5.01e-04 [3232328.98881031]
0.004 5.01e-04 [493629.4906754]
0.005 5.01e-04 [66607.76055891]
0.007 5.01e-04 [0.]
0.010 5.01e-04 [0.]
0.020 5.01e-04 [0.]
0.040 5.01e-04 [0.]
0.060 5.01e-04 [0.]
0.080 5.01e-04 [0.]
0.100 5.01e-04 [0.]
0.120 5.01e-04 [0.]
0.001 1.00e-03 [43868303.47533329]
0.002 1.00e-03 [2181937.06877203]
0.003 1.00e-03 [53174.15486464]
0.004 1.00e-03 [0.]
0.005 1.00e-03 [0.]
0.007 1.00e-03 [0.]
0.010 1.00e-03 [0.]
0.020 1.00e-03 [0.]
0.040 1.00e-03 [0.]
0.060 1.00e-03 [0.]
0.080 1.00e-03 [0.]
0.100 1.00e-03 [0.]
0.120 1.00e-03 [0.]
