0.001 1.00e-09 [0.]
0.002 1.00e-09 [0.]
0.003 1.00e-09 [0.]
0.004 1.00e-09 [0.]
0.005 1.00e-09 [0.]
0.007 1.00e-09 [0.]
0.010 1.00e-09 [0.]
0.020 1.00e-09 [0.]
0.040 1.00e-09 [0.]
0.060 1.00e-09 [0.]
0.080 1.00e-09 [0.]
0.100 1.00e-09 [0.]
0.120 1.00e-09 [0.]
0.140 1.00e-09 [0.]
0.160 1.00e-09 [0.]
0.180 1.00e-09 [0.]
0.200 1.00e-09 [0.]
0.220 1.00e-09 [0.]
0.250 1.00e-09 [0.]
0.270 1.00e-09 [0.]
0.290 1.00e-09 [0.]
0.310 1.00e-09 [0.]
0.330 1.00e-09 [0.]
0.350 1.00e-09 [0.]
0.370 1.00e-09 [0.]
0.390 1.00e-09 [0.]
0.410 1.00e-09 [0.]
0.430 1.00e-09 [0.]
0.450 1.00e-09 [0.]
0.470 1.00e-09 [0.]
0.490 1.00e-09 [0.]
0.510 1.00e-09 [0.]
0.530 1.00e-09 [0.]
0.550 1.00e-09 [0.]
0.570 1.00e-09 [0.]
0.590 1.00e-09 [3.75767944e-10]
0.610 1.00e-09 [4.59700667e-10]
0.630 1.00e-09 [5.81760026e-10]
0.650 1.00e-09 [7.51425268e-10]
0.670 1.00e-09 [1.00588642e-09]
0.690 1.00e-09 [1.52550382e-09]
0.710 1.00e-09 [5.08252049e-09]
0.730 1.00e-09 [1.05935464e-08]
0.750 1.00e-09 [1.8022152e-07]
0.770 1.00e-09 [4.76159183e-07]
0.790 1.00e-09 [2.98462895e-07]
0.810 1.00e-09 [9.58351476e-09]
0.830 1.00e-09 [6.34974082e-09]
0.850 1.00e-09 [3.3857315e-09]
0.870 1.00e-09 [2.56042597e-09]
0.890 1.00e-09 [8.99577013e-10]
0.910 1.00e-09 [7.33251285e-10]
0.930 1.00e-09 [5.71745807e-10]
0.950 1.00e-09 [4.92634958e-10]
0.970 1.00e-09 [4.13524109e-10]
0.990 1.00e-09 [3.68241878e-10]
1.010 1.00e-09 [6.54836477e-10]
1.030 1.00e-09 [8.95022388e-10]
1.050 1.00e-09 [5.53528702e-10]
1.070 1.00e-09 [5.15156916e-10]
1.090 1.00e-09 [4.92726839e-10]
1.110 1.00e-09 [4.70296762e-10]
1.130 1.00e-09 [4.54169611e-10]
1.150 1.00e-09 [4.40258312e-10]
1.170 1.00e-09 [4.25503329e-10]
1.190 1.00e-09 [4.05228743e-10]
1.210 1.00e-09 [3.84954157e-10]
1.230 1.00e-09 [3.57547009e-10]
1.250 1.00e-09 [3.19590034e-10]
1.270 1.00e-09 [2.81633059e-10]
1.290 1.00e-09 [2.42254689e-10]
1.310 1.00e-09 [2.01696996e-10]
1.330 1.00e-09 [2.41708955e-10]
1.350 1.00e-09 [1.9406446e-10]
1.370 1.00e-09 [1.56949284e-10]
1.390 1.00e-09 [1.19834109e-10]
1.410 1.00e-09 [9.13220915e-11]
1.430 1.00e-09 [7.44077663e-11]
1.450 1.00e-09 [5.74934411e-11]
1.470 1.00e-09 [5.60770797e-11]
1.490 1.00e-09 [4.67329446e-11]
0.001 2.00e-09 [0.]
0.002 2.00e-09 [0.]
0.003 2.00e-09 [0.]
0.004 2.00e-09 [0.]
0.005 2.00e-09 [0.]
0.007 2.00e-09 [0.]
0.010 2.00e-09 [0.]
0.020 2.00e-09 [0.]
0.040 2.00e-09 [0.]
0.060 2.00e-09 [0.]
0.080 2.00e-09 [0.]
0.100 2.00e-09 [0.]
0.120 2.00e-09 [0.]
0.140 2.00e-09 [0.]
0.160 2.00e-09 [0.]
0.180 2.00e-09 [0.]
0.200 2.00e-09 [0.]
0.220 2.00e-09 [0.]
0.250 2.00e-09 [0.]
0.270 2.00e-09 [0.]
0.290 2.00e-09 [0.]
0.310 2.00e-09 [0.]
0.330 2.00e-09 [0.]
0.350 2.00e-09 [4.31056319e-10]
0.370 2.00e-09 [4.54913549e-10]
0.390 2.00e-09 [4.83139391e-10]
0.410 2.00e-09 [5.17159176e-10]
0.430 2.00e-09 [5.57704362e-10]
0.450 2.00e-09 [6.06600029e-10]
0.470 2.00e-09 [6.67030827e-10]
0.490 2.00e-09 [7.37928884e-10]
0.510 2.00e-09 [8.27635949e-10]
0.530 2.00e-09 [9.40744634e-10]
0.550 2.00e-09 [2.16958385e-09]
0.570 2.00e-09 [2.53863767e-09]
0.590 2.00e-09 [3.00614355e-09]
0.610 2.00e-09 [5.516408e-09]
0.630 2.00e-09 [6.98112031e-09]
0.650 2.00e-09 [1.20228043e-08]
0.670 2.00e-09 [1.60941827e-08]
0.690 2.00e-09 [3.66120916e-08]
0.710 2.00e-09 [7.11552868e-08]
0.730 2.00e-09 [1.90683835e-07]
0.750 2.00e-09 [2.64324896e-06]
0.770 2.00e-09 [8.88830475e-06]
0.790 2.00e-09 [5.17335685e-06]
0.810 2.00e-09 [1.91670295e-07]
0.830 2.00e-09 [1.01595853e-07]
0.850 2.00e-09 [4.7400241e-08]
0.870 2.00e-09 [3.07251116e-08]
0.890 2.00e-09 [2.15898483e-08]
0.910 2.00e-09 [1.75980308e-08]
0.930 2.00e-09 [1.14349161e-08]
0.950 2.00e-09 [9.85269916e-09]
0.970 2.00e-09 [8.27048217e-09]
0.990 2.00e-09 [7.36483755e-09]
1.010 2.00e-09 [1.04773836e-08]
1.030 2.00e-09 [1.19336318e-08]
1.050 2.00e-09 [6.64234443e-09]
1.070 2.00e-09 [6.18188299e-09]
1.090 2.00e-09 [5.91272206e-09]
1.110 2.00e-09 [5.64356114e-09]
1.130 2.00e-09 [6.35837456e-09]
1.150 2.00e-09 [6.16361637e-09]
1.170 2.00e-09 [5.9570466e-09]
1.190 2.00e-09 [5.6732024e-09]
1.210 2.00e-09 [6.15926651e-09]
1.230 2.00e-09 [5.72075215e-09]
1.250 2.00e-09 [5.11344054e-09]
1.270 2.00e-09 [5.06939506e-09]
1.290 2.00e-09 [4.36058439e-09]
1.310 2.00e-09 [4.03393992e-09]
1.330 2.00e-09 [3.22278606e-09]
1.350 2.00e-09 [2.84627875e-09]
1.370 2.00e-09 [2.30192284e-09]
1.390 2.00e-09 [1.91734574e-09]
1.410 2.00e-09 [1.58291625e-09]
1.430 2.00e-09 [1.28973462e-09]
1.450 2.00e-09 [1.0732109e-09]
1.470 2.00e-09 [8.41156195e-10]
1.490 2.00e-09 [7.00994168e-10]
0.001 4.00e-09 [0.]
0.002 4.00e-09 [0.]
0.003 4.00e-09 [0.]
0.004 4.00e-09 [0.]
0.005 4.00e-09 [0.]
0.007 4.00e-09 [0.]
0.010 4.00e-09 [0.]
0.020 4.00e-09 [0.]
0.040 4.00e-09 [0.]
0.060 4.00e-09 [0.]
0.080 4.00e-09 [0.]
0.100 4.00e-09 [0.]
0.120 4.00e-09 [0.]
0.140 4.00e-09 [0.]
0.160 4.00e-09 [0.]
0.180 4.00e-09 [0.]
0.200 4.00e-09 [0.]
0.220 4.00e-09 [1.37739293e-09]
0.250 4.00e-09 [1.42540423e-09]
0.270 4.00e-09 [1.4657677e-09]
0.290 4.00e-09 [1.51707962e-09]
0.310 4.00e-09 [3.14815229e-09]
0.330 4.00e-09 [3.28624478e-09]
0.350 4.00e-09 [3.44845055e-09]
0.370 4.00e-09 [3.6393084e-09]
0.390 4.00e-09 [5.7976727e-09]
0.410 4.00e-09 [6.20591012e-09]
0.430 4.00e-09 [6.69245234e-09]
0.450 4.00e-09 [9.70560047e-09]
0.470 4.00e-09 [1.06724932e-08]
0.490 4.00e-09 [1.47585777e-08]
0.510 4.00e-09 [1.6552719e-08]
0.530 4.00e-09 [2.25778712e-08]
0.550 4.00e-09 [3.03741738e-08]
0.570 4.00e-09 [3.55409274e-08]
0.590 4.00e-09 [5.4110584e-08]
0.610 4.00e-09 [7.35521067e-08]
0.630 4.00e-09 [1.11697925e-07]
0.650 4.00e-09 [1.80342064e-07]
0.670 4.00e-09 [2.89695289e-07]
0.690 4.00e-09 [5.61385404e-07]
0.710 4.00e-09 [1.17914475e-06]
0.730 4.00e-09 [3.13568973e-06]
0.750 4.00e-09 [4.32531649e-05]
0.770 4.00e-09 [0.00013713]
0.790 4.00e-09 [8.43655118e-05]
0.810 4.00e-09 [2.9900566e-06]
0.830 4.00e-09 [1.67633158e-06]
0.850 4.00e-09 [7.58403856e-07]
0.870 4.00e-09 [5.32568601e-07]
0.890 4.00e-09 [3.31044341e-07]
0.910 4.00e-09 [2.58104452e-07]
0.930 4.00e-09 [1.92106591e-07]
0.950 4.00e-09 [1.65525346e-07]
0.970 4.00e-09 [1.389441e-07]
0.990 4.00e-09 [1.23729271e-07]
1.010 4.00e-09 [1.7287683e-07]
1.030 4.00e-09 [1.95711562e-07]
1.050 4.00e-09 [1.1513397e-07]
1.070 4.00e-09 [1.03031383e-07]
1.090 4.00e-09 [9.85453677e-08]
1.110 4.00e-09 [9.78217264e-08]
1.130 4.00e-09 [9.44672792e-08]
1.150 4.00e-09 [9.50957955e-08]
1.170 4.00e-09 [9.53127456e-08]
1.190 4.00e-09 [9.40130684e-08]
1.210 4.00e-09 [9.54686309e-08]
1.230 4.00e-09 [9.15320343e-08]
1.250 4.00e-09 [8.4371769e-08]
1.270 4.00e-09 [7.88572565e-08]
1.290 4.00e-09 [7.17073878e-08]
1.310 4.00e-09 [6.13158867e-08]
1.330 4.00e-09 [5.1564577e-08]
1.350 4.00e-09 [4.34704391e-08]
1.370 4.00e-09 [3.76678282e-08]
1.390 4.00e-09 [3.00384165e-08]
1.410 4.00e-09 [2.43525577e-08]
1.430 4.00e-09 [2.06357539e-08]
1.450 4.00e-09 [1.68647427e-08]
1.470 4.00e-09 [1.32341908e-08]
1.490 4.00e-09 [1.14028385e-08]
0.001 8.00e-09 [0.]
0.002 8.00e-09 [0.]
0.003 8.00e-09 [0.]
0.004 8.00e-09 [0.]
0.005 8.00e-09 [0.]
0.007 8.00e-09 [0.]
0.010 8.00e-09 [0.]
0.020 8.00e-09 [0.]
0.040 8.00e-09 [0.]
0.060 8.00e-09 [0.]
0.080 8.00e-09 [0.]
0.100 8.00e-09 [0.]
0.120 8.00e-09 [5.15340928e-09]
0.140 8.00e-09 [5.19248813e-09]
0.160 8.00e-09 [5.25657482e-09]
0.180 8.00e-09 [5.33158378e-09]
0.200 8.00e-09 [5.41075072e-09]
0.220 8.00e-09 [1.10191435e-08]
0.250 8.00e-09 [2.28064676e-08]
0.270 8.00e-09 [2.34522832e-08]
0.290 8.00e-09 [3.6409911e-08]
0.310 8.00e-09 [3.77778275e-08]
0.330 8.00e-09 [4.6007427e-08]
0.350 8.00e-09 [5.51752088e-08]
0.370 8.00e-09 [6.55075511e-08]
0.390 8.00e-09 [8.50325329e-08]
0.410 8.00e-09 [9.92945619e-08]
0.430 8.00e-09 [1.24925777e-07]
0.450 8.00e-09 [1.45584007e-07]
0.470 8.00e-09 [1.81432385e-07]
0.490 8.00e-09 [2.24330381e-07]
0.510 8.00e-09 [2.78085679e-07]
0.530 8.00e-09 [3.61245939e-07]
0.550 8.00e-09 [4.68630111e-07]
0.570 8.00e-09 [6.09273041e-07]
0.590 8.00e-09 [8.41720195e-07]
0.610 8.00e-09 [1.17683371e-06]
0.630 8.00e-09 [1.74993416e-06]
0.650 8.00e-09 [2.78929059e-06]
0.670 8.00e-09 [4.57074789e-06]
0.690 8.00e-09 [8.78690198e-06]
0.710 8.00e-09 [1.90289567e-05]
0.730 8.00e-09 [5.01710357e-05]
0.750 8.00e-09 [0.00068436]
0.770 8.00e-09 [0.0022043]
0.790 8.00e-09 [0.00134348]
0.810 8.00e-09 [4.72275607e-05]
0.830 8.00e-09 [2.66181135e-05]
0.850 8.00e-09 [1.22428051e-05]
0.870 8.00e-09 [8.35723036e-06]
0.890 8.00e-09 [5.29670945e-06]
0.910 8.00e-09 [4.12967124e-06]
0.930 8.00e-09 [3.07370546e-06]
0.950 8.00e-09 [2.6168769e-06]
0.970 8.00e-09 [2.19664006e-06]
0.990 8.00e-09 [2.00323581e-06]
1.010 8.00e-09 [2.72411975e-06]
1.030 8.00e-09 [3.11229118e-06]
1.050 8.00e-09 [1.80671768e-06]
1.070 8.00e-09 [1.61553209e-06]
1.090 8.00e-09 [1.57672588e-06]
1.110 8.00e-09 [1.53504863e-06]
1.130 8.00e-09 [1.52600989e-06]
1.150 8.00e-09 [1.52153273e-06]
1.170 8.00e-09 [1.51138782e-06]
1.190 8.00e-09 [1.50420909e-06]
1.210 8.00e-09 [1.50286103e-06]
1.230 8.00e-09 [1.46451255e-06]
1.250 8.00e-09 [1.3499483e-06]
1.270 8.00e-09 [1.27072836e-06]
1.290 8.00e-09 [1.12406175e-06]
1.310 8.00e-09 [9.87508492e-07]
1.330 8.00e-09 [8.19876774e-07]
1.350 8.00e-09 [6.91386983e-07]
1.370 8.00e-09 [5.99337e-07]
1.390 8.00e-09 [4.75501743e-07]
1.410 8.00e-09 [3.87692719e-07]
1.430 8.00e-09 [3.28584696e-07]
1.450 8.00e-09 [2.68609357e-07]
1.470 8.00e-09 [2.09952586e-07]
1.490 8.00e-09 [1.80949961e-07]
0.001 1.60e-08 [0.]
0.002 1.60e-08 [0.]
0.003 1.60e-08 [0.]
0.004 1.60e-08 [0.]
0.005 1.60e-08 [0.]
0.007 1.60e-08 [0.]
0.010 1.60e-08 [0.]
0.020 1.60e-08 [0.]
0.040 1.60e-08 [0.]
0.060 1.60e-08 [2.03504515e-08]
0.080 1.60e-08 [2.04114413e-08]
0.100 1.60e-08 [2.04969277e-08]
0.120 1.60e-08 [4.12272742e-08]
0.140 1.60e-08 [6.23098576e-08]
0.160 1.60e-08 [8.41051972e-08]
0.180 1.60e-08 [8.53053404e-08]
0.200 1.60e-08 [1.08215014e-07]
0.220 1.60e-08 [1.98344583e-07]
0.250 1.60e-08 [3.42097014e-07]
0.270 1.60e-08 [4.22141098e-07]
0.290 1.60e-08 [5.58285301e-07]
0.310 1.60e-08 [6.29630458e-07]
0.330 1.60e-08 [7.6240879e-07]
0.350 1.60e-08 [9.10390946e-07]
0.370 1.60e-08 [1.10634975e-06]
0.390 1.60e-08 [1.29867868e-06]
0.410 1.60e-08 [1.58871299e-06]
0.430 1.60e-08 [1.92742628e-06]
0.450 1.60e-08 [2.32934411e-06]
0.470 1.60e-08 [2.86022819e-06]
0.490 1.60e-08 [3.54205864e-06]
0.510 1.60e-08 [4.39640216e-06]
0.530 1.60e-08 [5.65951972e-06]
0.550 1.60e-08 [7.42865509e-06]
0.570 1.60e-08 [9.58589585e-06]
0.590 1.60e-08 [1.31789333e-05]
0.610 1.60e-08 [1.88293393e-05]
0.630 1.60e-08 [2.81478771e-05]
0.650 1.60e-08 [4.48210144e-05]
0.670 1.60e-08 [7.28744594e-05]
0.690 1.60e-08 [0.00013981]
0.710 1.60e-08 [0.00030251]
0.730 1.60e-08 [0.00079596]
0.750 1.60e-08 [0.01085751]
0.770 1.60e-08 [0.0349031]
0.790 1.60e-08 [0.02126648]
0.810 1.60e-08 [0.00074705]
0.830 1.60e-08 [0.00042183]
0.850 1.60e-08 [0.00019502]
0.870 1.60e-08 [0.0001324]
0.890 1.60e-08 [8.45170595e-05]
0.910 1.60e-08 [6.60747398e-05]
0.930 1.60e-08 [4.88865535e-05]
0.950 1.60e-08 [4.13655721e-05]
0.970 1.60e-08 [3.50403789e-05]
0.990 1.60e-08 [3.16746934e-05]
1.010 1.60e-08 [4.34182778e-05]
1.030 1.60e-08 [4.93384075e-05]
1.050 1.60e-08 [2.87657796e-05]
1.070 1.60e-08 [2.57166332e-05]
1.090 1.60e-08 [2.51014761e-05]
1.110 1.60e-08 [2.44403821e-05]
1.130 1.60e-08 [2.42998909e-05]
1.150 1.60e-08 [2.42318175e-05]
1.170 1.60e-08 [2.39643475e-05]
1.190 1.60e-08 [2.38598684e-05]
1.210 1.60e-08 [2.39472282e-05]
1.230 1.60e-08 [2.32491367e-05]
1.250 1.60e-08 [2.13537277e-05]
1.270 1.60e-08 [2.01514086e-05]
1.290 1.60e-08 [1.78919623e-05]
1.310 1.60e-08 [1.56710498e-05]
1.330 1.60e-08 [1.30148992e-05]
1.350 1.60e-08 [1.09628307e-05]
1.370 1.60e-08 [9.50903397e-06]
1.390 1.60e-08 [7.55689866e-06]
1.410 1.60e-08 [6.13294814e-06]
1.430 1.60e-08 [5.21925836e-06]
1.450 1.60e-08 [4.25359475e-06]
1.470 1.60e-08 [3.33052992e-06]
1.490 1.60e-08 [2.8682812e-06]
0.001 3.20e-08 [0.]
0.002 3.20e-08 [0.]
0.003 3.20e-08 [0.]
0.004 3.20e-08 [0.]
0.005 3.20e-08 [0.]
0.007 3.20e-08 [0.]
0.010 3.20e-08 [0.]
0.020 3.20e-08 [0.]
0.040 3.20e-08 [8.17226686e-08]
0.060 3.20e-08 [1.62803612e-07]
0.080 3.20e-08 [3.26583061e-07]
0.100 3.20e-08 [4.91926266e-07]
0.120 3.20e-08 [6.59636388e-07]
0.140 3.20e-08 [9.13877911e-07]
0.160 3.20e-08 [1.17747276e-06]
0.180 3.20e-08 [1.53549613e-06]
0.200 3.20e-08 [1.90458425e-06]
0.220 3.20e-08 [3.26166647e-06]
0.250 3.20e-08 [5.29110049e-06]
0.270 3.20e-08 [6.66044843e-06]
0.290 3.20e-08 [8.83547173e-06]
0.310 3.20e-08 [9.97334646e-06]
0.330 3.20e-08 [1.1988221e-05]
0.350 3.20e-08 [1.44559047e-05]
0.370 3.20e-08 [1.74686803e-05]
0.390 3.20e-08 [2.06551753e-05]
0.410 3.20e-08 [2.52870151e-05]
0.430 3.20e-08 [3.06960481e-05]
0.450 3.20e-08 [3.72695058e-05]
0.470 3.20e-08 [4.54221312e-05]
0.490 3.20e-08 [5.62951187e-05]
0.510 3.20e-08 [7.03424346e-05]
0.530 3.20e-08 [8.98298236e-05]
0.550 3.20e-08 [0.00011747]
0.570 3.20e-08 [0.0001524]
0.590 3.20e-08 [0.00020971]
0.610 3.20e-08 [0.00029797]
0.630 3.20e-08 [0.0004456]
0.650 3.20e-08 [0.00070944]
0.670 3.20e-08 [0.00115569]
0.690 3.20e-08 [0.00221039]
0.710 3.20e-08 [0.00477513]
0.730 3.20e-08 [0.01253462]
0.750 3.20e-08 [0.17064431]
0.770 3.20e-08 [0.54658503]
0.790 3.20e-08 [0.33323422]
0.810 3.20e-08 [0.0117615]
0.830 3.20e-08 [0.00664518]
0.850 3.20e-08 [0.00307522]
0.870 3.20e-08 [0.00209357]
0.890 3.20e-08 [0.00133753]
0.910 3.20e-08 [0.00104368]
0.930 3.20e-08 [0.00077399]
0.950 3.20e-08 [0.00065529]
0.970 3.20e-08 [0.00055429]
0.990 3.20e-08 [0.00050114]
1.010 3.20e-08 [0.00068396]
1.030 3.20e-08 [0.00077567]
1.050 3.20e-08 [0.00045487]
1.070 3.20e-08 [0.00040645]
1.090 3.20e-08 [0.00039633]
1.110 3.20e-08 [0.00038599]
1.130 3.20e-08 [0.00038368]
1.150 3.20e-08 [0.00038275]
1.170 3.20e-08 [0.00037798]
1.190 3.20e-08 [0.00037657]
1.210 3.20e-08 [0.00037764]
1.230 3.20e-08 [0.00036649]
1.250 3.20e-08 [0.00033659]
1.270 3.20e-08 [0.00031752]
1.290 3.20e-08 [0.00028181]
1.310 3.20e-08 [0.00024661]
1.330 3.20e-08 [0.00020469]
1.350 3.20e-08 [0.00017223]
1.370 3.20e-08 [0.00014931]
1.390 3.20e-08 [0.00011858]
1.410 3.20e-08 [9.616338e-05]
1.430 3.20e-08 [8.17302842e-05]
1.450 3.20e-08 [6.65660594e-05]
1.470 3.20e-08 [5.20251742e-05]
1.490 3.20e-08 [4.4791845e-05]
0.001 6.30e-08 [0.]
0.002 6.30e-08 [0.]
0.003 6.30e-08 [0.]
0.004 6.30e-08 [0.]
0.005 6.30e-08 [0.]
0.007 6.30e-08 [0.]
0.010 6.30e-08 [0.]
0.020 6.30e-08 [3.16574503e-07]
0.040 6.30e-08 [1.26702059e-06]
0.060 6.30e-08 [2.52409194e-06]
0.080 6.30e-08 [4.43039901e-06]
0.100 6.30e-08 [6.99121381e-06]
0.120 6.30e-08 [1.02269407e-05]
0.140 6.30e-08 [1.38466621e-05]
0.160 6.30e-08 [1.82554273e-05]
0.180 6.30e-08 [2.3144905e-05]
0.200 6.30e-08 [2.91929446e-05]
0.220 6.30e-08 [5.02268916e-05]
0.250 6.30e-08 [8.13255473e-05]
0.270 6.30e-08 [0.00010254]
0.290 6.30e-08 [0.00013661]
0.310 6.30e-08 [0.00015306]
0.330 6.30e-08 [0.00018383]
0.350 6.30e-08 [0.00022241]
0.370 6.30e-08 [0.00026812]
0.390 6.30e-08 [0.00031736]
0.410 6.30e-08 [0.00038948]
0.430 6.30e-08 [0.00047093]
0.450 6.30e-08 [0.00057241]
0.470 6.30e-08 [0.00069694]
0.490 6.30e-08 [0.00086328]
0.510 6.30e-08 [0.00107826]
0.530 6.30e-08 [0.00137498]
0.550 6.30e-08 [0.00179972]
0.570 6.30e-08 [0.0023313]
0.590 6.30e-08 [0.00320358]
0.610 6.30e-08 [0.00454496]
0.630 6.30e-08 [0.00677462]
0.650 6.30e-08 [0.01075456]
0.670 6.30e-08 [0.01744263]
0.690 6.30e-08 [0.03319806]
0.710 6.30e-08 [0.07109806]
0.730 6.30e-08 [0.18491737]
0.750 6.30e-08 [2.49329463]
0.770 6.30e-08 [7.89338125]
0.790 6.30e-08 [4.82013428]
0.810 6.30e-08 [0.17314429]
0.830 6.30e-08 [0.09854029]
0.850 6.30e-08 [0.04583691]
0.870 6.30e-08 [0.03129998]
0.890 6.30e-08 [0.02005506]
0.910 6.30e-08 [0.01566892]
0.930 6.30e-08 [0.01163449]
0.950 6.30e-08 [0.00985455]
0.970 6.30e-08 [0.00833276]
0.990 6.30e-08 [0.00753284]
1.010 6.30e-08 [0.01012978]
1.030 6.30e-08 [0.01137579]
1.050 6.30e-08 [0.00679518]
1.070 6.30e-08 [0.00608081]
1.090 6.30e-08 [0.00592655]
1.110 6.30e-08 [0.00576688]
1.130 6.30e-08 [0.00572686]
1.150 6.30e-08 [0.00570696]
1.170 6.30e-08 [0.00563222]
1.190 6.30e-08 [0.0056035]
1.210 6.30e-08 [0.00560657]
1.230 6.30e-08 [0.0054302]
1.250 6.30e-08 [0.00498312]
1.270 6.30e-08 [0.00468694]
1.290 6.30e-08 [0.00415324]
1.310 6.30e-08 [0.00362482]
1.330 6.30e-08 [0.0030037]
1.350 6.30e-08 [0.00252152]
1.370 6.30e-08 [0.00217673]
1.390 6.30e-08 [0.00172492]
1.410 6.30e-08 [0.00139329]
1.430 6.30e-08 [0.0011811]
1.450 6.30e-08 [0.00095848]
1.470 6.30e-08 [0.00074528]
1.490 6.30e-08 [0.00064006]
0.001 1.26e-07 [0.]
0.002 1.26e-07 [0.]
0.003 1.26e-07 [0.]
0.004 1.26e-07 [0.]
0.005 1.26e-07 [0.]
0.007 1.26e-07 [0.]
0.010 1.26e-07 [1.26613026e-06]
0.020 1.26e-07 [5.06519205e-06]
0.040 1.26e-07 [1.77382883e-05]
0.060 1.26e-07 [4.0385471e-05]
0.080 1.26e-07 [7.21522124e-05]
0.100 1.26e-07 [0.00011313]
0.120 1.26e-07 [0.00016235]
0.140 1.26e-07 [0.00022026]
0.160 1.26e-07 [0.00029209]
0.180 1.26e-07 [0.000369]
0.200 1.26e-07 [0.00046172]
0.220 1.26e-07 [0.0007968]
0.250 1.26e-07 [0.00128989]
0.270 1.26e-07 [0.00162457]
0.290 1.26e-07 [0.00216164]
0.310 1.26e-07 [0.00242247]
0.330 1.26e-07 [0.00290372]
0.350 1.26e-07 [0.00351069]
0.370 1.26e-07 [0.00422138]
0.390 1.26e-07 [0.00499146]
0.410 1.26e-07 [0.00611471]
0.430 1.26e-07 [0.0073799]
0.450 1.26e-07 [0.00895385]
0.470 1.26e-07 [0.01087835]
0.490 1.26e-07 [0.01343752]
0.510 1.26e-07 [0.01674635]
0.530 1.26e-07 [0.02128275]
0.550 1.26e-07 [0.02774489]
0.570 1.26e-07 [0.03582973]
0.590 1.26e-07 [0.0489485]
0.610 1.26e-07 [0.06898266]
0.630 1.26e-07 [0.1019195]
0.650 1.26e-07 [0.15963035]
0.670 1.26e-07 [0.25490441]
0.690 1.26e-07 [0.47447244]
0.710 1.26e-07 [0.98429813]
0.730 1.26e-07 [2.46892853]
0.750 1.26e-07 [32.1312407]
0.770 1.26e-07 [97.31348457]
0.790 1.26e-07 [59.76697992]
0.810 1.26e-07 [2.29439003]
0.830 1.26e-07 [1.34171054]
0.850 1.26e-07 [0.63663719]
0.870 1.26e-07 [0.44061833]
0.890 1.26e-07 [0.28534806]
0.910 1.26e-07 [0.22395143]
0.930 1.26e-07 [0.16718993]
0.950 1.26e-07 [0.14181951]
0.970 1.26e-07 [0.11983293]
0.990 1.26e-07 [0.10811393]
1.010 1.26e-07 [0.13755711]
1.030 1.26e-07 [0.14861586]
1.050 1.26e-07 [0.09540059]
1.070 1.26e-07 [0.08581838]
1.090 1.26e-07 [0.08343903]
1.110 1.26e-07 [0.08098091]
1.130 1.26e-07 [0.08010751]
1.150 1.26e-07 [0.07954447]
1.170 1.26e-07 [0.07825667]
1.190 1.26e-07 [0.07735856]
1.210 1.26e-07 [0.0767639]
1.230 1.26e-07 [0.07386153]
1.250 1.26e-07 [0.06750199]
1.270 1.26e-07 [0.06274668]
1.290 1.26e-07 [0.05529061]
1.310 1.26e-07 [0.04783359]
1.330 1.26e-07 [0.03932538]
1.350 1.26e-07 [0.03272604]
1.370 1.26e-07 [0.02783176]
1.390 1.26e-07 [0.02186591]
1.410 1.26e-07 [0.01740037]
1.430 1.26e-07 [0.01460596]
1.450 1.26e-07 [0.01169162]
1.470 1.26e-07 [0.00892327]
1.490 1.26e-07 [0.00759553]
0.001 2.51e-07 [0.]
0.002 2.51e-07 [0.]
0.003 2.51e-07 [0.]
0.004 2.51e-07 [5.02422312e-06]
0.005 2.51e-07 [5.02424267e-06]
0.007 2.51e-07 [1.00485897e-05]
0.010 2.51e-07 [2.00976246e-05]
0.020 2.51e-07 [7.03510062e-05]
0.040 2.51e-07 [0.00028659]
0.060 2.51e-07 [0.00063604]
0.080 2.51e-07 [0.00113022]
0.100 2.51e-07 [0.00177557]
0.120 2.51e-07 [0.00256185]
0.140 2.51e-07 [0.00347578]
0.160 2.51e-07 [0.00459498]
0.180 2.51e-07 [0.00580469]
0.200 2.51e-07 [0.00724908]
0.220 2.51e-07 [0.01244709]
0.250 2.51e-07 [0.02003705]
0.270 2.51e-07 [0.02513511]
0.290 2.51e-07 [0.03325501]
0.310 2.51e-07 [0.03716955]
0.330 2.51e-07 [0.04437055]
0.350 2.51e-07 [0.0533431]
0.370 2.51e-07 [0.06379001]
0.390 2.51e-07 [0.07503032]
0.410 2.51e-07 [0.09126091]
0.430 2.51e-07 [0.10936059]
0.450 2.51e-07 [0.13172241]
0.470 2.51e-07 [0.1587757]
0.490 2.51e-07 [0.19420143]
0.510 2.51e-07 [0.23976146]
0.530 2.51e-07 [0.30088807]
0.550 2.51e-07 [0.38637701]
0.570 2.51e-07 [0.49210527]
0.590 2.51e-07 [0.65739654]
0.610 2.51e-07 [0.90296482]
0.630 2.51e-07 [1.28994825]
0.650 2.51e-07 [1.92164733]
0.670 2.51e-07 [2.8957767]
0.690 2.51e-07 [4.96927789]
0.710 2.51e-07 [9.20490074]
0.730 2.51e-07 [20.37918162]
0.750 2.51e-07 [236.32877146]
0.770 2.51e-07 [622.03899381]
0.790 2.51e-07 [389.69545886]
0.810 2.51e-07 [18.49380802]
0.830 2.51e-07 [11.85398592]
0.850 2.51e-07 [6.03022403]
0.870 2.51e-07 [4.37471083]
0.890 2.51e-07 [2.94581424]
0.910 2.51e-07 [2.34899824]
0.930 2.51e-07 [1.7879164]
0.950 2.51e-07 [1.52559891]
0.970 2.51e-07 [1.2852707]
0.990 2.51e-07 [1.15202286]
1.010 2.51e-07 [1.20855494]
1.030 2.51e-07 [1.14949281]
1.050 2.51e-07 [0.94018979]
1.070 2.51e-07 [0.86144748]
1.090 2.51e-07 [0.83039661]
1.110 2.51e-07 [0.79835789]
1.130 2.51e-07 [0.77929317]
1.150 2.51e-07 [0.76475668]
1.170 2.51e-07 [0.74430011]
1.190 2.51e-07 [0.71982593]
1.210 2.51e-07 [0.69462789]
1.230 2.51e-07 [0.65326002]
1.250 2.51e-07 [0.5892661]
1.270 2.51e-07 [0.52666148]
1.290 2.51e-07 [0.45598374]
1.310 2.51e-07 [0.38324016]
1.330 2.51e-07 [0.30725853]
1.350 2.51e-07 [0.2489021]
1.370 2.51e-07 [0.20192866]
1.390 2.51e-07 [0.15455178]
1.410 2.51e-07 [0.11769312]
1.430 2.51e-07 [0.09588352]
1.450 2.51e-07 [0.0738036]
1.470 2.51e-07 [0.0533823]
1.490 2.51e-07 [0.04443273]
0.001 5.01e-07 [0.]
0.002 5.01e-07 [2.00168012e-05]
0.003 5.01e-07 [2.00168444e-05]
0.004 5.01e-07 [4.00338098e-05]
0.005 5.01e-07 [8.00679312e-05]
0.007 5.01e-07 [0.00014012]
0.010 5.01e-07 [0.00028025]
0.020 5.01e-07 [0.00112114]
0.040 5.01e-07 [0.00452717]
0.060 5.01e-07 [0.01005634]
0.080 5.01e-07 [0.01785147]
0.100 5.01e-07 [0.02799467]
0.120 5.01e-07 [0.04026053]
0.140 5.01e-07 [0.05445433]
0.160 5.01e-07 [0.07172206]
0.180 5.01e-07 [0.09022617]
0.200 5.01e-07 [0.11210723]
0.220 5.01e-07 [0.18915589]
0.250 5.01e-07 [0.29706745]
0.270 5.01e-07 [0.36705837]
0.290 5.01e-07 [0.47429588]
0.310 5.01e-07 [0.52567348]
0.330 5.01e-07 [0.61665325]
0.350 5.01e-07 [0.72656028]
0.370 5.01e-07 [0.85052625]
0.390 5.01e-07 [0.97969766]
0.410 5.01e-07 [1.16031653]
0.430 5.01e-07 [1.35301876]
0.450 5.01e-07 [1.58564469]
0.470 5.01e-07 [1.85436193]
0.490 5.01e-07 [2.18764391]
0.510 5.01e-07 [2.6081437]
0.530 5.01e-07 [3.12668684]
0.550 5.01e-07 [3.80223986]
0.570 5.01e-07 [4.61357125]
0.590 5.01e-07 [5.69907867]
0.610 5.01e-07 [7.17789042]
0.630 5.01e-07 [9.18042503]
0.650 5.01e-07 [11.69202913]
0.670 5.01e-07 [14.8803252]
0.690 5.01e-07 [20.47229091]
0.710 5.01e-07 [28.90967722]
0.730 5.01e-07 [49.37479898]
0.750 5.01e-07 [465.46111637]
0.770 5.01e-07 [971.31003564]
0.790 5.01e-07 [637.42238328]
0.810 5.01e-07 [43.39591378]
0.830 5.01e-07 [33.20186028]
0.850 5.01e-07 [19.78683037]
0.870 5.01e-07 [16.03717416]
0.890 5.01e-07 [11.91812322]
0.910 5.01e-07 [9.90079792]
0.930 5.01e-07 [7.91981846]
0.950 5.01e-07 [6.89136586]
0.970 5.01e-07 [5.74723099]
0.990 5.01e-07 [5.08563281]
1.010 5.01e-07 [3.47236676]
1.030 5.01e-07 [2.60498408]
1.050 5.01e-07 [3.46715431]
1.070 5.01e-07 [3.30865381]
1.090 5.01e-07 [3.12576016]
1.110 5.01e-07 [2.94274275]
1.130 5.01e-07 [2.79606207]
1.150 5.01e-07 [2.66875768]
1.170 5.01e-07 [2.54385774]
1.190 5.01e-07 [2.35043069]
1.210 5.01e-07 [2.15050935]
1.230 5.01e-07 [1.92767036]
1.250 5.01e-07 [1.69371057]
1.270 5.01e-07 [1.41062253]
1.290 5.01e-07 [1.18492982]
1.310 5.01e-07 [0.94364608]
1.330 5.01e-07 [0.72889986]
1.350 5.01e-07 [0.55904896]
1.370 5.01e-07 [0.42263655]
1.390 5.01e-07 [0.30901629]
1.410 5.01e-07 [0.22048611]
1.430 5.01e-07 [0.17047217]
1.450 5.01e-07 [0.12362962]
1.470 5.01e-07 [0.0837768]
1.490 5.01e-07 [0.06623353]
0.001 1.00e-06 [7.97478148e-05]
0.002 1.00e-06 [0.0001595]
0.003 1.00e-06 [0.00039874]
0.004 1.00e-06 [0.00071773]
0.005 1.00e-06 [0.00111648]
0.007 1.00e-06 [0.00223298]
0.010 1.00e-06 [0.00446607]
0.020 1.00e-06 [0.01786664]
0.040 1.00e-06 [0.07150734]
0.060 1.00e-06 [0.15787499]
0.080 1.00e-06 [0.27842482]
0.100 1.00e-06 [0.43267733]
0.120 1.00e-06 [0.6154298]
0.140 1.00e-06 [0.82154898]
0.160 1.00e-06 [1.06618122]
0.180 1.00e-06 [1.31931707]
0.200 1.00e-06 [1.60885291]
0.220 1.00e-06 [2.53621083]
0.250 1.00e-06 [3.62293211]
0.270 1.00e-06 [4.22993075]
0.290 1.00e-06 [5.00664721]
0.310 1.00e-06 [5.37930685]
0.330 1.00e-06 [5.92653708]
0.350 1.00e-06 [6.50054482]
0.370 1.00e-06 [7.06856046]
0.390 1.00e-06 [7.58951591]
0.410 1.00e-06 [8.21481494]
0.430 1.00e-06 [8.78203116]
0.450 1.00e-06 [9.43232716]
0.470 1.00e-06 [10.10034755]
0.490 1.00e-06 [10.74645834]
0.510 1.00e-06 [11.56124658]
0.530 1.00e-06 [12.30752686]
0.550 1.00e-06 [13.09560809]
0.570 1.00e-06 [14.23477608]
0.590 1.00e-06 [14.8240454]
0.610 1.00e-06 [15.69923747]
0.630 1.00e-06 [16.55281801]
0.650 1.00e-06 [16.34199672]
0.670 1.00e-06 [16.64037905]
0.690 1.00e-06 [16.66612919]
0.710 1.00e-06 [15.67195192]
0.730 1.00e-06 [18.01432563]
0.750 1.00e-06 [109.27431516]
0.770 1.00e-06 [145.38727057]
0.790 1.00e-06 [101.07943393]
0.810 1.00e-06 [14.69631988]
0.830 1.00e-06 [15.0869842]
0.850 1.00e-06 [11.68246655]
0.870 1.00e-06 [11.3196432]
0.890 1.00e-06 [9.642566]
0.910 1.00e-06 [8.74035532]
0.930 1.00e-06 [7.38867107]
0.950 1.00e-06 [6.52544265]
0.970 1.00e-06 [5.48829197]
0.990 1.00e-06 [4.76468166]
1.010 1.00e-06 [1.64363956]
1.030 1.00e-06 [0.78433795]
1.050 1.00e-06 [2.50776179]
1.070 1.00e-06 [2.4990262]
1.090 1.00e-06 [2.31483069]
1.110 1.00e-06 [2.15442947]
1.130 1.00e-06 [1.95065848]
1.150 1.00e-06 [1.73769956]
1.170 1.00e-06 [1.60648782]
1.190 1.00e-06 [1.38122217]
1.210 1.00e-06 [1.16102174]
1.230 1.00e-06 [0.98754484]
1.250 1.00e-06 [0.7791605]
1.270 1.00e-06 [0.58988044]
1.290 1.00e-06 [0.45168387]
1.310 1.00e-06 [0.32170671]
1.330 1.00e-06 [0.23397427]
1.350 1.00e-06 [0.15007652]
1.370 1.00e-06 [0.09830257]
1.390 1.00e-06 [0.06427103]
1.410 1.00e-06 [0.03820307]
1.430 1.00e-06 [0.02557147]
1.450 1.00e-06 [0.01558072]
1.470 1.00e-06 [0.00904243]
1.490 1.00e-06 [0.00587667]
0.001 1.99e-06 [0.00095219]
0.002 1.99e-06 [0.00285659]
0.003 1.99e-06 [0.00634799]
0.004 1.99e-06 [0.01142641]
0.005 1.99e-06 [0.01777448]
0.007 1.99e-06 [0.03491453]
0.010 1.99e-06 [0.07046542]
0.020 1.99e-06 [0.2822165]
0.040 1.99e-06 [1.1145813]
0.060 1.99e-06 [2.41150867]
0.080 1.99e-06 [4.13362029]
0.100 1.99e-06 [6.19357634]
0.120 1.99e-06 [8.43470397]
0.140 1.99e-06 [10.70704593]
0.160 1.99e-06 [13.11307807]
0.180 1.99e-06 [15.253747]
0.200 1.99e-06 [17.34806301]
0.220 1.99e-06 [21.40195566]
0.250 1.99e-06 [22.29545772]
0.270 1.99e-06 [21.79577649]
0.290 1.99e-06 [20.04583186]
0.310 1.99e-06 [19.84747567]
0.330 1.99e-06 [18.74350651]
0.350 1.99e-06 [17.42206957]
0.370 1.99e-06 [16.20774582]
0.390 1.99e-06 [15.38613921]
0.410 1.99e-06 [13.91260788]
0.430 1.99e-06 [13.09110182]
0.450 1.99e-06 [12.07926283]
0.470 1.99e-06 [11.54704985]
0.490 1.99e-06 [10.77209155]
0.510 1.99e-06 [9.6827476]
0.530 1.99e-06 [9.16108994]
0.550 1.99e-06 [8.11581869]
0.570 1.99e-06 [7.46421283]
0.590 1.99e-06 [6.13481096]
0.610 1.99e-06 [4.69663491]
0.630 1.99e-06 [3.55648427]
0.650 1.99e-06 [1.9708656]
0.670 1.99e-06 [1.06491852]
0.690 1.99e-06 [0.41286495]
0.710 1.99e-06 [0.09102851]
0.730 1.99e-06 [0.02108129]
0.750 1.99e-06 [0.]
0.770 1.99e-06 [0.]
0.790 1.99e-06 [0.]
0.810 1.99e-06 [0.01907131]
0.830 1.99e-06 [0.03790819]
0.850 1.99e-06 [0.07411413]
0.870 1.99e-06 [0.13247727]
0.890 1.99e-06 [0.17901695]
0.910 1.99e-06 [0.20720345]
0.930 1.99e-06 [0.21617845]
0.950 1.99e-06 [0.19606994]
0.970 1.99e-06 [0.1678753]
0.990 1.99e-06 [0.12897385]
1.010 1.99e-06 [0.0039094]
1.030 1.99e-06 [0.]
1.050 1.99e-06 [0.02533517]
1.070 1.99e-06 [0.02972989]
1.090 1.99e-06 [0.02451331]
1.110 1.99e-06 [0.02152562]
1.130 1.99e-06 [0.01626846]
1.150 1.99e-06 [0.01138955]
1.170 1.99e-06 [0.00931433]
1.190 1.99e-06 [0.00645128]
1.210 1.99e-06 [0.00383032]
1.230 1.99e-06 [0.00213457]
1.250 1.99e-06 [0.00127198]
1.270 1.99e-06 [0.00056045]
1.290 1.99e-06 [0.00048209]
1.310 1.99e-06 [0.]
1.330 1.99e-06 [0.]
1.350 1.99e-06 [0.]
1.370 1.99e-06 [0.]
1.390 1.99e-06 [0.]
1.410 1.99e-06 [0.]
1.430 1.99e-06 [0.]
1.450 1.99e-06 [0.]
1.470 1.99e-06 [0.]
1.490 1.99e-06 [0.]
0.001 3.98e-06 [0.01516647]
0.002 3.98e-06 [0.04423557]
0.003 3.98e-06 [0.10111009]
0.004 3.98e-06 [0.18073484]
0.005 3.98e-06 [0.2843741]
0.007 3.98e-06 [0.55232343]
0.010 3.98e-06 [1.11225489]
0.020 3.98e-06 [4.40157348]
0.040 3.98e-06 [16.54883682]
0.060 3.98e-06 [33.07607134]
0.080 3.98e-06 [50.86088895]
0.100 3.98e-06 [66.39734237]
0.120 3.98e-06 [77.12109195]
0.140 3.98e-06 [82.11498333]
0.160 3.98e-06 [82.70671513]
0.180 3.98e-06 [79.4719415]
0.200 3.98e-06 [73.58419246]
0.220 3.98e-06 [49.06571552]
0.250 3.98e-06 [29.43095226]
0.270 3.98e-06 [22.12078242]
0.290 3.98e-06 [14.6889081]
0.310 3.98e-06 [12.97998983]
0.330 3.98e-06 [10.08592612]
0.350 3.98e-06 [7.57958936]
0.370 3.98e-06 [5.49374123]
0.390 3.98e-06 [4.54058172]
0.410 3.98e-06 [2.99363477]
0.430 3.98e-06 [2.13233639]
0.450 3.98e-06 [1.38676414]
0.470 3.98e-06 [0.95934959]
0.490 3.98e-06 [0.62568054]
0.510 3.98e-06 [0.35087101]
0.530 3.98e-06 [0.21618428]
0.550 3.98e-06 [0.09025891]
0.570 3.98e-06 [0.0452624]
0.590 3.98e-06 [0.01191061]
0.610 3.98e-06 [0.]
0.630 3.98e-06 [0.]
0.650 3.98e-06 [0.]
0.670 3.98e-06 [0.]
0.690 3.98e-06 [0.]
0.710 3.98e-06 [0.]
0.730 3.98e-06 [0.]
0.750 3.98e-06 [0.]
0.770 3.98e-06 [0.]
0.790 3.98e-06 [0.]
0.810 3.98e-06 [0.]
0.830 3.98e-06 [0.]
0.850 3.98e-06 [0.]
0.870 3.98e-06 [0.]
0.890 3.98e-06 [0.]
0.910 3.98e-06 [0.]
0.930 3.98e-06 [0.]
0.950 3.98e-06 [0.]
0.970 3.98e-06 [0.]
0.990 3.98e-06 [0.]
1.010 3.98e-06 [0.]
1.030 3.98e-06 [0.]
1.050 3.98e-06 [0.]
1.070 3.98e-06 [0.]
1.090 3.98e-06 [0.]
1.110 3.98e-06 [0.]
1.130 3.98e-06 [0.]
1.150 3.98e-06 [0.]
1.170 3.98e-06 [0.]
1.190 3.98e-06 [0.]
1.210 3.98e-06 [0.]
1.230 3.98e-06 [0.]
1.250 3.98e-06 [0.]
1.270 3.98e-06 [0.]
1.290 3.98e-06 [0.]
1.310 3.98e-06 [0.]
1.330 3.98e-06 [0.]
1.350 3.98e-06 [0.]
1.370 3.98e-06 [0.]
1.390 3.98e-06 [0.]
1.410 3.98e-06 [0.]
1.430 3.98e-06 [0.]
1.450 3.98e-06 [0.]
1.470 3.98e-06 [0.]
1.490 3.98e-06 [0.]
0.001 7.94e-06 [0.24653807]
0.002 7.94e-06 [0.6993638]
0.003 7.94e-06 [1.59998683]
0.004 7.94e-06 [2.85281532]
0.005 7.94e-06 [4.47798151]
0.007 7.94e-06 [8.67429244]
0.010 7.94e-06 [17.3338745]
0.020 7.94e-06 [65.37925565]
0.040 7.94e-06 [203.18307821]
0.060 7.94e-06 [302.71786356]
0.080 7.94e-06 [320.40149718]
0.100 7.94e-06 [274.36058584]
0.120 7.94e-06 [209.82385818]
0.140 7.94e-06 [154.16677677]
0.160 7.94e-06 [108.82582715]
0.180 7.94e-06 [79.73169003]
0.200 7.94e-06 [56.18753652]
0.220 7.94e-06 [16.75025268]
0.250 7.94e-06 [4.01315003]
0.270 7.94e-06 [1.762845]
0.290 7.94e-06 [0.44267932]
0.310 7.94e-06 [0.27931058]
0.330 7.94e-06 [0.09718748]
0.350 7.94e-06 [0.03399485]
0.370 7.94e-06 [0.00717527]
0.390 7.94e-06 [0.]
0.410 7.94e-06 [0.]
0.430 7.94e-06 [0.]
0.450 7.94e-06 [0.]
0.470 7.94e-06 [0.]
0.490 7.94e-06 [0.]
0.510 7.94e-06 [0.]
0.530 7.94e-06 [0.]
0.550 7.94e-06 [0.]
0.570 7.94e-06 [0.]
0.590 7.94e-06 [0.]
0.610 7.94e-06 [0.]
0.630 7.94e-06 [0.]
0.650 7.94e-06 [0.]
0.670 7.94e-06 [0.]
0.690 7.94e-06 [0.]
0.710 7.94e-06 [0.]
0.730 7.94e-06 [0.]
0.750 7.94e-06 [0.]
0.770 7.94e-06 [0.]
0.790 7.94e-06 [0.]
0.810 7.94e-06 [0.]
0.830 7.94e-06 [0.]
0.850 7.94e-06 [0.]
0.870 7.94e-06 [0.]
0.890 7.94e-06 [0.]
0.910 7.94e-06 [0.]
0.930 7.94e-06 [0.]
0.950 7.94e-06 [0.]
0.970 7.94e-06 [0.]
0.990 7.94e-06 [0.]
1.010 7.94e-06 [0.]
1.030 7.94e-06 [0.]
1.050 7.94e-06 [0.]
1.070 7.94e-06 [0.]
1.090 7.94e-06 [0.]
1.110 7.94e-06 [0.]
1.130 7.94e-06 [0.]
1.150 7.94e-06 [0.]
1.170 7.94e-06 [0.]
1.190 7.94e-06 [0.]
1.210 7.94e-06 [0.]
1.230 7.94e-06 [0.]
1.250 7.94e-06 [0.]
1.270 7.94e-06 [0.]
1.290 7.94e-06 [0.]
1.310 7.94e-06 [0.]
1.330 7.94e-06 [0.]
1.350 7.94e-06 [0.]
1.370 7.94e-06 [0.]
1.390 7.94e-06 [0.]
1.410 7.94e-06 [0.]
1.430 7.94e-06 [0.]
1.450 7.94e-06 [0.]
1.470 7.94e-06 [0.]
1.490 7.94e-06 [0.]
0.001 1.58e-05 [3.88619199]
0.002 1.58e-05 [11.03759753]
0.003 1.58e-05 [25.24029566]
0.004 1.58e-05 [44.73154806]
0.005 1.58e-05 [69.85199956]
0.007 1.58e-05 [133.17491088]
0.010 1.58e-05 [257.68153386]
0.020 1.58e-05 [805.00335275]
0.040 1.58e-05 [1272.21370175]
0.060 1.58e-05 [828.41860902]
0.080 1.58e-05 [415.0000492]
0.100 1.58e-05 [197.17681081]
0.120 1.58e-05 [90.67490947]
0.140 1.58e-05 [40.88181776]
0.160 1.58e-05 [16.91766652]
0.180 1.58e-05 [6.2358586]
0.200 1.58e-05 [2.10240547]
0.220 1.58e-05 [0.04324855]
0.250 1.58e-05 [0.]
0.270 1.58e-05 [0.]
0.290 1.58e-05 [0.]
0.310 1.58e-05 [0.]
0.330 1.58e-05 [0.]
0.350 1.58e-05 [0.]
0.370 1.58e-05 [0.]
0.390 1.58e-05 [0.]
0.410 1.58e-05 [0.]
0.430 1.58e-05 [0.]
0.450 1.58e-05 [0.]
0.470 1.58e-05 [0.]
0.490 1.58e-05 [0.]
0.510 1.58e-05 [0.]
0.530 1.58e-05 [0.]
0.550 1.58e-05 [0.]
0.570 1.58e-05 [0.]
0.590 1.58e-05 [0.]
0.610 1.58e-05 [0.]
0.630 1.58e-05 [0.]
0.650 1.58e-05 [0.]
0.670 1.58e-05 [0.]
0.690 1.58e-05 [0.]
0.710 1.58e-05 [0.]
0.730 1.58e-05 [0.]
0.750 1.58e-05 [0.]
0.770 1.58e-05 [0.]
0.790 1.58e-05 [0.]
0.810 1.58e-05 [0.]
0.830 1.58e-05 [0.]
0.850 1.58e-05 [0.]
0.870 1.58e-05 [0.]
0.890 1.58e-05 [0.]
0.910 1.58e-05 [0.]
0.930 1.58e-05 [0.]
0.950 1.58e-05 [0.]
0.970 1.58e-05 [0.]
0.990 1.58e-05 [0.]
1.010 1.58e-05 [0.]
1.030 1.58e-05 [0.]
1.050 1.58e-05 [0.]
1.070 1.58e-05 [0.]
1.090 1.58e-05 [0.]
1.110 1.58e-05 [0.]
1.130 1.58e-05 [0.]
1.150 1.58e-05 [0.]
1.170 1.58e-05 [0.]
1.190 1.58e-05 [0.]
1.210 1.58e-05 [0.]
1.230 1.58e-05 [0.]
1.250 1.58e-05 [0.]
1.270 1.58e-05 [0.]
1.290 1.58e-05 [0.]
1.310 1.58e-05 [0.]
1.330 1.58e-05 [0.]
1.350 1.58e-05 [0.]
1.370 1.58e-05 [0.]
1.390 1.58e-05 [0.]
1.410 1.58e-05 [0.]
1.430 1.58e-05 [0.]
1.450 1.58e-05 [0.]
1.470 1.58e-05 [0.]
1.490 1.58e-05 [0.]
0.001 3.16e-05 [61.40668499]
0.002 3.16e-05 [173.21487373]
0.003 3.16e-05 [390.93054503]
0.004 3.16e-05 [680.34242334]
0.005 3.16e-05 [1037.46442651]
0.007 3.16e-05 [1861.45811257]
0.010 3.16e-05 [3179.8852869]
0.020 3.16e-05 [5080.81738045]
0.040 3.16e-05 [1656.50358912]
0.060 3.16e-05 [354.86601198]
0.080 3.16e-05 [59.95945592]
0.100 3.16e-05 [7.52632199]
0.120 3.16e-05 [0.64418526]
0.140 3.16e-05 [0.]
0.160 3.16e-05 [0.]
0.180 3.16e-05 [0.]
0.200 3.16e-05 [0.]
0.220 3.16e-05 [0.]
0.250 3.16e-05 [0.]
0.270 3.16e-05 [0.]
0.290 3.16e-05 [0.]
0.310 3.16e-05 [0.]
0.330 3.16e-05 [0.]
0.350 3.16e-05 [0.]
0.370 3.16e-05 [0.]
0.390 3.16e-05 [0.]
0.410 3.16e-05 [0.]
0.430 3.16e-05 [0.]
0.450 3.16e-05 [0.]
0.470 3.16e-05 [0.]
0.490 3.16e-05 [0.]
0.510 3.16e-05 [0.]
0.530 3.16e-05 [0.]
0.550 3.16e-05 [0.]
0.570 3.16e-05 [0.]
0.590 3.16e-05 [0.]
0.610 3.16e-05 [0.]
0.630 3.16e-05 [0.]
0.650 3.16e-05 [0.]
0.670 3.16e-05 [0.]
0.690 3.16e-05 [0.]
0.710 3.16e-05 [0.]
0.730 3.16e-05 [0.]
0.750 3.16e-05 [0.]
0.770 3.16e-05 [0.]
0.790 3.16e-05 [0.]
0.810 3.16e-05 [0.]
0.830 3.16e-05 [0.]
0.850 3.16e-05 [0.]
0.870 3.16e-05 [0.]
0.890 3.16e-05 [0.]
0.910 3.16e-05 [0.]
0.930 3.16e-05 [0.]
0.950 3.16e-05 [0.]
0.970 3.16e-05 [0.]
0.990 3.16e-05 [0.]
1.010 3.16e-05 [0.]
1.030 3.16e-05 [0.]
1.050 3.16e-05 [0.]
1.070 3.16e-05 [0.]
1.090 3.16e-05 [0.]
1.110 3.16e-05 [0.]
1.130 3.16e-05 [0.]
1.150 3.16e-05 [0.]
1.170 3.16e-05 [0.]
1.190 3.16e-05 [0.]
1.210 3.16e-05 [0.]
1.230 3.16e-05 [0.]
1.250 3.16e-05 [0.]
1.270 3.16e-05 [0.]
1.290 3.16e-05 [0.]
1.310 3.16e-05 [0.]
1.330 3.16e-05 [0.]
1.350 3.16e-05 [0.]
1.370 3.16e-05 [0.]
1.390 3.16e-05 [0.]
1.410 3.16e-05 [0.]
1.430 3.16e-05 [0.]
1.450 3.16e-05 [0.]
1.470 3.16e-05 [0.]
1.490 3.16e-05 [0.]
0.001 6.31e-05 [959.75546643]
0.002 6.31e-05 [2636.71091469]
0.003 6.31e-05 [5653.78077321]
0.004 6.31e-05 [9167.73736679]
0.005 6.31e-05 [12768.40034211]
0.007 6.31e-05 [18253.18879495]
0.010 6.31e-05 [20248.11550547]
0.020 6.31e-05 [6601.02227968]
0.040 6.31e-05 [252.27065867]
0.060 6.31e-05 [2.53179027]
0.080 6.31e-05 [0.]
0.100 6.31e-05 [0.]
0.120 6.31e-05 [0.]
0.140 6.31e-05 [0.]
0.160 6.31e-05 [0.]
0.180 6.31e-05 [0.]
0.200 6.31e-05 [0.]
0.220 6.31e-05 [0.]
0.250 6.31e-05 [0.]
0.270 6.31e-05 [0.]
0.290 6.31e-05 [0.]
0.310 6.31e-05 [0.]
0.330 6.31e-05 [0.]
0.350 6.31e-05 [0.]
0.370 6.31e-05 [0.]
0.390 6.31e-05 [0.]
0.410 6.31e-05 [0.]
0.430 6.31e-05 [0.]
0.450 6.31e-05 [0.]
0.470 6.31e-05 [0.]
0.490 6.31e-05 [0.]
0.510 6.31e-05 [0.]
0.530 6.31e-05 [0.]
0.550 6.31e-05 [0.]
0.570 6.31e-05 [0.]
0.590 6.31e-05 [0.]
0.610 6.31e-05 [0.]
0.630 6.31e-05 [0.]
0.650 6.31e-05 [0.]
0.670 6.31e-05 [0.]
0.690 6.31e-05 [0.]
0.710 6.31e-05 [0.]
0.730 6.31e-05 [0.]
0.750 6.31e-05 [0.]
0.770 6.31e-05 [0.]
0.790 6.31e-05 [0.]
0.810 6.31e-05 [0.]
0.830 6.31e-05 [0.]
0.850 6.31e-05 [0.]
0.870 6.31e-05 [0.]
0.890 6.31e-05 [0.]
0.910 6.31e-05 [0.]
0.930 6.31e-05 [0.]
0.950 6.31e-05 [0.]
0.970 6.31e-05 [0.]
0.990 6.31e-05 [0.]
1.010 6.31e-05 [0.]
1.030 6.31e-05 [0.]
1.050 6.31e-05 [0.]
1.070 6.31e-05 [0.]
1.090 6.31e-05 [0.]
1.110 6.31e-05 [0.]
1.130 6.31e-05 [0.]
1.150 6.31e-05 [0.]
1.170 6.31e-05 [0.]
1.190 6.31e-05 [0.]
1.210 6.31e-05 [0.]
1.230 6.31e-05 [0.]
1.250 6.31e-05 [0.]
1.270 6.31e-05 [0.]
1.290 6.31e-05 [0.]
1.310 6.31e-05 [0.]
1.330 6.31e-05 [0.]
1.350 6.31e-05 [0.]
1.370 6.31e-05 [0.]
1.390 6.31e-05 [0.]
1.410 6.31e-05 [0.]
1.430 6.31e-05 [0.]
1.450 6.31e-05 [0.]
1.470 6.31e-05 [0.]
1.490 6.31e-05 [0.]
0.001 1.26e-04 [14382.22420153]
0.002 1.26e-04 [35685.74768708]
0.003 1.26e-04 [62898.25675278]
0.004 1.26e-04 [78783.57827284]
0.005 1.26e-04 [80432.06209115]
0.007 1.26e-04 [59069.56777851]
0.010 1.26e-04 [26747.09679142]
0.020 1.26e-04 [1006.26198986]
0.040 1.26e-04 [0.]
0.060 1.26e-04 [0.]
0.080 1.26e-04 [0.]
0.100 1.26e-04 [0.]
0.120 1.26e-04 [0.]
0.140 1.26e-04 [0.]
0.160 1.26e-04 [0.]
0.180 1.26e-04 [0.]
0.200 1.26e-04 [0.]
0.220 1.26e-04 [0.]
0.250 1.26e-04 [0.]
0.270 1.26e-04 [0.]
0.290 1.26e-04 [0.]
0.310 1.26e-04 [0.]
0.330 1.26e-04 [0.]
0.350 1.26e-04 [0.]
0.370 1.26e-04 [0.]
0.390 1.26e-04 [0.]
0.410 1.26e-04 [0.]
0.430 1.26e-04 [0.]
0.450 1.26e-04 [0.]
0.470 1.26e-04 [0.]
0.490 1.26e-04 [0.]
0.510 1.26e-04 [0.]
0.530 1.26e-04 [0.]
0.550 1.26e-04 [0.]
0.570 1.26e-04 [0.]
0.590 1.26e-04 [0.]
0.610 1.26e-04 [0.]
0.630 1.26e-04 [0.]
0.650 1.26e-04 [0.]
0.670 1.26e-04 [0.]
0.690 1.26e-04 [0.]
0.710 1.26e-04 [0.]
0.730 1.26e-04 [0.]
0.750 1.26e-04 [0.]
0.770 1.26e-04 [0.]
0.790 1.26e-04 [0.]
0.810 1.26e-04 [0.]
0.830 1.26e-04 [0.]
0.850 1.26e-04 [0.]
0.870 1.26e-04 [0.]
0.890 1.26e-04 [0.]
0.910 1.26e-04 [0.]
0.930 1.26e-04 [0.]
0.950 1.26e-04 [0.]
0.970 1.26e-04 [0.]
0.990 1.26e-04 [0.]
1.010 1.26e-04 [0.]
1.030 1.26e-04 [0.]
1.050 1.26e-04 [0.]
1.070 1.26e-04 [0.]
1.090 1.26e-04 [0.]
1.110 1.26e-04 [0.]
1.130 1.26e-04 [0.]
1.150 1.26e-04 [0.]
1.170 1.26e-04 [0.]
1.190 1.26e-04 [0.]
1.210 1.26e-04 [0.]
1.230 1.26e-04 [0.]
1.250 1.26e-04 [0.]
1.270 1.26e-04 [0.]
1.290 1.26e-04 [0.]
1.310 1.26e-04 [0.]
1.330 1.26e-04 [0.]
1.350 1.26e-04 [0.]
1.370 1.26e-04 [0.]
1.390 1.26e-04 [0.]
1.410 1.26e-04 [0.]
1.430 1.26e-04 [0.]
1.450 1.26e-04 [0.]
1.470 1.26e-04 [0.]
1.490 1.26e-04 [0.]
0.001 2.51e-04 [183125.91862116]
0.002 2.51e-04 [311481.4266573]
0.003 2.51e-04 [288632.79910159]
0.004 2.51e-04 [184847.92291366]
0.005 2.51e-04 [104410.09703456]
0.007 2.51e-04 [32510.87424753]
0.010 2.51e-04 [4106.09212666]
0.020 2.51e-04 [0.]
0.040 2.51e-04 [0.]
0.060 2.51e-04 [0.]
0.080 2.51e-04 [0.]
0.100 2.51e-04 [0.]
0.120 2.51e-04 [0.]
0.140 2.51e-04 [0.]
0.160 2.51e-04 [0.]
0.180 2.51e-04 [0.]
0.200 2.51e-04 [0.]
0.220 2.51e-04 [0.]
0.250 2.51e-04 [0.]
0.270 2.51e-04 [0.]
0.290 2.51e-04 [0.]
0.310 2.51e-04 [0.]
0.330 2.51e-04 [0.]
0.350 2.51e-04 [0.]
0.370 2.51e-04 [0.]
0.390 2.51e-04 [0.]
0.410 2.51e-04 [0.]
0.430 2.51e-04 [0.]
0.450 2.51e-04 [0.]
0.470 2.51e-04 [0.]
0.490 2.51e-04 [0.]
0.510 2.51e-04 [0.]
0.530 2.51e-04 [0.]
0.550 2.51e-04 [0.]
0.570 2.51e-04 [0.]
0.590 2.51e-04 [0.]
0.610 2.51e-04 [0.]
0.630 2.51e-04 [0.]
0.650 2.51e-04 [0.]
0.670 2.51e-04 [0.]
0.690 2.51e-04 [0.]
0.710 2.51e-04 [0.]
0.730 2.51e-04 [0.]
0.750 2.51e-04 [0.]
0.770 2.51e-04 [0.]
0.790 2.51e-04 [0.]
0.810 2.51e-04 [0.]
0.830 2.51e-04 [0.]
0.850 2.51e-04 [0.]
0.870 2.51e-04 [0.]
0.890 2.51e-04 [0.]
0.910 2.51e-04 [0.]
0.930 2.51e-04 [0.]
0.950 2.51e-04 [0.]
0.970 2.51e-04 [0.]
0.990 2.51e-04 [0.]
1.010 2.51e-04 [0.]
1.030 2.51e-04 [0.]
1.050 2.51e-04 [0.]
1.070 2.51e-04 [0.]
1.090 2.51e-04 [0.]
1.110 2.51e-04 [0.]
1.130 2.51e-04 [0.]
1.150 2.51e-04 [0.]
1.170 2.51e-04 [0.]
1.190 2.51e-04 [0.]
1.210 2.51e-04 [0.]
1.230 2.51e-04 [0.]
1.250 2.51e-04 [0.]
1.270 2.51e-04 [0.]
1.290 2.51e-04 [0.]
1.310 2.51e-04 [0.]
1.330 2.51e-04 [0.]
1.350 2.51e-04 [0.]
1.370 2.51e-04 [0.]
1.390 2.51e-04 [0.]
1.410 2.51e-04 [0.]
1.430 2.51e-04 [0.]
1.450 2.51e-04 [0.]
1.470 2.51e-04 [0.]
1.490 2.51e-04 [0.]
0.001 5.01e-04 [1291926.18281671]
0.002 5.01e-04 [757200.02474443]
0.003 5.01e-04 [232989.74862318]
0.004 5.01e-04 [66345.4887503]
0.005 5.01e-04 [16706.62829521]
0.007 5.01e-04 [520.83554601]
0.010 5.01e-04 [0.]
0.020 5.01e-04 [0.]
0.040 5.01e-04 [0.]
0.060 5.01e-04 [0.]
0.080 5.01e-04 [0.]
0.100 5.01e-04 [0.]
0.120 5.01e-04 [0.]
0.140 5.01e-04 [0.]
0.160 5.01e-04 [0.]
0.180 5.01e-04 [0.]
0.200 5.01e-04 [0.]
0.220 5.01e-04 [0.]
0.250 5.01e-04 [0.]
0.270 5.01e-04 [0.]
0.290 5.01e-04 [0.]
0.310 5.01e-04 [0.]
0.330 5.01e-04 [0.]
0.350 5.01e-04 [0.]
0.370 5.01e-04 [0.]
0.390 5.01e-04 [0.]
0.410 5.01e-04 [0.]
0.430 5.01e-04 [0.]
0.450 5.01e-04 [0.]
0.470 5.01e-04 [0.]
0.490 5.01e-04 [0.]
0.510 5.01e-04 [0.]
0.530 5.01e-04 [0.]
0.550 5.01e-04 [0.]
0.570 5.01e-04 [0.]
0.590 5.01e-04 [0.]
0.610 5.01e-04 [0.]
0.630 5.01e-04 [0.]
0.650 5.01e-04 [0.]
0.670 5.01e-04 [0.]
0.690 5.01e-04 [0.]
0.710 5.01e-04 [0.]
0.730 5.01e-04 [0.]
0.750 5.01e-04 [0.]
0.770 5.01e-04 [0.]
0.790 5.01e-04 [0.]
0.810 5.01e-04 [0.]
0.830 5.01e-04 [0.]
0.850 5.01e-04 [0.]
0.870 5.01e-04 [0.]
0.890 5.01e-04 [0.]
0.910 5.01e-04 [0.]
0.930 5.01e-04 [0.]
0.950 5.01e-04 [0.]
0.970 5.01e-04 [0.]
0.990 5.01e-04 [0.]
1.010 5.01e-04 [0.]
1.030 5.01e-04 [0.]
1.050 5.01e-04 [0.]
1.070 5.01e-04 [0.]
1.090 5.01e-04 [0.]
1.110 5.01e-04 [0.]
1.130 5.01e-04 [0.]
1.150 5.01e-04 [0.]
1.170 5.01e-04 [0.]
1.190 5.01e-04 [0.]
1.210 5.01e-04 [0.]
1.230 5.01e-04 [0.]
1.250 5.01e-04 [0.]
1.270 5.01e-04 [0.]
1.290 5.01e-04 [0.]
1.310 5.01e-04 [0.]
1.330 5.01e-04 [0.]
1.350 5.01e-04 [0.]
1.370 5.01e-04 [0.]
1.390 5.01e-04 [0.]
1.410 5.01e-04 [0.]
1.430 5.01e-04 [0.]
1.450 5.01e-04 [0.]
1.470 5.01e-04 [0.]
1.490 5.01e-04 [0.]
0.001 1.00e-03 [2020889.37460025]
0.002 1.00e-03 [290282.33523049]
0.003 1.00e-03 [12998.93482846]
0.004 1.00e-03 [239.24492237]
0.005 1.00e-03 [0.]
0.007 1.00e-03 [0.]
0.010 1.00e-03 [0.]
0.020 1.00e-03 [0.]
0.040 1.00e-03 [0.]
0.060 1.00e-03 [0.]
0.080 1.00e-03 [0.]
0.100 1.00e-03 [0.]
0.120 1.00e-03 [0.]
0.140 1.00e-03 [0.]
0.160 1.00e-03 [0.]
0.180 1.00e-03 [0.]
0.200 1.00e-03 [0.]
0.220 1.00e-03 [0.]
0.250 1.00e-03 [0.]
0.270 1.00e-03 [0.]
0.290 1.00e-03 [0.]
0.310 1.00e-03 [0.]
0.330 1.00e-03 [0.]
0.350 1.00e-03 [0.]
0.370 1.00e-03 [0.]
0.390 1.00e-03 [0.]
0.410 1.00e-03 [0.]
0.430 1.00e-03 [0.]
0.450 1.00e-03 [0.]
0.470 1.00e-03 [0.]
0.490 1.00e-03 [0.]
0.510 1.00e-03 [0.]
0.530 1.00e-03 [0.]
0.550 1.00e-03 [0.]
0.570 1.00e-03 [0.]
0.590 1.00e-03 [0.]
0.610 1.00e-03 [0.]
0.630 1.00e-03 [0.]
0.650 1.00e-03 [0.]
0.670 1.00e-03 [0.]
0.690 1.00e-03 [0.]
0.710 1.00e-03 [0.]
0.730 1.00e-03 [0.]
0.750 1.00e-03 [0.]
0.770 1.00e-03 [0.]
0.790 1.00e-03 [0.]
0.810 1.00e-03 [0.]
0.830 1.00e-03 [0.]
0.850 1.00e-03 [0.]
0.870 1.00e-03 [0.]
0.890 1.00e-03 [0.]
0.910 1.00e-03 [0.]
0.930 1.00e-03 [0.]
0.950 1.00e-03 [0.]
0.970 1.00e-03 [0.]
0.990 1.00e-03 [0.]
1.010 1.00e-03 [0.]
1.030 1.00e-03 [0.]
1.050 1.00e-03 [0.]
1.070 1.00e-03 [0.]
1.090 1.00e-03 [0.]
1.110 1.00e-03 [0.]
1.130 1.00e-03 [0.]
1.150 1.00e-03 [0.]
1.170 1.00e-03 [0.]
1.190 1.00e-03 [0.]
1.210 1.00e-03 [0.]
1.230 1.00e-03 [0.]
1.250 1.00e-03 [0.]
1.270 1.00e-03 [0.]
1.290 1.00e-03 [0.]
1.310 1.00e-03 [0.]
1.330 1.00e-03 [0.]
1.350 1.00e-03 [0.]
1.370 1.00e-03 [0.]
1.390 1.00e-03 [0.]
1.410 1.00e-03 [0.]
1.430 1.00e-03 [0.]
1.450 1.00e-03 [0.]
1.470 1.00e-03 [0.]
1.490 1.00e-03 [0.]
