0.001 1.00e-09 [0.]
0.002 1.00e-09 [0.]
0.003 1.00e-09 [0.]
0.004 1.00e-09 [0.]
0.005 1.00e-09 [0.]
0.007 1.00e-09 [0.]
0.010 1.00e-09 [0.]
0.020 1.00e-09 [0.]
0.040 1.00e-09 [0.]
0.060 1.00e-09 [0.]
0.080 1.00e-09 [0.]
0.100 1.00e-09 [0.]
0.120 1.00e-09 [0.]
0.001 2.00e-09 [0.]
0.002 2.00e-09 [0.]
0.003 2.00e-09 [0.]
0.004 2.00e-09 [0.]
0.005 2.00e-09 [0.]
0.007 2.00e-09 [0.]
0.010 2.00e-09 [0.]
0.020 2.00e-09 [0.]
0.040 2.00e-09 [0.]
0.060 2.00e-09 [0.]
0.080 2.00e-09 [0.]
0.100 2.00e-09 [1.96830718e-06]
0.120 2.00e-09 [2.07660372e-07]
0.001 4.00e-09 [0.]
0.002 4.00e-09 [0.]
0.003 4.00e-09 [0.]
0.004 4.00e-09 [0.]
0.005 4.00e-09 [0.]
0.007 4.00e-09 [0.]
0.010 4.00e-09 [0.]
0.020 4.00e-09 [0.]
0.040 4.00e-09 [6.46730562e-05]
0.060 4.00e-09 [4.40301445e-05]
0.080 4.00e-09 [4.65899591e-05]
0.100 4.00e-09 [1.57464574e-05]
0.120 4.00e-09 [2.49192446e-06]
0.001 8.00e-09 [0.]
0.002 8.00e-09 [0.]
0.003 8.00e-09 [0.]
0.004 8.00e-09 [0.]
0.005 8.00e-09 [0.]
0.007 8.00e-09 [0.]
0.010 8.00e-09 [0.]
0.020 8.00e-09 [0.00031887]
0.040 8.00e-09 [0.00051738]
0.060 8.00e-09 [0.00070448]
0.080 8.00e-09 [0.00055908]
0.100 8.00e-09 [0.00025194]
0.120 8.00e-09 [3.32256594e-05]
0.001 1.60e-08 [0.]
0.002 1.60e-08 [0.]
0.003 1.60e-08 [0.]
0.004 1.60e-08 [0.]
0.005 1.60e-08 [0.]
0.007 1.60e-08 [0.00135231]
0.010 1.60e-08 [0.00134095]
0.020 1.60e-08 [0.00382641]
0.040 1.60e-08 [0.01034769]
0.060 1.60e-08 [0.01268068]
0.080 1.60e-08 [0.00931799]
0.100 1.60e-08 [0.00415706]
0.120 1.60e-08 [0.00053161]
0.001 3.20e-08 [0.]
0.002 3.20e-08 [0.]
0.003 3.20e-08 [0.]
0.004 3.20e-08 [0.00543876]
0.005 3.20e-08 [0.00543069]
0.007 3.20e-08 [0.01081849]
0.010 3.20e-08 [0.02145527]
0.020 3.20e-08 [0.06632439]
0.040 3.20e-08 [0.16142395]
0.060 3.20e-08 [0.19725505]
0.080 3.20e-08 [0.15057875]
0.100 3.20e-08 [0.06600915]
0.120 3.20e-08 [0.00850577]
0.001 6.30e-08 [0.]
0.002 6.30e-08 [0.02112222]
0.003 6.30e-08 [0.04220964]
0.004 6.30e-08 [0.0632415]
0.005 6.30e-08 [0.08419694]
0.007 6.30e-08 [0.1677288]
0.010 6.30e-08 [0.33264047]
0.020 6.30e-08 [1.0282871]
0.040 6.30e-08 [2.50270176]
0.060 6.30e-08 [3.02545708]
0.080 6.30e-08 [2.31144434]
0.100 6.30e-08 [1.01558745]
0.120 6.30e-08 [0.13022423]
0.001 1.26e-07 [0.08452102]
0.002 1.26e-07 [0.25346658]
0.003 1.26e-07 [0.50651573]
0.004 1.26e-07 [0.92754194]
0.005 1.26e-07 [1.43134803]
0.007 1.26e-07 [2.68366081]
0.010 1.26e-07 [5.15592725]
0.020 1.26e-07 [16.45259359]
0.040 1.26e-07 [39.52985348]
0.060 1.26e-07 [47.6209129]
0.080 1.26e-07 [36.174104]
0.100 1.26e-07 [15.81191545]
0.120 1.26e-07 [2.01929984]
0.001 2.51e-07 [1.34162475]
0.002 2.51e-07 [3.68806437]
0.003 2.51e-07 [8.04005983]
0.004 2.51e-07 [15.39235436]
0.005 2.51e-07 [22.38605047]
0.007 2.51e-07 [42.26566623]
0.010 2.51e-07 [80.85139709]
0.020 2.51e-07 [256.13418553]
0.040 2.51e-07 [605.82234427]
0.060 2.51e-07 [714.98384327]
0.080 2.51e-07 [533.56687209]
0.100 2.51e-07 [229.03782698]
0.120 2.51e-07 [28.76910154]
0.001 5.01e-07 [21.3805593]
0.002 5.01e-07 [60.10994483]
0.003 5.01e-07 [128.12895403]
0.004 5.01e-07 [241.29804601]
0.005 5.01e-07 [351.42658439]
0.007 5.01e-07 [661.62598349]
0.010 5.01e-07 [1255.60438804]
0.020 5.01e-07 [3854.23357968]
0.040 5.01e-07 [8545.66088034]
0.060 5.01e-07 [9414.59053151]
0.080 5.01e-07 [6612.66299162]
0.100 5.01e-07 [2680.82291325]
0.120 5.01e-07 [320.32165632]
0.001 1.00e-06 [335.40086395]
0.002 1.00e-06 [936.63640025]
0.003 1.00e-06 [2015.30046937]
0.004 1.00e-06 [3744.45741211]
0.005 1.00e-06 [5409.47857021]
0.007 1.00e-06 [10010.26949184]
0.010 1.00e-06 [18417.16876977]
0.020 1.00e-06 [50704.87533056]
0.040 1.00e-06 [92421.8394426]
0.060 1.00e-06 [85800.99227872]
0.080 1.00e-06 [52739.8336758]
0.100 1.00e-06 [19250.53627579]
0.120 1.00e-06 [2122.70431793]
0.001 1.99e-06 [5254.85949585]
0.002 1.99e-06 [14424.18473155]
0.003 1.99e-06 [30475.36306298]
0.004 1.99e-06 [54961.5442415]
0.005 1.99e-06 [77401.95727783]
0.007 1.99e-06 [134766.01444194]
0.010 1.99e-06 [226761.29579904]
0.020 1.99e-06 [478311.75412642]
0.040 1.99e-06 [611518.95442051]
0.060 1.99e-06 [458452.55995905]
0.080 1.99e-06 [243167.21961233]
0.100 1.99e-06 [80411.18741827]
0.120 1.99e-06 [8191.37678371]
0.001 3.98e-06 [80661.42217203]
0.002 3.98e-06 [208492.85932997]
0.003 3.98e-06 [416389.53418959]
0.004 3.98e-06 [690068.25257837]
0.005 3.98e-06 [916737.29793175]
0.007 3.98e-06 [1417854.79213763]
0.010 3.98e-06 [2012374.88328502]
0.020 3.98e-06 [2929622.22040502]
0.040 3.98e-06 [2484123.38758033]
0.060 3.98e-06 [1475073.86654944]
0.080 3.98e-06 [662068.10169037]
0.100 3.98e-06 [191229.73244042]
0.120 3.98e-06 [17518.40038852]
0.001 7.94e-06 [1139327.54222758]
0.002 7.94e-06 [2617911.8753157]
0.003 7.94e-06 [4616237.61062313]
0.004 7.94e-06 [6575248.56177916]
0.005 7.94e-06 [8019329.05032434]
0.007 7.94e-06 [10473904.40634508]
0.010 7.94e-06 [12211508.68603303]
0.020 7.94e-06 [11771388.62618816]
0.040 7.94e-06 [6108979.98817538]
0.060 7.94e-06 [2523390.18443599]
0.080 7.94e-06 [855370.8443371]
0.100 7.94e-06 [192048.94495494]
0.120 7.94e-06 [14375.67816082]
0.001 1.58e-05 [13411735.80086971]
0.002 1.58e-05 [25567381.16638269]
0.003 1.58e-05 [37498044.70154373]
0.004 1.58e-05 [44429745.52233422]
0.005 1.58e-05 [48875907.97671182]
0.007 1.58e-05 [51173471.89433278]
0.010 1.58e-05 [48380612.48991714]
0.020 1.58e-05 [28652027.15044484]
0.040 1.58e-05 [7275853.34757741]
0.060 1.58e-05 [1645170.13199484]
0.080 1.58e-05 [305740.0687629]
0.100 1.58e-05 [44250.64876646]
0.120 1.58e-05 [2203.86034646]
0.001 3.16e-05 [1.20282838e+08]
0.002 3.16e-05 [1.75653738e+08]
0.003 3.16e-05 [2.04260767e+08]
0.004 3.16e-05 [2.02490371e+08]
0.005 3.16e-05 [1.95560717e+08]
0.007 3.16e-05 [1.62332416e+08]
0.010 3.16e-05 [1.16837529e+08]
0.020 3.16e-05 [32779020.14894367]
0.040 3.16e-05 [2615253.66237433]
0.060 3.16e-05 [195386.5269517]
0.080 3.16e-05 [8735.74075258]
0.100 3.16e-05 [492.08374701]
0.120 3.16e-05 [0.]
0.001 6.31e-05 [7.58727887e+08]
0.002 6.31e-05 [8.14583808e+08]
0.003 6.31e-05 [7.17910758e+08]
0.004 6.31e-05 [5.88924769e+08]
0.005 6.31e-05 [4.74207742e+08]
0.007 6.31e-05 [2.90172567e+08]
0.010 6.31e-05 [1.36444042e+08]
0.020 6.31e-05 [11286151.26655928]
0.040 6.31e-05 [48275.67029223]
0.060 6.31e-05 [0.]
0.080 6.31e-05 [0.]
0.100 6.31e-05 [0.]
0.120 6.31e-05 [0.]
0.001 1.26e-04 [3.13707208e+09]
0.002 1.26e-04 [2.39583179e+09]
0.003 1.26e-04 [1.49084192e+09]
0.004 1.26e-04 [9.08794772e+08]
0.005 1.26e-04 [5.50805878e+08]
0.007 1.26e-04 [2.11398111e+08]
0.010 1.26e-04 [46905699.27905763]
0.020 1.26e-04 [394823.60961469]
0.040 1.26e-04 [0.]
0.060 1.26e-04 [0.]
0.080 1.26e-04 [0.]
0.100 1.26e-04 [0.]
0.120 1.26e-04 [0.]
0.001 2.51e-04 [8.09445921e+09]
0.002 2.51e-04 [3.76614987e+09]
0.003 2.51e-04 [1.36886933e+09]
0.004 2.51e-04 [5.24463603e+08]
0.005 2.51e-04 [1.85381432e+08]
0.007 2.51e-04 [32330284.28366014]
0.010 2.51e-04 [1322011.48086717]
0.020 2.51e-04 [0.]
0.040 2.51e-04 [0.]
0.060 2.51e-04 [0.]
0.080 2.51e-04 [0.]
0.100 2.51e-04 [0.]
0.120 2.51e-04 [0.]
0.001 5.01e-04 [1.04936573e+10]
0.002 5.01e-04 [2.14552212e+09]
0.003 5.01e-04 [3.23232899e+08]
0.004 5.01e-04 [49362949.06753979]
0.005 5.01e-04 [6660776.05589139]
0.007 5.01e-04 [0.]
0.010 5.01e-04 [0.]
0.020 5.01e-04 [0.]
0.040 5.01e-04 [0.]
0.060 5.01e-04 [0.]
0.080 5.01e-04 [0.]
0.100 5.01e-04 [0.]
0.120 5.01e-04 [0.]
0.001 1.00e-03 [4.38683035e+09]
0.002 1.00e-03 [2.18193707e+08]
0.003 1.00e-03 [5317415.48646406]
0.004 1.00e-03 [0.]
0.005 1.00e-03 [0.]
0.007 1.00e-03 [0.]
0.010 1.00e-03 [0.]
0.020 1.00e-03 [0.]
0.040 1.00e-03 [0.]
0.060 1.00e-03 [0.]
0.080 1.00e-03 [0.]
0.100 1.00e-03 [0.]
0.120 1.00e-03 [0.]
0.001 1.00e-09 [0.]
0.002 1.00e-09 [0.]
0.003 1.00e-09 [0.]
0.004 1.00e-09 [0.]
0.005 1.00e-09 [0.]
0.007 1.00e-09 [0.]
0.010 1.00e-09 [0.]
0.020 1.00e-09 [0.]
0.040 1.00e-09 [0.]
0.060 1.00e-09 [0.]
0.080 1.00e-09 [0.]
0.100 1.00e-09 [0.]
0.120 1.00e-09 [0.]
0.001 2.00e-09 [0.]
0.002 2.00e-09 [0.]
0.003 2.00e-09 [0.]
0.004 2.00e-09 [0.]
0.005 2.00e-09 [0.]
0.007 2.00e-09 [0.]
0.010 2.00e-09 [0.]
0.020 2.00e-09 [0.]
0.040 2.00e-09 [0.]
0.060 2.00e-09 [0.]
0.080 2.00e-09 [0.]
0.100 2.00e-09 [1.96830718e-06]
0.120 2.00e-09 [2.07660372e-07]
0.001 4.00e-09 [0.]
0.002 4.00e-09 [0.]
0.003 4.00e-09 [0.]
0.004 4.00e-09 [0.]
0.005 4.00e-09 [0.]
0.007 4.00e-09 [0.]
0.010 4.00e-09 [0.]
0.020 4.00e-09 [0.]
0.040 4.00e-09 [6.46730562e-05]
0.060 4.00e-09 [4.40301445e-05]
0.080 4.00e-09 [4.65899591e-05]
0.100 4.00e-09 [1.57464574e-05]
0.120 4.00e-09 [2.49192446e-06]
0.001 8.00e-09 [0.]
0.002 8.00e-09 [0.]
0.003 8.00e-09 [0.]
0.004 8.00e-09 [0.]
0.005 8.00e-09 [0.]
0.007 8.00e-09 [0.]
0.010 8.00e-09 [0.]
0.020 8.00e-09 [0.00031887]
0.040 8.00e-09 [0.00051738]
0.060 8.00e-09 [0.00070448]
0.080 8.00e-09 [0.00055908]
0.100 8.00e-09 [0.00025194]
0.120 8.00e-09 [3.32256594e-05]
0.001 1.60e-08 [0.]
0.002 1.60e-08 [0.]
0.003 1.60e-08 [0.]
0.004 1.60e-08 [0.]
0.005 1.60e-08 [0.]
0.007 1.60e-08 [0.00135231]
0.010 1.60e-08 [0.00134095]
0.020 1.60e-08 [0.00382641]
0.040 1.60e-08 [0.01034769]
0.060 1.60e-08 [0.01268068]
0.080 1.60e-08 [0.00931799]
0.100 1.60e-08 [0.00415706]
0.120 1.60e-08 [0.00053161]
0.001 3.20e-08 [0.]
0.002 3.20e-08 [0.]
0.003 3.20e-08 [0.]
0.004 3.20e-08 [0.00543876]
0.005 3.20e-08 [0.00543069]
0.007 3.20e-08 [0.01081849]
0.010 3.20e-08 [0.02145527]
0.020 3.20e-08 [0.06632439]
0.040 3.20e-08 [0.16142395]
0.060 3.20e-08 [0.19725505]
0.080 3.20e-08 [0.15057875]
0.100 3.20e-08 [0.06600915]
0.120 3.20e-08 [0.00850577]
0.001 6.30e-08 [0.]
0.002 6.30e-08 [0.02112222]
0.003 6.30e-08 [0.04220964]
0.004 6.30e-08 [0.0632415]
0.005 6.30e-08 [0.08419694]
0.007 6.30e-08 [0.1677288]
0.010 6.30e-08 [0.33264047]
0.020 6.30e-08 [1.0282871]
0.040 6.30e-08 [2.50270176]
0.060 6.30e-08 [3.02545708]
0.080 6.30e-08 [2.31144434]
0.100 6.30e-08 [1.01558745]
0.120 6.30e-08 [0.13022423]
0.001 1.26e-07 [0.08452102]
0.002 1.26e-07 [0.25346658]
0.003 1.26e-07 [0.50651573]
0.004 1.26e-07 [0.92754194]
0.005 1.26e-07 [1.43134803]
0.007 1.26e-07 [2.68366081]
0.010 1.26e-07 [5.15592725]
0.020 1.26e-07 [16.45259359]
0.040 1.26e-07 [39.52985348]
0.060 1.26e-07 [47.6209129]
0.080 1.26e-07 [36.174104]
0.100 1.26e-07 [15.81191545]
0.120 1.26e-07 [2.01929984]
0.001 2.51e-07 [1.34162475]
0.002 2.51e-07 [3.68806437]
0.003 2.51e-07 [8.04005983]
0.004 2.51e-07 [15.39235436]
0.005 2.51e-07 [22.38605047]
0.007 2.51e-07 [42.26566623]
0.010 2.51e-07 [80.85139709]
0.020 2.51e-07 [256.13418553]
0.040 2.51e-07 [605.82234427]
0.060 2.51e-07 [714.98384327]
0.080 2.51e-07 [533.56687209]
0.100 2.51e-07 [229.03782698]
0.120 2.51e-07 [28.76910154]
0.001 5.01e-07 [21.3805593]
0.002 5.01e-07 [60.10994483]
0.003 5.01e-07 [128.12895403]
0.004 5.01e-07 [241.29804601]
0.005 5.01e-07 [351.42658439]
0.007 5.01e-07 [661.62598349]
0.010 5.01e-07 [1255.60438804]
0.020 5.01e-07 [3854.23357968]
0.040 5.01e-07 [8545.66088034]
0.060 5.01e-07 [9414.59053151]
0.080 5.01e-07 [6612.66299162]
0.100 5.01e-07 [2680.82291325]
0.120 5.01e-07 [320.32165632]
0.001 1.00e-06 [335.40086395]
0.002 1.00e-06 [936.63640025]
0.003 1.00e-06 [2015.30046937]
0.004 1.00e-06 [3744.45741211]
0.005 1.00e-06 [5409.47857021]
0.007 1.00e-06 [10010.26949184]
0.010 1.00e-06 [18417.16876977]
0.020 1.00e-06 [50704.87533056]
0.040 1.00e-06 [92421.8394426]
0.060 1.00e-06 [85800.99227872]
0.080 1.00e-06 [52739.8336758]
0.100 1.00e-06 [19250.53627579]
0.120 1.00e-06 [2122.70431793]
0.001 1.99e-06 [5254.85949585]
0.002 1.99e-06 [14424.18473155]
0.003 1.99e-06 [30475.36306298]
0.004 1.99e-06 [54961.5442415]
0.005 1.99e-06 [77401.95727783]
0.007 1.99e-06 [134766.01444194]
0.010 1.99e-06 [226761.29579904]
0.020 1.99e-06 [478311.75412642]
0.040 1.99e-06 [611518.95442051]
0.060 1.99e-06 [458452.55995905]
0.080 1.99e-06 [243167.21961233]
0.100 1.99e-06 [80411.18741827]
0.120 1.99e-06 [8191.37678371]
0.001 3.98e-06 [80661.42217203]
0.002 3.98e-06 [208492.85932997]
0.003 3.98e-06 [416389.53418959]
0.004 3.98e-06 [690068.25257837]
0.005 3.98e-06 [916737.29793175]
0.007 3.98e-06 [1417854.79213763]
0.010 3.98e-06 [2012374.88328502]
0.020 3.98e-06 [2929622.22040502]
0.040 3.98e-06 [2484123.38758033]
0.060 3.98e-06 [1475073.86654944]
0.080 3.98e-06 [662068.10169037]
0.100 3.98e-06 [191229.73244042]
0.120 3.98e-06 [17518.40038852]
0.001 7.94e-06 [1139327.54222758]
0.002 7.94e-06 [2617911.8753157]
0.003 7.94e-06 [4616237.61062313]
0.004 7.94e-06 [6575248.56177916]
0.005 7.94e-06 [8019329.05032434]
0.007 7.94e-06 [10473904.40634508]
0.010 7.94e-06 [12211508.68603303]
0.020 7.94e-06 [11771388.62618816]
0.040 7.94e-06 [6108979.98817538]
0.060 7.94e-06 [2523390.18443599]
0.080 7.94e-06 [855370.8443371]
0.100 7.94e-06 [192048.94495494]
0.120 7.94e-06 [14375.67816082]
0.001 1.58e-05 [13411735.80086971]
0.002 1.58e-05 [25567381.16638269]
0.003 1.58e-05 [37498044.70154373]
0.004 1.58e-05 [44429745.52233422]
0.005 1.58e-05 [48875907.97671182]
0.007 1.58e-05 [51173471.89433278]
0.010 1.58e-05 [48380612.48991714]
0.020 1.58e-05 [28652027.15044484]
0.040 1.58e-05 [7275853.34757741]
0.060 1.58e-05 [1645170.13199484]
0.080 1.58e-05 [305740.0687629]
0.100 1.58e-05 [44250.64876646]
0.120 1.58e-05 [2203.86034646]
0.001 3.16e-05 [1.20282838e+08]
0.002 3.16e-05 [1.75653738e+08]
0.003 3.16e-05 [2.04260767e+08]
0.004 3.16e-05 [2.02490371e+08]
0.005 3.16e-05 [1.95560717e+08]
0.007 3.16e-05 [1.62332416e+08]
0.010 3.16e-05 [1.16837529e+08]
0.020 3.16e-05 [32779020.14894367]
0.040 3.16e-05 [2615253.66237433]
0.060 3.16e-05 [195386.5269517]
0.080 3.16e-05 [8735.74075258]
0.100 3.16e-05 [492.08374701]
0.120 3.16e-05 [0.]
0.001 6.31e-05 [7.58727887e+08]
0.002 6.31e-05 [8.14583808e+08]
0.003 6.31e-05 [7.17910758e+08]
0.004 6.31e-05 [5.88924769e+08]
0.005 6.31e-05 [4.74207742e+08]
0.007 6.31e-05 [2.90172567e+08]
0.010 6.31e-05 [1.36444042e+08]
0.020 6.31e-05 [11286151.26655928]
0.040 6.31e-05 [48275.67029223]
0.060 6.31e-05 [0.]
0.080 6.31e-05 [0.]
0.100 6.31e-05 [0.]
0.120 6.31e-05 [0.]
0.001 1.26e-04 [3.13707208e+09]
0.002 1.26e-04 [2.39583179e+09]
0.003 1.26e-04 [1.49084192e+09]
0.004 1.26e-04 [9.08794772e+08]
0.005 1.26e-04 [5.50805878e+08]
0.007 1.26e-04 [2.11398111e+08]
0.010 1.26e-04 [46905699.27905763]
0.020 1.26e-04 [394823.60961469]
0.040 1.26e-04 [0.]
0.060 1.26e-04 [0.]
0.080 1.26e-04 [0.]
0.100 1.26e-04 [0.]
0.120 1.26e-04 [0.]
0.001 2.51e-04 [8.09445921e+09]
0.002 2.51e-04 [3.76614987e+09]
0.003 2.51e-04 [1.36886933e+09]
0.004 2.51e-04 [5.24463603e+08]
0.005 2.51e-04 [1.85381432e+08]
0.007 2.51e-04 [32330284.28366014]
0.010 2.51e-04 [1322011.48086717]
0.020 2.51e-04 [0.]
0.040 2.51e-04 [0.]
0.060 2.51e-04 [0.]
0.080 2.51e-04 [0.]
0.100 2.51e-04 [0.]
0.120 2.51e-04 [0.]
0.001 5.01e-04 [1.04936573e+10]
0.002 5.01e-04 [2.14552212e+09]
0.003 5.01e-04 [3.23232899e+08]
0.004 5.01e-04 [49362949.06753979]
0.005 5.01e-04 [6660776.05589139]
0.007 5.01e-04 [0.]
0.010 5.01e-04 [0.]
0.020 5.01e-04 [0.]
0.040 5.01e-04 [0.]
0.060 5.01e-04 [0.]
0.080 5.01e-04 [0.]
0.100 5.01e-04 [0.]
0.120 5.01e-04 [0.]
0.001 1.00e-03 [4.38683035e+09]
0.002 1.00e-03 [2.18193707e+08]
0.003 1.00e-03 [5317415.48646406]
0.004 1.00e-03 [0.]
0.005 1.00e-03 [0.]
0.007 1.00e-03 [0.]
0.010 1.00e-03 [0.]
0.020 1.00e-03 [0.]
0.040 1.00e-03 [0.]
0.060 1.00e-03 [0.]
0.080 1.00e-03 [0.]
0.100 1.00e-03 [0.]
0.120 1.00e-03 [0.]
0.001 1.00e-09 [0.]
0.002 1.00e-09 [0.]
0.003 1.00e-09 [0.]
0.004 1.00e-09 [0.]
0.005 1.00e-09 [0.]
0.007 1.00e-09 [0.]
0.010 1.00e-09 [0.]
0.020 1.00e-09 [0.]
0.040 1.00e-09 [0.]
0.060 1.00e-09 [0.]
0.080 1.00e-09 [0.]
0.100 1.00e-09 [0.]
0.120 1.00e-09 [0.]
0.001 2.00e-09 [0.]
0.002 2.00e-09 [0.]
0.003 2.00e-09 [0.]
0.004 2.00e-09 [0.]
0.005 2.00e-09 [0.]
0.007 2.00e-09 [0.]
0.010 2.00e-09 [0.]
0.020 2.00e-09 [0.]
0.040 2.00e-09 [0.]
0.060 2.00e-09 [0.]
0.080 2.00e-09 [0.]
0.100 2.00e-09 [1.96830718e-06]
0.120 2.00e-09 [2.07660372e-07]
0.001 4.00e-09 [0.]
0.002 4.00e-09 [0.]
0.003 4.00e-09 [0.]
0.004 4.00e-09 [0.]
0.005 4.00e-09 [0.]
0.007 4.00e-09 [0.]
0.010 4.00e-09 [0.]
0.020 4.00e-09 [0.]
0.040 4.00e-09 [6.46730562e-05]
0.060 4.00e-09 [4.40301445e-05]
0.080 4.00e-09 [4.65899591e-05]
0.100 4.00e-09 [1.57464574e-05]
0.120 4.00e-09 [2.49192446e-06]
0.001 8.00e-09 [0.]
0.002 8.00e-09 [0.]
0.003 8.00e-09 [0.]
0.004 8.00e-09 [0.]
0.005 8.00e-09 [0.]
0.007 8.00e-09 [0.]
0.010 8.00e-09 [0.]
0.020 8.00e-09 [0.00031887]
0.040 8.00e-09 [0.00051738]
0.060 8.00e-09 [0.00070448]
0.080 8.00e-09 [0.00055908]
0.100 8.00e-09 [0.00025194]
0.120 8.00e-09 [3.32256594e-05]
0.001 1.60e-08 [0.]
0.002 1.60e-08 [0.]
0.003 1.60e-08 [0.]
0.004 1.60e-08 [0.]
0.005 1.60e-08 [0.]
0.007 1.60e-08 [0.00135231]
0.010 1.60e-08 [0.00134095]
0.020 1.60e-08 [0.00382641]
0.040 1.60e-08 [0.01034769]
0.060 1.60e-08 [0.01268068]
0.080 1.60e-08 [0.00931799]
0.100 1.60e-08 [0.00415706]
0.120 1.60e-08 [0.00053161]
0.001 3.20e-08 [0.]
0.002 3.20e-08 [0.]
0.003 3.20e-08 [0.]
0.004 3.20e-08 [0.00543876]
0.005 3.20e-08 [0.00543069]
0.007 3.20e-08 [0.01081849]
0.010 3.20e-08 [0.02145527]
0.020 3.20e-08 [0.06632439]
0.040 3.20e-08 [0.16142395]
0.060 3.20e-08 [0.19725505]
0.080 3.20e-08 [0.15057875]
0.100 3.20e-08 [0.06600915]
0.120 3.20e-08 [0.00850577]
0.001 6.30e-08 [0.]
0.002 6.30e-08 [0.02112222]
0.003 6.30e-08 [0.04220964]
0.004 6.30e-08 [0.0632415]
0.005 6.30e-08 [0.08419694]
0.007 6.30e-08 [0.1677288]
0.010 6.30e-08 [0.33264047]
0.020 6.30e-08 [1.0282871]
0.040 6.30e-08 [2.50270176]
0.060 6.30e-08 [3.02545708]
0.080 6.30e-08 [2.31144434]
0.100 6.30e-08 [1.01558745]
0.120 6.30e-08 [0.13022423]
0.001 1.26e-07 [0.08452102]
0.002 1.26e-07 [0.25346658]
0.003 1.26e-07 [0.50651573]
0.004 1.26e-07 [0.92754194]
0.005 1.26e-07 [1.43134803]
0.007 1.26e-07 [2.68366081]
0.010 1.26e-07 [5.15592725]
0.020 1.26e-07 [16.45259359]
0.040 1.26e-07 [39.52985348]
0.060 1.26e-07 [47.6209129]
0.080 1.26e-07 [36.174104]
0.100 1.26e-07 [15.81191545]
0.120 1.26e-07 [2.01929984]
0.001 2.51e-07 [1.34162475]
0.002 2.51e-07 [3.68806437]
0.003 2.51e-07 [8.04005983]
0.004 2.51e-07 [15.39235436]
0.005 2.51e-07 [22.38605047]
0.007 2.51e-07 [42.26566623]
0.010 2.51e-07 [80.85139709]
0.020 2.51e-07 [256.13418553]
0.040 2.51e-07 [605.82234427]
0.060 2.51e-07 [714.98384327]
0.080 2.51e-07 [533.56687209]
0.100 2.51e-07 [229.03782698]
0.120 2.51e-07 [28.76910154]
0.001 5.01e-07 [21.3805593]
0.002 5.01e-07 [60.10994483]
0.003 5.01e-07 [128.12895403]
0.004 5.01e-07 [241.29804601]
0.005 5.01e-07 [351.42658439]
0.007 5.01e-07 [661.62598349]
0.010 5.01e-07 [1255.60438804]
0.020 5.01e-07 [3854.23357968]
0.040 5.01e-07 [8545.66088034]
0.060 5.01e-07 [9414.59053151]
0.080 5.01e-07 [6612.66299162]
0.100 5.01e-07 [2680.82291325]
0.120 5.01e-07 [320.32165632]
0.001 1.00e-06 [335.40086395]
0.002 1.00e-06 [936.63640025]
0.003 1.00e-06 [2015.30046937]
0.004 1.00e-06 [3744.45741211]
0.005 1.00e-06 [5409.47857021]
0.007 1.00e-06 [10010.26949184]
0.010 1.00e-06 [18417.16876977]
0.020 1.00e-06 [50704.87533056]
0.040 1.00e-06 [92421.8394426]
0.060 1.00e-06 [85800.99227872]
0.080 1.00e-06 [52739.8336758]
0.100 1.00e-06 [19250.53627579]
0.120 1.00e-06 [2122.70431793]
0.001 1.99e-06 [5254.85949585]
0.002 1.99e-06 [14424.18473155]
0.003 1.99e-06 [30475.36306298]
0.004 1.99e-06 [54961.5442415]
0.005 1.99e-06 [77401.95727783]
0.007 1.99e-06 [134766.01444194]
0.010 1.99e-06 [226761.29579904]
0.020 1.99e-06 [478311.75412642]
0.040 1.99e-06 [611518.95442051]
0.060 1.99e-06 [458452.55995905]
0.080 1.99e-06 [243167.21961233]
0.100 1.99e-06 [80411.18741827]
0.120 1.99e-06 [8191.37678371]
0.001 3.98e-06 [80661.42217203]
0.002 3.98e-06 [208492.85932997]
0.003 3.98e-06 [416389.53418959]
0.004 3.98e-06 [690068.25257837]
0.005 3.98e-06 [916737.29793175]
0.007 3.98e-06 [1417854.79213763]
0.010 3.98e-06 [2012374.88328502]
0.020 3.98e-06 [2929622.22040502]
0.040 3.98e-06 [2484123.38758033]
0.060 3.98e-06 [1475073.86654944]
0.080 3.98e-06 [662068.10169037]
0.100 3.98e-06 [191229.73244042]
0.120 3.98e-06 [17518.40038852]
0.001 7.94e-06 [1139327.54222758]
0.002 7.94e-06 [2617911.8753157]
0.003 7.94e-06 [4616237.61062313]
0.004 7.94e-06 [6575248.56177916]
0.005 7.94e-06 [8019329.05032434]
0.007 7.94e-06 [10473904.40634508]
0.010 7.94e-06 [12211508.68603303]
0.020 7.94e-06 [11771388.62618816]
0.040 7.94e-06 [6108979.98817538]
0.060 7.94e-06 [2523390.18443599]
0.080 7.94e-06 [855370.8443371]
0.100 7.94e-06 [192048.94495494]
0.120 7.94e-06 [14375.67816082]
0.001 1.58e-05 [13411735.80086971]
0.002 1.58e-05 [25567381.16638269]
0.003 1.58e-05 [37498044.70154373]
0.004 1.58e-05 [44429745.52233422]
0.005 1.58e-05 [48875907.97671182]
0.007 1.58e-05 [51173471.89433278]
0.010 1.58e-05 [48380612.48991714]
0.020 1.58e-05 [28652027.15044484]
0.040 1.58e-05 [7275853.34757741]
0.060 1.58e-05 [1645170.13199484]
0.080 1.58e-05 [305740.0687629]
0.100 1.58e-05 [44250.64876646]
0.120 1.58e-05 [2203.86034646]
0.001 3.16e-05 [1.20282838e+08]
0.002 3.16e-05 [1.75653738e+08]
0.003 3.16e-05 [2.04260767e+08]
0.004 3.16e-05 [2.02490371e+08]
0.005 3.16e-05 [1.95560717e+08]
0.007 3.16e-05 [1.62332416e+08]
0.010 3.16e-05 [1.16837529e+08]
0.020 3.16e-05 [32779020.14894367]
0.040 3.16e-05 [2615253.66237433]
0.060 3.16e-05 [195386.5269517]
0.080 3.16e-05 [8735.74075258]
0.100 3.16e-05 [492.08374701]
0.120 3.16e-05 [0.]
0.001 6.31e-05 [7.58727887e+08]
0.002 6.31e-05 [8.14583808e+08]
0.003 6.31e-05 [7.17910758e+08]
0.004 6.31e-05 [5.88924769e+08]
0.005 6.31e-05 [4.74207742e+08]
0.007 6.31e-05 [2.90172567e+08]
0.010 6.31e-05 [1.36444042e+08]
0.020 6.31e-05 [11286151.26655928]
0.040 6.31e-05 [48275.67029223]
0.060 6.31e-05 [0.]
0.080 6.31e-05 [0.]
0.100 6.31e-05 [0.]
0.120 6.31e-05 [0.]
0.001 1.26e-04 [3.13707208e+09]
0.002 1.26e-04 [2.39583179e+09]
0.003 1.26e-04 [1.49084192e+09]
0.004 1.26e-04 [9.08794772e+08]
0.005 1.26e-04 [5.50805878e+08]
0.007 1.26e-04 [2.11398111e+08]
0.010 1.26e-04 [46905699.27905763]
0.020 1.26e-04 [394823.60961469]
0.040 1.26e-04 [0.]
0.060 1.26e-04 [0.]
0.080 1.26e-04 [0.]
0.100 1.26e-04 [0.]
0.120 1.26e-04 [0.]
0.001 2.51e-04 [8.09445921e+09]
0.002 2.51e-04 [3.76614987e+09]
0.003 2.51e-04 [1.36886933e+09]
0.004 2.51e-04 [5.24463603e+08]
0.005 2.51e-04 [1.85381432e+08]
0.007 2.51e-04 [32330284.28366014]
0.010 2.51e-04 [1322011.48086717]
0.020 2.51e-04 [0.]
0.040 2.51e-04 [0.]
0.060 2.51e-04 [0.]
0.080 2.51e-04 [0.]
0.100 2.51e-04 [0.]
0.120 2.51e-04 [0.]
0.001 5.01e-04 [1.04936573e+10]
0.002 5.01e-04 [2.14552212e+09]
0.003 5.01e-04 [3.23232899e+08]
0.004 5.01e-04 [49362949.06753979]
0.005 5.01e-04 [6660776.05589139]
0.007 5.01e-04 [0.]
0.010 5.01e-04 [0.]
0.020 5.01e-04 [0.]
0.040 5.01e-04 [0.]
0.060 5.01e-04 [0.]
0.080 5.01e-04 [0.]
0.100 5.01e-04 [0.]
0.120 5.01e-04 [0.]
0.001 1.00e-03 [4.38683035e+09]
0.002 1.00e-03 [2.18193707e+08]
0.003 1.00e-03 [5317415.48646406]
0.004 1.00e-03 [0.]
0.005 1.00e-03 [0.]
0.007 1.00e-03 [0.]
0.010 1.00e-03 [0.]
0.020 1.00e-03 [0.]
0.040 1.00e-03 [0.]
0.060 1.00e-03 [0.]
0.080 1.00e-03 [0.]
0.100 1.00e-03 [0.]
0.120 1.00e-03 [0.]
0.001 1.00e-09 [0.]
0.002 1.00e-09 [0.]
0.003 1.00e-09 [0.]
0.004 1.00e-09 [0.]
0.005 1.00e-09 [0.]
0.007 1.00e-09 [0.]
0.010 1.00e-09 [0.]
0.020 1.00e-09 [0.]
0.040 1.00e-09 [0.]
0.060 1.00e-09 [0.]
0.080 1.00e-09 [0.]
0.100 1.00e-09 [0.]
0.120 1.00e-09 [0.]
0.001 2.00e-09 [0.]
0.002 2.00e-09 [0.]
0.003 2.00e-09 [0.]
0.004 2.00e-09 [0.]
0.005 2.00e-09 [0.]
0.007 2.00e-09 [0.]
0.010 2.00e-09 [0.]
0.020 2.00e-09 [0.]
0.040 2.00e-09 [0.]
0.060 2.00e-09 [0.]
0.080 2.00e-09 [0.]
0.100 2.00e-09 [1.96830718e-06]
0.120 2.00e-09 [2.07660372e-07]
0.001 4.00e-09 [0.]
0.002 4.00e-09 [0.]
0.003 4.00e-09 [0.]
0.004 4.00e-09 [0.]
0.005 4.00e-09 [0.]
0.007 4.00e-09 [0.]
0.010 4.00e-09 [0.]
0.020 4.00e-09 [0.]
0.040 4.00e-09 [6.46730562e-05]
0.060 4.00e-09 [4.40301445e-05]
0.080 4.00e-09 [4.65899591e-05]
0.100 4.00e-09 [1.57464574e-05]
0.120 4.00e-09 [2.49192446e-06]
0.001 8.00e-09 [0.]
0.002 8.00e-09 [0.]
0.003 8.00e-09 [0.]
0.004 8.00e-09 [0.]
0.005 8.00e-09 [0.]
0.007 8.00e-09 [0.]
0.010 8.00e-09 [0.]
0.020 8.00e-09 [0.00031887]
0.040 8.00e-09 [0.00051738]
0.060 8.00e-09 [0.00070448]
0.080 8.00e-09 [0.00055908]
0.100 8.00e-09 [0.00025194]
0.120 8.00e-09 [3.32256594e-05]
0.001 1.60e-08 [0.]
0.002 1.60e-08 [0.]
0.003 1.60e-08 [0.]
0.004 1.60e-08 [0.]
0.005 1.60e-08 [0.]
0.007 1.60e-08 [0.00135231]
0.010 1.60e-08 [0.00134095]
0.020 1.60e-08 [0.00382641]
0.040 1.60e-08 [0.01034769]
0.060 1.60e-08 [0.01268068]
0.080 1.60e-08 [0.00931799]
0.100 1.60e-08 [0.00415706]
0.120 1.60e-08 [0.00053161]
0.001 3.20e-08 [0.]
0.002 3.20e-08 [0.]
0.003 3.20e-08 [0.]
0.004 3.20e-08 [0.00543876]
0.005 3.20e-08 [0.00543069]
0.007 3.20e-08 [0.01081849]
0.010 3.20e-08 [0.02145527]
0.020 3.20e-08 [0.06632439]
0.040 3.20e-08 [0.16142395]
0.060 3.20e-08 [0.19725505]
0.080 3.20e-08 [0.15057875]
0.100 3.20e-08 [0.06600915]
0.120 3.20e-08 [0.00850577]
0.001 6.30e-08 [0.]
0.002 6.30e-08 [0.02112222]
0.003 6.30e-08 [0.04220964]
0.004 6.30e-08 [0.0632415]
0.005 6.30e-08 [0.08419694]
0.007 6.30e-08 [0.1677288]
0.010 6.30e-08 [0.33264047]
0.020 6.30e-08 [1.0282871]
0.040 6.30e-08 [2.50270176]
0.060 6.30e-08 [3.02545708]
0.080 6.30e-08 [2.31144434]
0.100 6.30e-08 [1.01558745]
0.120 6.30e-08 [0.13022423]
0.001 1.26e-07 [0.08452102]
0.002 1.26e-07 [0.25346658]
0.003 1.26e-07 [0.50651573]
0.004 1.26e-07 [0.92754194]
0.005 1.26e-07 [1.43134803]
0.007 1.26e-07 [2.68366081]
0.010 1.26e-07 [5.15592725]
0.020 1.26e-07 [16.45259359]
0.040 1.26e-07 [39.52985348]
0.060 1.26e-07 [47.6209129]
0.080 1.26e-07 [36.174104]
0.100 1.26e-07 [15.81191545]
0.120 1.26e-07 [2.01929984]
0.001 2.51e-07 [1.34162475]
0.002 2.51e-07 [3.68806437]
0.003 2.51e-07 [8.04005983]
0.004 2.51e-07 [15.39235436]
0.005 2.51e-07 [22.38605047]
0.007 2.51e-07 [42.26566623]
0.010 2.51e-07 [80.85139709]
0.020 2.51e-07 [256.13418553]
0.040 2.51e-07 [605.82234427]
0.060 2.51e-07 [714.98384327]
0.080 2.51e-07 [533.56687209]
0.100 2.51e-07 [229.03782698]
0.120 2.51e-07 [28.76910154]
0.001 5.01e-07 [21.3805593]
0.002 5.01e-07 [60.10994483]
0.003 5.01e-07 [128.12895403]
0.004 5.01e-07 [241.29804601]
0.005 5.01e-07 [351.42658439]
0.007 5.01e-07 [661.62598349]
0.010 5.01e-07 [1255.60438804]
0.020 5.01e-07 [3854.23357968]
0.040 5.01e-07 [8545.66088034]
0.060 5.01e-07 [9414.59053151]
0.080 5.01e-07 [6612.66299162]
0.100 5.01e-07 [2680.82291325]
0.120 5.01e-07 [320.32165632]
0.001 1.00e-06 [335.40086395]
0.002 1.00e-06 [936.63640025]
0.003 1.00e-06 [2015.30046937]
0.004 1.00e-06 [3744.45741211]
0.005 1.00e-06 [5409.47857021]
0.007 1.00e-06 [10010.26949184]
0.010 1.00e-06 [18417.16876977]
0.020 1.00e-06 [50704.87533056]
0.040 1.00e-06 [92421.8394426]
0.060 1.00e-06 [85800.99227872]
0.080 1.00e-06 [52739.8336758]
0.100 1.00e-06 [19250.53627579]
0.120 1.00e-06 [2122.70431793]
0.001 1.99e-06 [5254.85949585]
0.002 1.99e-06 [14424.18473155]
0.003 1.99e-06 [30475.36306298]
0.004 1.99e-06 [54961.5442415]
0.005 1.99e-06 [77401.95727783]
0.007 1.99e-06 [134766.01444194]
0.010 1.99e-06 [226761.29579904]
0.020 1.99e-06 [478311.75412642]
0.040 1.99e-06 [611518.95442051]
0.060 1.99e-06 [458452.55995905]
0.080 1.99e-06 [243167.21961233]
0.100 1.99e-06 [80411.18741827]
0.120 1.99e-06 [8191.37678371]
0.001 3.98e-06 [80661.42217203]
0.002 3.98e-06 [208492.85932997]
0.003 3.98e-06 [416389.53418959]
0.004 3.98e-06 [690068.25257837]
0.005 3.98e-06 [916737.29793175]
0.007 3.98e-06 [1417854.79213763]
0.010 3.98e-06 [2012374.88328502]
0.020 3.98e-06 [2929622.22040502]
0.040 3.98e-06 [2484123.38758033]
0.060 3.98e-06 [1475073.86654944]
0.080 3.98e-06 [662068.10169037]
0.100 3.98e-06 [191229.73244042]
0.120 3.98e-06 [17518.40038852]
0.001 7.94e-06 [1139327.54222758]
0.002 7.94e-06 [2617911.8753157]
0.003 7.94e-06 [4616237.61062313]
0.004 7.94e-06 [6575248.56177916]
0.005 7.94e-06 [8019329.05032434]
0.007 7.94e-06 [10473904.40634508]
0.010 7.94e-06 [12211508.68603303]
0.020 7.94e-06 [11771388.62618816]
0.040 7.94e-06 [6108979.98817538]
0.060 7.94e-06 [2523390.18443599]
0.080 7.94e-06 [855370.8443371]
0.100 7.94e-06 [192048.94495494]
0.120 7.94e-06 [14375.67816082]
0.001 1.58e-05 [13411735.80086971]
0.002 1.58e-05 [25567381.16638269]
0.003 1.58e-05 [37498044.70154373]
0.004 1.58e-05 [44429745.52233422]
0.005 1.58e-05 [48875907.97671182]
0.007 1.58e-05 [51173471.89433278]
0.010 1.58e-05 [48380612.48991714]
0.020 1.58e-05 [28652027.15044484]
0.040 1.58e-05 [7275853.34757741]
0.060 1.58e-05 [1645170.13199484]
0.080 1.58e-05 [305740.0687629]
0.100 1.58e-05 [44250.64876646]
0.120 1.58e-05 [2203.86034646]
0.001 3.16e-05 [1.20282838e+08]
0.002 3.16e-05 [1.75653738e+08]
0.003 3.16e-05 [2.04260767e+08]
0.004 3.16e-05 [2.02490371e+08]
0.005 3.16e-05 [1.95560717e+08]
0.007 3.16e-05 [1.62332416e+08]
0.010 3.16e-05 [1.16837529e+08]
0.020 3.16e-05 [32779020.14894367]
0.040 3.16e-05 [2615253.66237433]
0.060 3.16e-05 [195386.5269517]
0.080 3.16e-05 [8735.74075258]
0.100 3.16e-05 [492.08374701]
0.120 3.16e-05 [0.]
0.001 6.31e-05 [7.58727887e+08]
0.002 6.31e-05 [8.14583808e+08]
0.003 6.31e-05 [7.17910758e+08]
0.004 6.31e-05 [5.88924769e+08]
0.005 6.31e-05 [4.74207742e+08]
0.007 6.31e-05 [2.90172567e+08]
0.010 6.31e-05 [1.36444042e+08]
0.020 6.31e-05 [11286151.26655928]
0.040 6.31e-05 [48275.67029223]
0.060 6.31e-05 [0.]
0.080 6.31e-05 [0.]
0.100 6.31e-05 [0.]
0.120 6.31e-05 [0.]
0.001 1.26e-04 [3.13707208e+09]
0.002 1.26e-04 [2.39583179e+09]
0.003 1.26e-04 [1.49084192e+09]
0.004 1.26e-04 [9.08794772e+08]
0.005 1.26e-04 [5.50805878e+08]
0.007 1.26e-04 [2.11398111e+08]
0.010 1.26e-04 [46905699.27905763]
0.020 1.26e-04 [394823.60961469]
0.040 1.26e-04 [0.]
0.060 1.26e-04 [0.]
0.080 1.26e-04 [0.]
0.100 1.26e-04 [0.]
0.120 1.26e-04 [0.]
0.001 2.51e-04 [8.09445921e+09]
0.002 2.51e-04 [3.76614987e+09]
0.003 2.51e-04 [1.36886933e+09]
0.004 2.51e-04 [5.24463603e+08]
0.005 2.51e-04 [1.85381432e+08]
0.007 2.51e-04 [32330284.28366014]
0.010 2.51e-04 [1322011.48086717]
0.020 2.51e-04 [0.]
0.040 2.51e-04 [0.]
0.060 2.51e-04 [0.]
0.080 2.51e-04 [0.]
0.100 2.51e-04 [0.]
0.120 2.51e-04 [0.]
0.001 5.01e-04 [1.04936573e+10]
0.002 5.01e-04 [2.14552212e+09]
0.003 5.01e-04 [3.23232899e+08]
0.004 5.01e-04 [49362949.06753979]
0.005 5.01e-04 [6660776.05589139]
0.007 5.01e-04 [0.]
0.010 5.01e-04 [0.]
0.020 5.01e-04 [0.]
0.040 5.01e-04 [0.]
0.060 5.01e-04 [0.]
0.080 5.01e-04 [0.]
0.100 5.01e-04 [0.]
0.120 5.01e-04 [0.]
0.001 1.00e-03 [4.38683035e+09]
0.002 1.00e-03 [2.18193707e+08]
0.003 1.00e-03 [5317415.48646406]
0.004 1.00e-03 [0.]
0.005 1.00e-03 [0.]
0.007 1.00e-03 [0.]
0.010 1.00e-03 [0.]
0.020 1.00e-03 [0.]
0.040 1.00e-03 [0.]
0.060 1.00e-03 [0.]
0.080 1.00e-03 [0.]
0.100 1.00e-03 [0.]
0.120 1.00e-03 [0.]
0.001 1.00e-09 [0.]
0.002 1.00e-09 [0.]
0.003 1.00e-09 [0.]
0.004 1.00e-09 [0.]
0.005 1.00e-09 [0.]
0.007 1.00e-09 [0.]
0.010 1.00e-09 [0.]
0.020 1.00e-09 [0.]
0.040 1.00e-09 [0.]
0.060 1.00e-09 [0.]
0.080 1.00e-09 [0.]
0.100 1.00e-09 [0.]
0.120 1.00e-09 [0.]
0.001 2.00e-09 [0.]
0.002 2.00e-09 [0.]
0.003 2.00e-09 [0.]
0.004 2.00e-09 [0.]
0.005 2.00e-09 [0.]
0.007 2.00e-09 [0.]
0.010 2.00e-09 [0.]
0.020 2.00e-09 [0.]
0.040 2.00e-09 [0.]
0.060 2.00e-09 [0.]
0.080 2.00e-09 [0.]
0.100 2.00e-09 [1.96830718e-06]
0.120 2.00e-09 [2.07660372e-07]
0.001 4.00e-09 [0.]
0.002 4.00e-09 [0.]
0.003 4.00e-09 [0.]
0.004 4.00e-09 [0.]
0.005 4.00e-09 [0.]
0.007 4.00e-09 [0.]
0.010 4.00e-09 [0.]
0.020 4.00e-09 [0.]
0.040 4.00e-09 [6.46730562e-05]
0.060 4.00e-09 [4.40301445e-05]
0.080 4.00e-09 [4.65899591e-05]
0.100 4.00e-09 [1.57464574e-05]
0.120 4.00e-09 [2.49192446e-06]
0.001 8.00e-09 [0.]
0.002 8.00e-09 [0.]
0.003 8.00e-09 [0.]
0.004 8.00e-09 [0.]
0.005 8.00e-09 [0.]
0.007 8.00e-09 [0.]
0.010 8.00e-09 [0.]
0.020 8.00e-09 [0.00031887]
0.040 8.00e-09 [0.00051738]
0.060 8.00e-09 [0.00070448]
0.080 8.00e-09 [0.00055908]
0.100 8.00e-09 [0.00025194]
0.120 8.00e-09 [3.32256594e-05]
0.001 1.60e-08 [0.]
0.002 1.60e-08 [0.]
0.003 1.60e-08 [0.]
0.004 1.60e-08 [0.]
0.005 1.60e-08 [0.]
0.007 1.60e-08 [0.00135231]
0.010 1.60e-08 [0.00134095]
0.020 1.60e-08 [0.00382641]
0.040 1.60e-08 [0.01034769]
0.060 1.60e-08 [0.01268068]
0.080 1.60e-08 [0.00931799]
0.100 1.60e-08 [0.00415706]
0.120 1.60e-08 [0.00053161]
0.001 3.20e-08 [0.]
0.002 3.20e-08 [0.]
0.003 3.20e-08 [0.]
0.004 3.20e-08 [0.00543876]
0.005 3.20e-08 [0.00543069]
0.007 3.20e-08 [0.01081849]
0.010 3.20e-08 [0.02145527]
0.020 3.20e-08 [0.06632439]
0.040 3.20e-08 [0.16142395]
0.060 3.20e-08 [0.19725505]
0.080 3.20e-08 [0.15057875]
0.100 3.20e-08 [0.06600915]
0.120 3.20e-08 [0.00850577]
0.001 6.30e-08 [0.]
0.002 6.30e-08 [0.02112222]
0.003 6.30e-08 [0.04220964]
0.004 6.30e-08 [0.0632415]
0.005 6.30e-08 [0.08419694]
0.007 6.30e-08 [0.1677288]
0.010 6.30e-08 [0.33264047]
0.020 6.30e-08 [1.0282871]
0.040 6.30e-08 [2.50270176]
0.060 6.30e-08 [3.02545708]
0.080 6.30e-08 [2.31144434]
0.100 6.30e-08 [1.01558745]
0.120 6.30e-08 [0.13022423]
0.001 1.26e-07 [0.08452102]
0.002 1.26e-07 [0.25346658]
0.003 1.26e-07 [0.50651573]
0.004 1.26e-07 [0.92754194]
0.005 1.26e-07 [1.43134803]
0.007 1.26e-07 [2.68366081]
0.010 1.26e-07 [5.15592725]
0.020 1.26e-07 [16.45259359]
0.040 1.26e-07 [39.52985348]
0.060 1.26e-07 [47.6209129]
0.080 1.26e-07 [36.174104]
0.100 1.26e-07 [15.81191545]
0.120 1.26e-07 [2.01929984]
0.001 2.51e-07 [1.34162475]
0.002 2.51e-07 [3.68806437]
0.003 2.51e-07 [8.04005983]
0.004 2.51e-07 [15.39235436]
0.005 2.51e-07 [22.38605047]
0.007 2.51e-07 [42.26566623]
0.010 2.51e-07 [80.85139709]
0.020 2.51e-07 [256.13418553]
0.040 2.51e-07 [605.82234427]
0.060 2.51e-07 [714.98384327]
0.080 2.51e-07 [533.56687209]
0.100 2.51e-07 [229.03782698]
0.120 2.51e-07 [28.76910154]
0.001 5.01e-07 [21.3805593]
0.002 5.01e-07 [60.10994483]
0.003 5.01e-07 [128.12895403]
0.004 5.01e-07 [241.29804601]
0.005 5.01e-07 [351.42658439]
0.007 5.01e-07 [661.62598349]
0.010 5.01e-07 [1255.60438804]
0.020 5.01e-07 [3854.23357968]
0.040 5.01e-07 [8545.66088034]
0.060 5.01e-07 [9414.59053151]
0.080 5.01e-07 [6612.66299162]
0.100 5.01e-07 [2680.82291325]
0.120 5.01e-07 [320.32165632]
0.001 1.00e-06 [335.40086395]
0.002 1.00e-06 [936.63640025]
0.003 1.00e-06 [2015.30046937]
0.004 1.00e-06 [3744.45741211]
0.005 1.00e-06 [5409.47857021]
0.007 1.00e-06 [10010.26949184]
0.010 1.00e-06 [18417.16876977]
0.020 1.00e-06 [50704.87533056]
0.040 1.00e-06 [92421.8394426]
0.060 1.00e-06 [85800.99227872]
0.080 1.00e-06 [52739.8336758]
0.100 1.00e-06 [19250.53627579]
0.120 1.00e-06 [2122.70431793]
0.001 1.99e-06 [5254.85949585]
0.002 1.99e-06 [14424.18473155]
0.003 1.99e-06 [30475.36306298]
0.004 1.99e-06 [54961.5442415]
0.005 1.99e-06 [77401.95727783]
0.007 1.99e-06 [134766.01444194]
0.010 1.99e-06 [226761.29579904]
0.020 1.99e-06 [478311.75412642]
0.040 1.99e-06 [611518.95442051]
0.060 1.99e-06 [458452.55995905]
0.080 1.99e-06 [243167.21961233]
0.100 1.99e-06 [80411.18741827]
0.120 1.99e-06 [8191.37678371]
0.001 3.98e-06 [80661.42217203]
0.002 3.98e-06 [208492.85932997]
0.003 3.98e-06 [416389.53418959]
0.004 3.98e-06 [690068.25257837]
0.005 3.98e-06 [916737.29793175]
0.007 3.98e-06 [1417854.79213763]
0.010 3.98e-06 [2012374.88328502]
0.020 3.98e-06 [2929622.22040502]
0.040 3.98e-06 [2484123.38758033]
0.060 3.98e-06 [1475073.86654944]
0.080 3.98e-06 [662068.10169037]
0.100 3.98e-06 [191229.73244042]
0.120 3.98e-06 [17518.40038852]
0.001 7.94e-06 [1139327.54222758]
0.002 7.94e-06 [2617911.8753157]
0.003 7.94e-06 [4616237.61062313]
0.004 7.94e-06 [6575248.56177916]
0.005 7.94e-06 [8019329.05032434]
0.007 7.94e-06 [10473904.40634508]
0.010 7.94e-06 [12211508.68603303]
0.020 7.94e-06 [11771388.62618816]
0.040 7.94e-06 [6108979.98817538]
0.060 7.94e-06 [2523390.18443599]
0.080 7.94e-06 [855370.8443371]
0.100 7.94e-06 [192048.94495494]
0.120 7.94e-06 [14375.67816082]
0.001 1.58e-05 [13411735.80086971]
0.002 1.58e-05 [25567381.16638269]
0.003 1.58e-05 [37498044.70154373]
0.004 1.58e-05 [44429745.52233422]
0.005 1.58e-05 [48875907.97671182]
0.007 1.58e-05 [51173471.89433278]
0.010 1.58e-05 [48380612.48991714]
0.020 1.58e-05 [28652027.15044484]
0.040 1.58e-05 [7275853.34757741]
0.060 1.58e-05 [1645170.13199484]
0.080 1.58e-05 [305740.0687629]
0.100 1.58e-05 [44250.64876646]
0.120 1.58e-05 [2203.86034646]
0.001 3.16e-05 [1.20282838e+08]
0.002 3.16e-05 [1.75653738e+08]
0.003 3.16e-05 [2.04260767e+08]
0.004 3.16e-05 [2.02490371e+08]
0.005 3.16e-05 [1.95560717e+08]
0.007 3.16e-05 [1.62332416e+08]
0.010 3.16e-05 [1.16837529e+08]
0.020 3.16e-05 [32779020.14894367]
0.040 3.16e-05 [2615253.66237433]
0.060 3.16e-05 [195386.5269517]
0.080 3.16e-05 [8735.74075258]
0.100 3.16e-05 [492.08374701]
0.120 3.16e-05 [0.]
0.001 6.31e-05 [7.58727887e+08]
0.002 6.31e-05 [8.14583808e+08]
0.003 6.31e-05 [7.17910758e+08]
0.004 6.31e-05 [5.88924769e+08]
0.005 6.31e-05 [4.74207742e+08]
0.007 6.31e-05 [2.90172567e+08]
0.010 6.31e-05 [1.36444042e+08]
0.020 6.31e-05 [11286151.26655928]
0.040 6.31e-05 [48275.67029223]
0.060 6.31e-05 [0.]
0.080 6.31e-05 [0.]
0.100 6.31e-05 [0.]
0.120 6.31e-05 [0.]
0.001 1.26e-04 [3.13707208e+09]
0.002 1.26e-04 [2.39583179e+09]
0.003 1.26e-04 [1.49084192e+09]
0.004 1.26e-04 [9.08794772e+08]
0.005 1.26e-04 [5.50805878e+08]
0.007 1.26e-04 [2.11398111e+08]
0.010 1.26e-04 [46905699.27905763]
0.020 1.26e-04 [394823.60961469]
0.040 1.26e-04 [0.]
0.060 1.26e-04 [0.]
0.080 1.26e-04 [0.]
0.100 1.26e-04 [0.]
0.120 1.26e-04 [0.]
0.001 2.51e-04 [8.09445921e+09]
0.002 2.51e-04 [3.76614987e+09]
0.003 2.51e-04 [1.36886933e+09]
0.004 2.51e-04 [5.24463603e+08]
0.005 2.51e-04 [1.85381432e+08]
0.007 2.51e-04 [32330284.28366014]
0.010 2.51e-04 [1322011.48086717]
0.020 2.51e-04 [0.]
0.040 2.51e-04 [0.]
0.060 2.51e-04 [0.]
0.080 2.51e-04 [0.]
0.100 2.51e-04 [0.]
0.120 2.51e-04 [0.]
0.001 5.01e-04 [1.04936573e+10]
0.002 5.01e-04 [2.14552212e+09]
0.003 5.01e-04 [3.23232899e+08]
0.004 5.01e-04 [49362949.06753979]
0.005 5.01e-04 [6660776.05589139]
0.007 5.01e-04 [0.]
0.010 5.01e-04 [0.]
0.020 5.01e-04 [0.]
0.040 5.01e-04 [0.]
0.060 5.01e-04 [0.]
0.080 5.01e-04 [0.]
0.100 5.01e-04 [0.]
0.120 5.01e-04 [0.]
0.001 1.00e-03 [4.38683035e+09]
0.002 1.00e-03 [2.18193707e+08]
0.003 1.00e-03 [5317415.48646406]
0.004 1.00e-03 [0.]
0.005 1.00e-03 [0.]
0.007 1.00e-03 [0.]
0.010 1.00e-03 [0.]
0.020 1.00e-03 [0.]
0.040 1.00e-03 [0.]
0.060 1.00e-03 [0.]
0.080 1.00e-03 [0.]
0.100 1.00e-03 [0.]
0.120 1.00e-03 [0.]
0.001 1.00e-09 [0.]
0.002 1.00e-09 [0.]
0.003 1.00e-09 [0.]
0.004 1.00e-09 [0.]
0.005 1.00e-09 [0.]
0.007 1.00e-09 [0.]
0.010 1.00e-09 [0.]
0.020 1.00e-09 [0.]
0.040 1.00e-09 [0.]
0.060 1.00e-09 [0.]
0.080 1.00e-09 [0.]
0.100 1.00e-09 [0.]
0.120 1.00e-09 [0.]
0.001 2.00e-09 [0.]
0.002 2.00e-09 [0.]
0.003 2.00e-09 [0.]
0.004 2.00e-09 [0.]
0.005 2.00e-09 [0.]
0.007 2.00e-09 [0.]
0.010 2.00e-09 [0.]
0.020 2.00e-09 [0.]
0.040 2.00e-09 [0.]
0.060 2.00e-09 [0.]
0.080 2.00e-09 [0.]
0.100 2.00e-09 [1.96830718e-06]
0.120 2.00e-09 [2.07660372e-07]
0.001 4.00e-09 [0.]
0.002 4.00e-09 [0.]
0.003 4.00e-09 [0.]
0.004 4.00e-09 [0.]
0.005 4.00e-09 [0.]
0.007 4.00e-09 [0.]
0.010 4.00e-09 [0.]
0.020 4.00e-09 [0.]
0.040 4.00e-09 [6.46730562e-05]
0.060 4.00e-09 [4.40301445e-05]
0.080 4.00e-09 [4.65899591e-05]
0.100 4.00e-09 [1.57464574e-05]
0.120 4.00e-09 [2.49192446e-06]
0.001 8.00e-09 [0.]
0.002 8.00e-09 [0.]
0.003 8.00e-09 [0.]
0.004 8.00e-09 [0.]
0.005 8.00e-09 [0.]
0.007 8.00e-09 [0.]
0.010 8.00e-09 [0.]
0.020 8.00e-09 [0.00031887]
0.040 8.00e-09 [0.00051738]
0.060 8.00e-09 [0.00070448]
0.080 8.00e-09 [0.00055908]
0.100 8.00e-09 [0.00025194]
0.120 8.00e-09 [3.32256594e-05]
0.001 1.60e-08 [0.]
0.002 1.60e-08 [0.]
0.003 1.60e-08 [0.]
0.004 1.60e-08 [0.]
0.005 1.60e-08 [0.]
0.007 1.60e-08 [0.00135231]
0.010 1.60e-08 [0.00134095]
0.020 1.60e-08 [0.00382641]
0.040 1.60e-08 [0.01034769]
0.060 1.60e-08 [0.01268068]
0.080 1.60e-08 [0.00931799]
0.100 1.60e-08 [0.00415706]
0.120 1.60e-08 [0.00053161]
0.001 3.20e-08 [0.]
0.002 3.20e-08 [0.]
0.003 3.20e-08 [0.]
0.004 3.20e-08 [0.00543876]
0.005 3.20e-08 [0.00543069]
0.007 3.20e-08 [0.01081849]
0.010 3.20e-08 [0.02145527]
0.020 3.20e-08 [0.06632439]
0.040 3.20e-08 [0.16142395]
0.060 3.20e-08 [0.19725505]
0.080 3.20e-08 [0.15057875]
0.100 3.20e-08 [0.06600915]
0.120 3.20e-08 [0.00850577]
0.001 6.30e-08 [0.]
0.002 6.30e-08 [0.02112222]
0.003 6.30e-08 [0.04220964]
0.004 6.30e-08 [0.0632415]
0.005 6.30e-08 [0.08419694]
0.007 6.30e-08 [0.1677288]
0.010 6.30e-08 [0.33264047]
0.020 6.30e-08 [1.0282871]
0.040 6.30e-08 [2.50270176]
0.060 6.30e-08 [3.02545708]
0.080 6.30e-08 [2.31144434]
0.100 6.30e-08 [1.01558745]
0.120 6.30e-08 [0.13022423]
0.001 1.26e-07 [0.08452102]
0.002 1.26e-07 [0.25346658]
0.003 1.26e-07 [0.50651573]
0.004 1.26e-07 [0.92754194]
0.005 1.26e-07 [1.43134803]
0.007 1.26e-07 [2.68366081]
0.010 1.26e-07 [5.15592725]
0.020 1.26e-07 [16.45259359]
0.040 1.26e-07 [39.52985348]
0.060 1.26e-07 [47.6209129]
0.080 1.26e-07 [36.174104]
0.100 1.26e-07 [15.81191545]
0.120 1.26e-07 [2.01929984]
0.001 2.51e-07 [1.34162475]
0.002 2.51e-07 [3.68806437]
0.003 2.51e-07 [8.04005983]
0.004 2.51e-07 [15.39235436]
0.005 2.51e-07 [22.38605047]
0.007 2.51e-07 [42.26566623]
0.010 2.51e-07 [80.85139709]
0.020 2.51e-07 [256.13418553]
0.040 2.51e-07 [605.82234427]
0.060 2.51e-07 [714.98384327]
0.080 2.51e-07 [533.56687209]
0.100 2.51e-07 [229.03782698]
0.120 2.51e-07 [28.76910154]
0.001 5.01e-07 [21.3805593]
0.002 5.01e-07 [60.10994483]
0.003 5.01e-07 [128.12895403]
0.004 5.01e-07 [241.29804601]
0.005 5.01e-07 [351.42658439]
0.007 5.01e-07 [661.62598349]
0.010 5.01e-07 [1255.60438804]
0.020 5.01e-07 [3854.23357968]
0.040 5.01e-07 [8545.66088034]
0.060 5.01e-07 [9414.59053151]
0.080 5.01e-07 [6612.66299162]
0.100 5.01e-07 [2680.82291325]
0.120 5.01e-07 [320.32165632]
0.001 1.00e-06 [335.40086395]
0.002 1.00e-06 [936.63640025]
0.003 1.00e-06 [2015.30046937]
0.004 1.00e-06 [3744.45741211]
0.005 1.00e-06 [5409.47857021]
0.007 1.00e-06 [10010.26949184]
0.010 1.00e-06 [18417.16876977]
0.020 1.00e-06 [50704.87533056]
0.040 1.00e-06 [92421.8394426]
0.060 1.00e-06 [85800.99227872]
0.080 1.00e-06 [52739.8336758]
0.100 1.00e-06 [19250.53627579]
0.120 1.00e-06 [2122.70431793]
0.001 1.99e-06 [5254.85949585]
0.002 1.99e-06 [14424.18473155]
0.003 1.99e-06 [30475.36306298]
0.004 1.99e-06 [54961.5442415]
0.005 1.99e-06 [77401.95727783]
0.007 1.99e-06 [134766.01444194]
0.010 1.99e-06 [226761.29579904]
0.020 1.99e-06 [478311.75412642]
0.040 1.99e-06 [611518.95442051]
0.060 1.99e-06 [458452.55995905]
0.080 1.99e-06 [243167.21961233]
0.100 1.99e-06 [80411.18741827]
0.120 1.99e-06 [8191.37678371]
0.001 3.98e-06 [80661.42217203]
0.002 3.98e-06 [208492.85932997]
0.003 3.98e-06 [416389.53418959]
0.004 3.98e-06 [690068.25257837]
0.005 3.98e-06 [916737.29793175]
0.007 3.98e-06 [1417854.79213763]
0.010 3.98e-06 [2012374.88328502]
0.020 3.98e-06 [2929622.22040502]
0.040 3.98e-06 [2484123.38758033]
0.060 3.98e-06 [1475073.86654944]
0.080 3.98e-06 [662068.10169037]
0.100 3.98e-06 [191229.73244042]
0.120 3.98e-06 [17518.40038852]
0.001 7.94e-06 [1139327.54222758]
0.002 7.94e-06 [2617911.8753157]
0.003 7.94e-06 [4616237.61062313]
0.004 7.94e-06 [6575248.56177916]
0.005 7.94e-06 [8019329.05032434]
0.007 7.94e-06 [10473904.40634508]
0.010 7.94e-06 [12211508.68603303]
0.020 7.94e-06 [11771388.62618816]
0.040 7.94e-06 [6108979.98817538]
0.060 7.94e-06 [2523390.18443599]
0.080 7.94e-06 [855370.8443371]
0.100 7.94e-06 [192048.94495494]
0.120 7.94e-06 [14375.67816082]
0.001 1.58e-05 [13411735.80086971]
0.002 1.58e-05 [25567381.16638269]
0.003 1.58e-05 [37498044.70154373]
0.004 1.58e-05 [44429745.52233422]
0.005 1.58e-05 [48875907.97671182]
0.007 1.58e-05 [51173471.89433278]
0.010 1.58e-05 [48380612.48991714]
0.020 1.58e-05 [28652027.15044484]
0.040 1.58e-05 [7275853.34757741]
0.060 1.58e-05 [1645170.13199484]
0.080 1.58e-05 [305740.0687629]
0.100 1.58e-05 [44250.64876646]
0.120 1.58e-05 [2203.86034646]
0.001 3.16e-05 [1.20282838e+08]
0.002 3.16e-05 [1.75653738e+08]
0.003 3.16e-05 [2.04260767e+08]
0.004 3.16e-05 [2.02490371e+08]
0.005 3.16e-05 [1.95560717e+08]
0.007 3.16e-05 [1.62332416e+08]
0.010 3.16e-05 [1.16837529e+08]
0.020 3.16e-05 [32779020.14894367]
0.040 3.16e-05 [2615253.66237433]
0.060 3.16e-05 [195386.5269517]
0.080 3.16e-05 [8735.74075258]
0.100 3.16e-05 [492.08374701]
0.120 3.16e-05 [0.]
0.001 6.31e-05 [7.58727887e+08]
0.002 6.31e-05 [8.14583808e+08]
0.003 6.31e-05 [7.17910758e+08]
0.004 6.31e-05 [5.88924769e+08]
0.005 6.31e-05 [4.74207742e+08]
0.007 6.31e-05 [2.90172567e+08]
0.010 6.31e-05 [1.36444042e+08]
0.020 6.31e-05 [11286151.26655928]
0.040 6.31e-05 [48275.67029223]
0.060 6.31e-05 [0.]
0.080 6.31e-05 [0.]
0.100 6.31e-05 [0.]
0.120 6.31e-05 [0.]
0.001 1.26e-04 [3.13707208e+09]
0.002 1.26e-04 [2.39583179e+09]
0.003 1.26e-04 [1.49084192e+09]
0.004 1.26e-04 [9.08794772e+08]
0.005 1.26e-04 [5.50805878e+08]
0.007 1.26e-04 [2.11398111e+08]
0.010 1.26e-04 [46905699.27905763]
0.020 1.26e-04 [394823.60961469]
0.040 1.26e-04 [0.]
0.060 1.26e-04 [0.]
0.080 1.26e-04 [0.]
0.100 1.26e-04 [0.]
0.120 1.26e-04 [0.]
0.001 2.51e-04 [8.09445921e+09]
0.002 2.51e-04 [3.76614987e+09]
0.003 2.51e-04 [1.36886933e+09]
0.004 2.51e-04 [5.24463603e+08]
0.005 2.51e-04 [1.85381432e+08]
0.007 2.51e-04 [32330284.28366014]
0.010 2.51e-04 [1322011.48086717]
0.020 2.51e-04 [0.]
0.040 2.51e-04 [0.]
0.060 2.51e-04 [0.]
0.080 2.51e-04 [0.]
0.100 2.51e-04 [0.]
0.120 2.51e-04 [0.]
0.001 5.01e-04 [1.04936573e+10]
0.002 5.01e-04 [2.14552212e+09]
0.003 5.01e-04 [3.23232899e+08]
0.004 5.01e-04 [49362949.06753979]
0.005 5.01e-04 [6660776.05589139]
0.007 5.01e-04 [0.]
0.010 5.01e-04 [0.]
0.020 5.01e-04 [0.]
0.040 5.01e-04 [0.]
0.060 5.01e-04 [0.]
0.080 5.01e-04 [0.]
0.100 5.01e-04 [0.]
0.120 5.01e-04 [0.]
0.001 1.00e-03 [4.38683035e+09]
0.002 1.00e-03 [2.18193707e+08]
0.003 1.00e-03 [5317415.48646406]
0.004 1.00e-03 [0.]
0.005 1.00e-03 [0.]
0.007 1.00e-03 [0.]
0.010 1.00e-03 [0.]
0.020 1.00e-03 [0.]
0.040 1.00e-03 [0.]
0.060 1.00e-03 [0.]
0.080 1.00e-03 [0.]
0.100 1.00e-03 [0.]
0.120 1.00e-03 [0.]
0.001 1.00e-09 [0.]
0.002 1.00e-09 [0.]
0.003 1.00e-09 [0.]
0.004 1.00e-09 [0.]
0.005 1.00e-09 [0.]
0.007 1.00e-09 [0.]
0.010 1.00e-09 [0.]
0.020 1.00e-09 [0.]
0.040 1.00e-09 [0.]
0.060 1.00e-09 [0.]
0.080 1.00e-09 [0.]
0.100 1.00e-09 [0.]
0.120 1.00e-09 [0.]
0.001 2.00e-09 [0.]
0.002 2.00e-09 [0.]
0.003 2.00e-09 [0.]
0.004 2.00e-09 [0.]
0.005 2.00e-09 [0.]
0.007 2.00e-09 [0.]
0.010 2.00e-09 [0.]
0.020 2.00e-09 [0.]
0.040 2.00e-09 [0.]
0.060 2.00e-09 [0.]
0.080 2.00e-09 [0.]
0.100 2.00e-09 [1.96830718e-06]
0.120 2.00e-09 [2.07660372e-07]
0.001 4.00e-09 [0.]
0.002 4.00e-09 [0.]
0.003 4.00e-09 [0.]
0.004 4.00e-09 [0.]
0.005 4.00e-09 [0.]
0.007 4.00e-09 [0.]
0.010 4.00e-09 [0.]
0.020 4.00e-09 [0.]
0.040 4.00e-09 [6.46730562e-05]
0.060 4.00e-09 [4.40301445e-05]
0.080 4.00e-09 [4.65899591e-05]
0.100 4.00e-09 [1.57464574e-05]
0.120 4.00e-09 [2.49192446e-06]
0.001 8.00e-09 [0.]
0.002 8.00e-09 [0.]
0.003 8.00e-09 [0.]
0.004 8.00e-09 [0.]
0.005 8.00e-09 [0.]
0.007 8.00e-09 [0.]
0.010 8.00e-09 [0.]
0.020 8.00e-09 [0.00031887]
0.040 8.00e-09 [0.00051738]
0.060 8.00e-09 [0.00070448]
0.080 8.00e-09 [0.00055908]
0.100 8.00e-09 [0.00025194]
0.120 8.00e-09 [3.32256594e-05]
0.001 1.60e-08 [0.]
0.002 1.60e-08 [0.]
0.003 1.60e-08 [0.]
0.004 1.60e-08 [0.]
0.005 1.60e-08 [0.]
0.007 1.60e-08 [0.00135231]
0.010 1.60e-08 [0.00134095]
0.020 1.60e-08 [0.00382641]
0.040 1.60e-08 [0.01034769]
0.060 1.60e-08 [0.01268068]
0.080 1.60e-08 [0.00931799]
0.100 1.60e-08 [0.00415706]
0.120 1.60e-08 [0.00053161]
0.001 3.20e-08 [0.]
0.002 3.20e-08 [0.]
0.003 3.20e-08 [0.]
0.004 3.20e-08 [0.00543876]
0.005 3.20e-08 [0.00543069]
0.007 3.20e-08 [0.01081849]
0.010 3.20e-08 [0.02145527]
0.020 3.20e-08 [0.06632439]
0.040 3.20e-08 [0.16142395]
0.060 3.20e-08 [0.19725505]
0.080 3.20e-08 [0.15057875]
0.100 3.20e-08 [0.06600915]
0.120 3.20e-08 [0.00850577]
0.001 6.30e-08 [0.]
0.002 6.30e-08 [0.02112222]
0.003 6.30e-08 [0.04220964]
0.004 6.30e-08 [0.0632415]
0.005 6.30e-08 [0.08419694]
0.007 6.30e-08 [0.1677288]
0.010 6.30e-08 [0.33264047]
0.020 6.30e-08 [1.0282871]
0.040 6.30e-08 [2.50270176]
0.060 6.30e-08 [3.02545708]
0.080 6.30e-08 [2.31144434]
0.100 6.30e-08 [1.01558745]
0.120 6.30e-08 [0.13022423]
0.001 1.26e-07 [0.08452102]
0.002 1.26e-07 [0.25346658]
0.003 1.26e-07 [0.50651573]
0.004 1.26e-07 [0.92754194]
0.005 1.26e-07 [1.43134803]
0.007 1.26e-07 [2.68366081]
0.010 1.26e-07 [5.15592725]
0.020 1.26e-07 [16.45259359]
0.040 1.26e-07 [39.52985348]
0.060 1.26e-07 [47.6209129]
0.080 1.26e-07 [36.174104]
0.100 1.26e-07 [15.81191545]
0.120 1.26e-07 [2.01929984]
0.001 2.51e-07 [1.34162475]
0.002 2.51e-07 [3.68806437]
0.003 2.51e-07 [8.04005983]
0.004 2.51e-07 [15.39235436]
0.005 2.51e-07 [22.38605047]
0.007 2.51e-07 [42.26566623]
0.010 2.51e-07 [80.85139709]
0.020 2.51e-07 [256.13418553]
0.040 2.51e-07 [605.82234427]
0.060 2.51e-07 [714.98384327]
0.080 2.51e-07 [533.56687209]
0.100 2.51e-07 [229.03782698]
0.120 2.51e-07 [28.76910154]
0.001 5.01e-07 [21.3805593]
0.002 5.01e-07 [60.10994483]
0.003 5.01e-07 [128.12895403]
0.004 5.01e-07 [241.29804601]
0.005 5.01e-07 [351.42658439]
0.007 5.01e-07 [661.62598349]
0.010 5.01e-07 [1255.60438804]
0.020 5.01e-07 [3854.23357968]
0.040 5.01e-07 [8545.66088034]
0.060 5.01e-07 [9414.59053151]
0.080 5.01e-07 [6612.66299162]
0.100 5.01e-07 [2680.82291325]
0.120 5.01e-07 [320.32165632]
0.001 1.00e-06 [335.40086395]
0.002 1.00e-06 [936.63640025]
0.003 1.00e-06 [2015.30046937]
0.004 1.00e-06 [3744.45741211]
0.005 1.00e-06 [5409.47857021]
0.007 1.00e-06 [10010.26949184]
0.010 1.00e-06 [18417.16876977]
0.020 1.00e-06 [50704.87533056]
0.040 1.00e-06 [92421.8394426]
0.060 1.00e-06 [85800.99227872]
0.080 1.00e-06 [52739.8336758]
0.100 1.00e-06 [19250.53627579]
0.120 1.00e-06 [2122.70431793]
0.001 1.99e-06 [5254.85949585]
0.002 1.99e-06 [14424.18473155]
0.003 1.99e-06 [30475.36306298]
0.004 1.99e-06 [54961.5442415]
0.005 1.99e-06 [77401.95727783]
0.007 1.99e-06 [134766.01444194]
0.010 1.99e-06 [226761.29579904]
0.020 1.99e-06 [478311.75412642]
0.040 1.99e-06 [611518.95442051]
0.060 1.99e-06 [458452.55995905]
0.080 1.99e-06 [243167.21961233]
0.100 1.99e-06 [80411.18741827]
0.120 1.99e-06 [8191.37678371]
0.001 3.98e-06 [80661.42217203]
0.002 3.98e-06 [208492.85932997]
0.003 3.98e-06 [416389.53418959]
0.004 3.98e-06 [690068.25257837]
0.005 3.98e-06 [916737.29793175]
0.007 3.98e-06 [1417854.79213763]
0.010 3.98e-06 [2012374.88328502]
0.020 3.98e-06 [2929622.22040502]
0.040 3.98e-06 [2484123.38758033]
0.060 3.98e-06 [1475073.86654944]
0.080 3.98e-06 [662068.10169037]
0.100 3.98e-06 [191229.73244042]
0.120 3.98e-06 [17518.40038852]
0.001 7.94e-06 [1139327.54222758]
0.002 7.94e-06 [2617911.8753157]
0.003 7.94e-06 [4616237.61062313]
0.004 7.94e-06 [6575248.56177916]
0.005 7.94e-06 [8019329.05032434]
0.007 7.94e-06 [10473904.40634508]
0.010 7.94e-06 [12211508.68603303]
0.020 7.94e-06 [11771388.62618816]
0.040 7.94e-06 [6108979.98817538]
0.060 7.94e-06 [2523390.18443599]
0.080 7.94e-06 [855370.8443371]
0.100 7.94e-06 [192048.94495494]
0.120 7.94e-06 [14375.67816082]
0.001 1.58e-05 [13411735.80086971]
0.002 1.58e-05 [25567381.16638269]
0.003 1.58e-05 [37498044.70154373]
0.004 1.58e-05 [44429745.52233422]
0.005 1.58e-05 [48875907.97671182]
0.007 1.58e-05 [51173471.89433278]
0.010 1.58e-05 [48380612.48991714]
0.020 1.58e-05 [28652027.15044484]
0.040 1.58e-05 [7275853.34757741]
0.060 1.58e-05 [1645170.13199484]
0.080 1.58e-05 [305740.0687629]
0.100 1.58e-05 [44250.64876646]
0.120 1.58e-05 [2203.86034646]
0.001 3.16e-05 [1.20282838e+08]
0.002 3.16e-05 [1.75653738e+08]
0.003 3.16e-05 [2.04260767e+08]
0.004 3.16e-05 [2.02490371e+08]
0.005 3.16e-05 [1.95560717e+08]
0.007 3.16e-05 [1.62332416e+08]
0.010 3.16e-05 [1.16837529e+08]
0.020 3.16e-05 [32779020.14894367]
0.040 3.16e-05 [2615253.66237433]
0.060 3.16e-05 [195386.5269517]
0.080 3.16e-05 [8735.74075258]
0.100 3.16e-05 [492.08374701]
0.120 3.16e-05 [0.]
0.001 6.31e-05 [7.58727887e+08]
0.002 6.31e-05 [8.14583808e+08]
0.003 6.31e-05 [7.17910758e+08]
0.004 6.31e-05 [5.88924769e+08]
0.005 6.31e-05 [4.74207742e+08]
0.007 6.31e-05 [2.90172567e+08]
0.010 6.31e-05 [1.36444042e+08]
0.020 6.31e-05 [11286151.26655928]
0.040 6.31e-05 [48275.67029223]
0.060 6.31e-05 [0.]
0.080 6.31e-05 [0.]
0.100 6.31e-05 [0.]
0.120 6.31e-05 [0.]
0.001 1.26e-04 [3.13707208e+09]
0.002 1.26e-04 [2.39583179e+09]
0.003 1.26e-04 [1.49084192e+09]
0.004 1.26e-04 [9.08794772e+08]
0.005 1.26e-04 [5.50805878e+08]
0.007 1.26e-04 [2.11398111e+08]
0.010 1.26e-04 [46905699.27905763]
0.020 1.26e-04 [394823.60961469]
0.040 1.26e-04 [0.]
0.060 1.26e-04 [0.]
0.080 1.26e-04 [0.]
0.100 1.26e-04 [0.]
0.120 1.26e-04 [0.]
0.001 2.51e-04 [8.09445921e+09]
0.002 2.51e-04 [3.76614987e+09]
0.003 2.51e-04 [1.36886933e+09]
0.004 2.51e-04 [5.24463603e+08]
0.005 2.51e-04 [1.85381432e+08]
0.007 2.51e-04 [32330284.28366014]
0.010 2.51e-04 [1322011.48086717]
0.020 2.51e-04 [0.]
0.040 2.51e-04 [0.]
0.060 2.51e-04 [0.]
0.080 2.51e-04 [0.]
0.100 2.51e-04 [0.]
0.120 2.51e-04 [0.]
0.001 5.01e-04 [1.04936573e+10]
0.002 5.01e-04 [2.14552212e+09]
0.003 5.01e-04 [3.23232899e+08]
0.004 5.01e-04 [49362949.06753979]
0.005 5.01e-04 [6660776.05589139]
0.007 5.01e-04 [0.]
0.010 5.01e-04 [0.]
0.020 5.01e-04 [0.]
0.040 5.01e-04 [0.]
0.060 5.01e-04 [0.]
0.080 5.01e-04 [0.]
0.100 5.01e-04 [0.]
0.120 5.01e-04 [0.]
0.001 1.00e-03 [4.38683035e+09]
0.002 1.00e-03 [2.18193707e+08]
0.003 1.00e-03 [5317415.48646406]
0.004 1.00e-03 [0.]
0.005 1.00e-03 [0.]
0.007 1.00e-03 [0.]
0.010 1.00e-03 [0.]
0.020 1.00e-03 [0.]
0.040 1.00e-03 [0.]
0.060 1.00e-03 [0.]
0.080 1.00e-03 [0.]
0.100 1.00e-03 [0.]
0.120 1.00e-03 [0.]
0.001 1.00e-09 [0.]
0.002 1.00e-09 [0.]
0.003 1.00e-09 [0.]
0.004 1.00e-09 [0.]
0.005 1.00e-09 [0.]
0.007 1.00e-09 [0.]
0.010 1.00e-09 [0.]
0.020 1.00e-09 [0.]
0.040 1.00e-09 [0.]
0.060 1.00e-09 [0.]
0.080 1.00e-09 [0.]
0.100 1.00e-09 [0.]
0.120 1.00e-09 [0.]
0.001 2.00e-09 [0.]
0.002 2.00e-09 [0.]
0.003 2.00e-09 [0.]
0.004 2.00e-09 [0.]
0.005 2.00e-09 [0.]
0.007 2.00e-09 [0.]
0.010 2.00e-09 [0.]
0.020 2.00e-09 [0.]
0.040 2.00e-09 [0.]
0.060 2.00e-09 [0.]
0.080 2.00e-09 [0.]
0.100 2.00e-09 [1.96830718e-06]
0.120 2.00e-09 [2.07660372e-07]
0.001 4.00e-09 [0.]
0.002 4.00e-09 [0.]
0.003 4.00e-09 [0.]
0.004 4.00e-09 [0.]
0.005 4.00e-09 [0.]
0.007 4.00e-09 [0.]
0.010 4.00e-09 [0.]
0.020 4.00e-09 [0.]
0.040 4.00e-09 [6.46730562e-05]
0.060 4.00e-09 [4.40301445e-05]
0.080 4.00e-09 [4.65899591e-05]
0.100 4.00e-09 [1.57464574e-05]
0.120 4.00e-09 [2.49192446e-06]
0.001 8.00e-09 [0.]
0.002 8.00e-09 [0.]
0.003 8.00e-09 [0.]
0.004 8.00e-09 [0.]
0.005 8.00e-09 [0.]
0.007 8.00e-09 [0.]
0.010 8.00e-09 [0.]
0.020 8.00e-09 [0.00031887]
0.040 8.00e-09 [0.00051738]
0.060 8.00e-09 [0.00070448]
0.080 8.00e-09 [0.00055908]
0.100 8.00e-09 [0.00025194]
0.120 8.00e-09 [3.32256594e-05]
0.001 1.60e-08 [0.]
0.002 1.60e-08 [0.]
0.003 1.60e-08 [0.]
0.004 1.60e-08 [0.]
0.005 1.60e-08 [0.]
0.007 1.60e-08 [0.00135231]
0.010 1.60e-08 [0.00134095]
0.020 1.60e-08 [0.00382641]
0.040 1.60e-08 [0.01034769]
0.060 1.60e-08 [0.01268068]
0.080 1.60e-08 [0.00931799]
0.100 1.60e-08 [0.00415706]
0.120 1.60e-08 [0.00053161]
0.001 3.20e-08 [0.]
0.002 3.20e-08 [0.]
0.003 3.20e-08 [0.]
0.004 3.20e-08 [0.00543876]
0.005 3.20e-08 [0.00543069]
0.007 3.20e-08 [0.01081849]
0.010 3.20e-08 [0.02145527]
0.020 3.20e-08 [0.06632439]
0.040 3.20e-08 [0.16142395]
0.060 3.20e-08 [0.19725505]
0.080 3.20e-08 [0.15057875]
0.100 3.20e-08 [0.06600915]
0.120 3.20e-08 [0.00850577]
0.001 6.30e-08 [0.]
0.002 6.30e-08 [0.02112222]
0.003 6.30e-08 [0.04220964]
0.004 6.30e-08 [0.0632415]
0.005 6.30e-08 [0.08419694]
0.007 6.30e-08 [0.1677288]
0.010 6.30e-08 [0.33264047]
0.020 6.30e-08 [1.0282871]
0.040 6.30e-08 [2.50270176]
0.060 6.30e-08 [3.02545708]
0.080 6.30e-08 [2.31144434]
0.100 6.30e-08 [1.01558745]
0.120 6.30e-08 [0.13022423]
0.001 1.26e-07 [0.08452102]
0.002 1.26e-07 [0.25346658]
0.003 1.26e-07 [0.50651573]
0.004 1.26e-07 [0.92754194]
0.005 1.26e-07 [1.43134803]
0.007 1.26e-07 [2.68366081]
0.010 1.26e-07 [5.15592725]
0.020 1.26e-07 [16.45259359]
0.040 1.26e-07 [39.52985348]
0.060 1.26e-07 [47.6209129]
0.080 1.26e-07 [36.174104]
0.100 1.26e-07 [15.81191545]
0.120 1.26e-07 [2.01929984]
0.001 2.51e-07 [1.34162475]
0.002 2.51e-07 [3.68806437]
0.003 2.51e-07 [8.04005983]
0.004 2.51e-07 [15.39235436]
0.005 2.51e-07 [22.38605047]
0.007 2.51e-07 [42.26566623]
0.010 2.51e-07 [80.85139709]
0.020 2.51e-07 [256.13418553]
0.040 2.51e-07 [605.82234427]
0.060 2.51e-07 [714.98384327]
0.080 2.51e-07 [533.56687209]
0.100 2.51e-07 [229.03782698]
0.120 2.51e-07 [28.76910154]
0.001 5.01e-07 [21.3805593]
0.002 5.01e-07 [60.10994483]
0.003 5.01e-07 [128.12895403]
0.004 5.01e-07 [241.29804601]
0.005 5.01e-07 [351.42658439]
0.007 5.01e-07 [661.62598349]
0.010 5.01e-07 [1255.60438804]
0.020 5.01e-07 [3854.23357968]
0.040 5.01e-07 [8545.66088034]
0.060 5.01e-07 [9414.59053151]
0.080 5.01e-07 [6612.66299162]
0.100 5.01e-07 [2680.82291325]
0.120 5.01e-07 [320.32165632]
0.001 1.00e-06 [335.40086395]
0.002 1.00e-06 [936.63640025]
0.003 1.00e-06 [2015.30046937]
0.004 1.00e-06 [3744.45741211]
0.005 1.00e-06 [5409.47857021]
0.007 1.00e-06 [10010.26949184]
0.010 1.00e-06 [18417.16876977]
0.020 1.00e-06 [50704.87533056]
0.040 1.00e-06 [92421.8394426]
0.060 1.00e-06 [85800.99227872]
0.080 1.00e-06 [52739.8336758]
0.100 1.00e-06 [19250.53627579]
0.120 1.00e-06 [2122.70431793]
0.001 1.99e-06 [5254.85949585]
0.002 1.99e-06 [14424.18473155]
0.003 1.99e-06 [30475.36306298]
0.004 1.99e-06 [54961.5442415]
0.005 1.99e-06 [77401.95727783]
0.007 1.99e-06 [134766.01444194]
0.010 1.99e-06 [226761.29579904]
0.020 1.99e-06 [478311.75412642]
0.040 1.99e-06 [611518.95442051]
0.060 1.99e-06 [458452.55995905]
0.080 1.99e-06 [243167.21961233]
0.100 1.99e-06 [80411.18741827]
0.120 1.99e-06 [8191.37678371]
0.001 3.98e-06 [80661.42217203]
0.002 3.98e-06 [208492.85932997]
0.003 3.98e-06 [416389.53418959]
0.004 3.98e-06 [690068.25257837]
0.005 3.98e-06 [916737.29793175]
0.007 3.98e-06 [1417854.79213763]
0.010 3.98e-06 [2012374.88328502]
0.020 3.98e-06 [2929622.22040502]
0.040 3.98e-06 [2484123.38758033]
0.060 3.98e-06 [1475073.86654944]
0.080 3.98e-06 [662068.10169037]
0.100 3.98e-06 [191229.73244042]
0.120 3.98e-06 [17518.40038852]
0.001 7.94e-06 [1139327.54222758]
0.002 7.94e-06 [2617911.8753157]
0.003 7.94e-06 [4616237.61062313]
0.004 7.94e-06 [6575248.56177916]
0.005 7.94e-06 [8019329.05032434]
0.007 7.94e-06 [10473904.40634508]
0.010 7.94e-06 [12211508.68603303]
0.020 7.94e-06 [11771388.62618816]
0.040 7.94e-06 [6108979.98817538]
0.060 7.94e-06 [2523390.18443599]
0.080 7.94e-06 [855370.8443371]
0.100 7.94e-06 [192048.94495494]
0.120 7.94e-06 [14375.67816082]
0.001 1.58e-05 [13411735.80086971]
0.002 1.58e-05 [25567381.16638269]
0.003 1.58e-05 [37498044.70154373]
0.004 1.58e-05 [44429745.52233422]
0.005 1.58e-05 [48875907.97671182]
0.007 1.58e-05 [51173471.89433278]
0.010 1.58e-05 [48380612.48991714]
0.020 1.58e-05 [28652027.15044484]
0.040 1.58e-05 [7275853.34757741]
0.060 1.58e-05 [1645170.13199484]
0.080 1.58e-05 [305740.0687629]
0.100 1.58e-05 [44250.64876646]
0.120 1.58e-05 [2203.86034646]
0.001 3.16e-05 [1.20282838e+08]
0.002 3.16e-05 [1.75653738e+08]
0.003 3.16e-05 [2.04260767e+08]
0.004 3.16e-05 [2.02490371e+08]
0.005 3.16e-05 [1.95560717e+08]
0.007 3.16e-05 [1.62332416e+08]
0.010 3.16e-05 [1.16837529e+08]
0.020 3.16e-05 [32779020.14894367]
0.040 3.16e-05 [2615253.66237433]
0.060 3.16e-05 [195386.5269517]
0.080 3.16e-05 [8735.74075258]
0.100 3.16e-05 [492.08374701]
0.120 3.16e-05 [0.]
0.001 6.31e-05 [7.58727887e+08]
0.002 6.31e-05 [8.14583808e+08]
0.003 6.31e-05 [7.17910758e+08]
0.004 6.31e-05 [5.88924769e+08]
0.005 6.31e-05 [4.74207742e+08]
0.007 6.31e-05 [2.90172567e+08]
0.010 6.31e-05 [1.36444042e+08]
0.020 6.31e-05 [11286151.26655928]
0.040 6.31e-05 [48275.67029223]
0.060 6.31e-05 [0.]
0.080 6.31e-05 [0.]
0.100 6.31e-05 [0.]
0.120 6.31e-05 [0.]
0.001 1.26e-04 [3.13707208e+09]
0.002 1.26e-04 [2.39583179e+09]
0.003 1.26e-04 [1.49084192e+09]
0.004 1.26e-04 [9.08794772e+08]
0.005 1.26e-04 [5.50805878e+08]
0.007 1.26e-04 [2.11398111e+08]
0.010 1.26e-04 [46905699.27905763]
0.020 1.26e-04 [394823.60961469]
0.040 1.26e-04 [0.]
0.060 1.26e-04 [0.]
0.080 1.26e-04 [0.]
0.100 1.26e-04 [0.]
0.120 1.26e-04 [0.]
0.001 2.51e-04 [8.09445921e+09]
0.002 2.51e-04 [3.76614987e+09]
0.003 2.51e-04 [1.36886933e+09]
0.004 2.51e-04 [5.24463603e+08]
0.005 2.51e-04 [1.85381432e+08]
0.007 2.51e-04 [32330284.28366014]
0.010 2.51e-04 [1322011.48086717]
0.020 2.51e-04 [0.]
0.040 2.51e-04 [0.]
0.060 2.51e-04 [0.]
0.080 2.51e-04 [0.]
0.100 2.51e-04 [0.]
0.120 2.51e-04 [0.]
0.001 5.01e-04 [1.04936573e+10]
0.002 5.01e-04 [2.14552212e+09]
0.003 5.01e-04 [3.23232899e+08]
0.004 5.01e-04 [49362949.06753979]
0.005 5.01e-04 [6660776.05589139]
0.007 5.01e-04 [0.]
0.010 5.01e-04 [0.]
0.020 5.01e-04 [0.]
0.040 5.01e-04 [0.]
0.060 5.01e-04 [0.]
0.080 5.01e-04 [0.]
0.100 5.01e-04 [0.]
0.120 5.01e-04 [0.]
0.001 1.00e-03 [4.38683035e+09]
0.002 1.00e-03 [2.18193707e+08]
0.003 1.00e-03 [5317415.48646406]
0.004 1.00e-03 [0.]
0.005 1.00e-03 [0.]
0.007 1.00e-03 [0.]
0.010 1.00e-03 [0.]
0.020 1.00e-03 [0.]
0.040 1.00e-03 [0.]
0.060 1.00e-03 [0.]
0.080 1.00e-03 [0.]
0.100 1.00e-03 [0.]
0.120 1.00e-03 [0.]
