0.001 1.00e-09 [0.]
0.002 1.00e-09 [0.]
0.003 1.00e-09 [0.]
0.004 1.00e-09 [0.]
0.005 1.00e-09 [0.]
0.007 1.00e-09 [0.]
0.010 1.00e-09 [0.]
0.020 1.00e-09 [0.]
0.040 1.00e-09 [0.]
0.060 1.00e-09 [0.]
0.080 1.00e-09 [0.]
0.100 1.00e-09 [0.]
0.120 1.00e-09 [0.]
0.001 2.00e-09 [0.]
0.002 2.00e-09 [0.]
0.003 2.00e-09 [0.]
0.004 2.00e-09 [0.]
0.005 2.00e-09 [0.]
0.007 2.00e-09 [0.]
0.010 2.00e-09 [0.]
0.020 2.00e-09 [0.]
0.040 2.00e-09 [0.]
0.060 2.00e-09 [0.]
0.080 2.00e-09 [0.]
0.100 2.00e-09 [1.96830718e-07]
0.120 2.00e-09 [2.07660372e-08]
0.001 4.00e-09 [0.]
0.002 4.00e-09 [0.]
0.003 4.00e-09 [0.]
0.004 4.00e-09 [0.]
0.005 4.00e-09 [0.]
0.007 4.00e-09 [0.]
0.010 4.00e-09 [0.]
0.020 4.00e-09 [0.]
0.040 4.00e-09 [6.46730562e-06]
0.060 4.00e-09 [4.40301445e-06]
0.080 4.00e-09 [4.65899591e-06]
0.100 4.00e-09 [1.57464574e-06]
0.120 4.00e-09 [2.49192446e-07]
0.001 8.00e-09 [0.]
0.002 8.00e-09 [0.]
0.003 8.00e-09 [0.]
0.004 8.00e-09 [0.]
0.005 8.00e-09 [0.]
0.007 8.00e-09 [0.]
0.010 8.00e-09 [0.]
0.020 8.00e-09 [3.18867252e-05]
0.040 8.00e-09 [5.1738445e-05]
0.060 8.00e-09 [7.04482313e-05]
0.080 8.00e-09 [5.59079509e-05]
0.100 8.00e-09 [2.51943319e-05]
0.120 8.00e-09 [3.32256594e-06]
0.001 1.60e-08 [0.]
0.002 1.60e-08 [0.]
0.003 1.60e-08 [0.]
0.004 1.60e-08 [0.]
0.005 1.60e-08 [0.]
0.007 1.60e-08 [0.00013523]
0.010 1.60e-08 [0.0001341]
0.020 1.60e-08 [0.00038264]
0.040 1.60e-08 [0.00103477]
0.060 1.60e-08 [0.00126807]
0.080 1.60e-08 [0.0009318]
0.100 1.60e-08 [0.00041571]
0.120 1.60e-08 [5.31610551e-05]
0.001 3.20e-08 [0.]
0.002 3.20e-08 [0.]
0.003 3.20e-08 [0.]
0.004 3.20e-08 [0.00054388]
0.005 3.20e-08 [0.00054307]
0.007 3.20e-08 [0.00108185]
0.010 3.20e-08 [0.00214553]
0.020 3.20e-08 [0.00663244]
0.040 3.20e-08 [0.01614239]
0.060 3.20e-08 [0.0197255]
0.080 3.20e-08 [0.01505787]
0.100 3.20e-08 [0.00660091]
0.120 3.20e-08 [0.00085058]
0.001 6.30e-08 [0.]
0.002 6.30e-08 [0.00211222]
0.003 6.30e-08 [0.00422096]
0.004 6.30e-08 [0.00632415]
0.005 6.30e-08 [0.00841969]
0.007 6.30e-08 [0.01677288]
0.010 6.30e-08 [0.03326405]
0.020 6.30e-08 [0.10282871]
0.040 6.30e-08 [0.25027018]
0.060 6.30e-08 [0.30254571]
0.080 6.30e-08 [0.23114443]
0.100 6.30e-08 [0.10155875]
0.120 6.30e-08 [0.01302242]
0.001 1.26e-07 [0.0084521]
0.002 1.26e-07 [0.02534666]
0.003 1.26e-07 [0.05065157]
0.004 1.26e-07 [0.09275419]
0.005 1.26e-07 [0.1431348]
0.007 1.26e-07 [0.26836608]
0.010 1.26e-07 [0.51559273]
0.020 1.26e-07 [1.64525936]
0.040 1.26e-07 [3.95298535]
0.060 1.26e-07 [4.76209129]
0.080 1.26e-07 [3.6174104]
0.100 1.26e-07 [1.58119154]
0.120 1.26e-07 [0.20192998]
0.001 2.51e-07 [0.13416248]
0.002 2.51e-07 [0.36880644]
0.003 2.51e-07 [0.80400598]
0.004 2.51e-07 [1.53923544]
0.005 2.51e-07 [2.23860505]
0.007 2.51e-07 [4.22656662]
0.010 2.51e-07 [8.08513971]
0.020 2.51e-07 [25.61341855]
0.040 2.51e-07 [60.58223443]
0.060 2.51e-07 [71.49838433]
0.080 2.51e-07 [53.35668721]
0.100 2.51e-07 [22.9037827]
0.120 2.51e-07 [2.87691015]
0.001 5.01e-07 [2.13805593]
0.002 5.01e-07 [6.01099448]
0.003 5.01e-07 [12.8128954]
0.004 5.01e-07 [24.1298046]
0.005 5.01e-07 [35.14265844]
0.007 5.01e-07 [66.16259835]
0.010 5.01e-07 [125.5604388]
0.020 5.01e-07 [385.42335797]
0.040 5.01e-07 [854.56608803]
0.060 5.01e-07 [941.45905315]
0.080 5.01e-07 [661.26629916]
0.100 5.01e-07 [268.08229133]
0.120 5.01e-07 [32.03216563]
0.001 1.00e-06 [33.54008639]
0.002 1.00e-06 [93.66364003]
0.003 1.00e-06 [201.53004694]
0.004 1.00e-06 [374.44574121]
0.005 1.00e-06 [540.94785702]
0.007 1.00e-06 [1001.02694918]
0.010 1.00e-06 [1841.71687698]
0.020 1.00e-06 [5070.48753306]
0.040 1.00e-06 [9242.18394426]
0.060 1.00e-06 [8580.09922787]
0.080 1.00e-06 [5273.98336758]
0.100 1.00e-06 [1925.05362758]
0.120 1.00e-06 [212.27043179]
0.001 1.99e-06 [525.48594958]
0.002 1.99e-06 [1442.41847316]
0.003 1.99e-06 [3047.5363063]
0.004 1.99e-06 [5496.15442415]
0.005 1.99e-06 [7740.19572778]
0.007 1.99e-06 [13476.60144419]
0.010 1.99e-06 [22676.1295799]
0.020 1.99e-06 [47831.17541264]
0.040 1.99e-06 [61151.89544205]
0.060 1.99e-06 [45845.25599591]
0.080 1.99e-06 [24316.72196123]
0.100 1.99e-06 [8041.11874183]
0.120 1.99e-06 [819.13767837]
0.001 3.98e-06 [8066.1422172]
0.002 3.98e-06 [20849.285933]
0.003 3.98e-06 [41638.95341896]
0.004 3.98e-06 [69006.82525784]
0.005 3.98e-06 [91673.72979317]
0.007 3.98e-06 [141785.47921376]
0.010 3.98e-06 [201237.4883285]
0.020 3.98e-06 [292962.2220405]
0.040 3.98e-06 [248412.33875803]
0.060 3.98e-06 [147507.38665494]
0.080 3.98e-06 [66206.81016904]
0.100 3.98e-06 [19122.97324404]
0.120 3.98e-06 [1751.84003885]
0.001 7.94e-06 [113932.75422276]
0.002 7.94e-06 [261791.18753157]
0.003 7.94e-06 [461623.76106231]
0.004 7.94e-06 [657524.85617792]
0.005 7.94e-06 [801932.90503243]
0.007 7.94e-06 [1047390.44063451]
0.010 7.94e-06 [1221150.8686033]
0.020 7.94e-06 [1177138.86261882]
0.040 7.94e-06 [610897.99881754]
0.060 7.94e-06 [252339.0184436]
0.080 7.94e-06 [85537.08443371]
0.100 7.94e-06 [19204.89449549]
0.120 7.94e-06 [1437.56781608]
0.001 1.58e-05 [1341173.58008697]
0.002 1.58e-05 [2556738.11663827]
0.003 1.58e-05 [3749804.47015437]
0.004 1.58e-05 [4442974.55223342]
0.005 1.58e-05 [4887590.79767118]
0.007 1.58e-05 [5117347.18943328]
0.010 1.58e-05 [4838061.24899171]
0.020 1.58e-05 [2865202.71504448]
0.040 1.58e-05 [727585.33475774]
0.060 1.58e-05 [164517.01319948]
0.080 1.58e-05 [30574.00687629]
0.100 1.58e-05 [4425.06487665]
0.120 1.58e-05 [220.38603465]
0.001 3.16e-05 [12028283.7852472]
0.002 3.16e-05 [17565373.76104706]
0.003 3.16e-05 [20426076.70411457]
0.004 3.16e-05 [20249037.07039427]
0.005 3.16e-05 [19556071.67616231]
0.007 3.16e-05 [16233241.57174892]
0.010 3.16e-05 [11683752.94458097]
0.020 3.16e-05 [3277902.01489437]
0.040 3.16e-05 [261525.36623743]
0.060 3.16e-05 [19538.65269517]
0.080 3.16e-05 [873.57407526]
0.100 3.16e-05 [49.2083747]
0.120 3.16e-05 [0.]
0.001 6.31e-05 [75872788.7033716]
0.002 6.31e-05 [81458380.76983172]
0.003 6.31e-05 [71791075.84032364]
0.004 6.31e-05 [58892476.9478292]
0.005 6.31e-05 [47420774.24302553]
0.007 6.31e-05 [29017256.68261033]
0.010 6.31e-05 [13644404.23129483]
0.020 6.31e-05 [1128615.12665593]
0.040 6.31e-05 [4827.56702922]
0.060 6.31e-05 [0.]
0.080 6.31e-05 [0.]
0.100 6.31e-05 [0.]
0.120 6.31e-05 [0.]
0.001 1.26e-04 [3.13707208e+08]
0.002 1.26e-04 [2.39583179e+08]
0.003 1.26e-04 [1.49084192e+08]
0.004 1.26e-04 [90879477.18816851]
0.005 1.26e-04 [55080587.82767334]
0.007 1.26e-04 [21139811.14972356]
0.010 1.26e-04 [4690569.92790576]
0.020 1.26e-04 [39482.36096147]
0.040 1.26e-04 [0.]
0.060 1.26e-04 [0.]
0.080 1.26e-04 [0.]
0.100 1.26e-04 [0.]
0.120 1.26e-04 [0.]
0.001 2.51e-04 [8.09445921e+08]
0.002 2.51e-04 [3.76614987e+08]
0.003 2.51e-04 [1.36886933e+08]
0.004 2.51e-04 [52446360.31591863]
0.005 2.51e-04 [18538143.15688968]
0.007 2.51e-04 [3233028.42836601]
0.010 2.51e-04 [132201.14808672]
0.020 2.51e-04 [0.]
0.040 2.51e-04 [0.]
0.060 2.51e-04 [0.]
0.080 2.51e-04 [0.]
0.100 2.51e-04 [0.]
0.120 2.51e-04 [0.]
0.001 5.01e-04 [1.04936573e+09]
0.002 5.01e-04 [2.14552212e+08]
0.003 5.01e-04 [32323289.88810309]
0.004 5.01e-04 [4936294.90675398]
0.005 5.01e-04 [666077.60558914]
0.007 5.01e-04 [0.]
0.010 5.01e-04 [0.]
0.020 5.01e-04 [0.]
0.040 5.01e-04 [0.]
0.060 5.01e-04 [0.]
0.080 5.01e-04 [0.]
0.100 5.01e-04 [0.]
0.120 5.01e-04 [0.]
0.001 1.00e-03 [4.38683035e+08]
0.002 1.00e-03 [21819370.68772028]
0.003 1.00e-03 [531741.54864641]
0.004 1.00e-03 [0.]
0.005 1.00e-03 [0.]
0.007 1.00e-03 [0.]
0.010 1.00e-03 [0.]
0.020 1.00e-03 [0.]
0.040 1.00e-03 [0.]
0.060 1.00e-03 [0.]
0.080 1.00e-03 [0.]
0.100 1.00e-03 [0.]
0.120 1.00e-03 [0.]
0.001 1.00e-09 [0.]
0.002 1.00e-09 [0.]
0.003 1.00e-09 [0.]
0.004 1.00e-09 [0.]
0.005 1.00e-09 [0.]
0.007 1.00e-09 [0.]
0.010 1.00e-09 [0.]
0.020 1.00e-09 [0.]
0.040 1.00e-09 [0.]
0.060 1.00e-09 [0.]
0.080 1.00e-09 [0.]
0.100 1.00e-09 [0.]
0.120 1.00e-09 [0.]
0.001 2.00e-09 [0.]
0.002 2.00e-09 [0.]
0.003 2.00e-09 [0.]
0.004 2.00e-09 [0.]
0.005 2.00e-09 [0.]
0.007 2.00e-09 [0.]
0.010 2.00e-09 [0.]
0.020 2.00e-09 [0.]
0.040 2.00e-09 [0.]
0.060 2.00e-09 [0.]
0.080 2.00e-09 [0.]
0.100 2.00e-09 [1.96830718e-07]
0.120 2.00e-09 [2.07660372e-08]
0.001 4.00e-09 [0.]
0.002 4.00e-09 [0.]
0.003 4.00e-09 [0.]
0.004 4.00e-09 [0.]
0.005 4.00e-09 [0.]
0.007 4.00e-09 [0.]
0.010 4.00e-09 [0.]
0.020 4.00e-09 [0.]
0.040 4.00e-09 [6.46730562e-06]
0.060 4.00e-09 [4.40301445e-06]
0.080 4.00e-09 [4.65899591e-06]
0.100 4.00e-09 [1.57464574e-06]
0.120 4.00e-09 [2.49192446e-07]
0.001 8.00e-09 [0.]
0.002 8.00e-09 [0.]
0.003 8.00e-09 [0.]
0.004 8.00e-09 [0.]
0.005 8.00e-09 [0.]
0.007 8.00e-09 [0.]
0.010 8.00e-09 [0.]
0.020 8.00e-09 [3.18867252e-05]
0.040 8.00e-09 [5.1738445e-05]
0.060 8.00e-09 [7.04482313e-05]
0.080 8.00e-09 [5.59079509e-05]
0.100 8.00e-09 [2.51943319e-05]
0.120 8.00e-09 [3.32256594e-06]
0.001 1.60e-08 [0.]
0.002 1.60e-08 [0.]
0.003 1.60e-08 [0.]
0.004 1.60e-08 [0.]
0.005 1.60e-08 [0.]
0.007 1.60e-08 [0.00013523]
0.010 1.60e-08 [0.0001341]
0.020 1.60e-08 [0.00038264]
0.040 1.60e-08 [0.00103477]
0.060 1.60e-08 [0.00126807]
0.080 1.60e-08 [0.0009318]
0.100 1.60e-08 [0.00041571]
0.120 1.60e-08 [5.31610551e-05]
0.001 3.20e-08 [0.]
0.002 3.20e-08 [0.]
0.003 3.20e-08 [0.]
0.004 3.20e-08 [0.00054388]
0.005 3.20e-08 [0.00054307]
0.007 3.20e-08 [0.00108185]
0.010 3.20e-08 [0.00214553]
0.020 3.20e-08 [0.00663244]
0.040 3.20e-08 [0.01614239]
0.060 3.20e-08 [0.0197255]
0.080 3.20e-08 [0.01505787]
0.100 3.20e-08 [0.00660091]
0.120 3.20e-08 [0.00085058]
0.001 6.30e-08 [0.]
0.002 6.30e-08 [0.00211222]
0.003 6.30e-08 [0.00422096]
0.004 6.30e-08 [0.00632415]
0.005 6.30e-08 [0.00841969]
0.007 6.30e-08 [0.01677288]
0.010 6.30e-08 [0.03326405]
0.020 6.30e-08 [0.10282871]
0.040 6.30e-08 [0.25027018]
0.060 6.30e-08 [0.30254571]
0.080 6.30e-08 [0.23114443]
0.100 6.30e-08 [0.10155875]
0.120 6.30e-08 [0.01302242]
0.001 1.26e-07 [0.0084521]
0.002 1.26e-07 [0.02534666]
0.003 1.26e-07 [0.05065157]
0.004 1.26e-07 [0.09275419]
0.005 1.26e-07 [0.1431348]
0.007 1.26e-07 [0.26836608]
0.010 1.26e-07 [0.51559273]
0.020 1.26e-07 [1.64525936]
0.040 1.26e-07 [3.95298535]
0.060 1.26e-07 [4.76209129]
0.080 1.26e-07 [3.6174104]
0.100 1.26e-07 [1.58119154]
0.120 1.26e-07 [0.20192998]
0.001 2.51e-07 [0.13416248]
0.002 2.51e-07 [0.36880644]
0.003 2.51e-07 [0.80400598]
0.004 2.51e-07 [1.53923544]
0.005 2.51e-07 [2.23860505]
0.007 2.51e-07 [4.22656662]
0.010 2.51e-07 [8.08513971]
0.020 2.51e-07 [25.61341855]
0.040 2.51e-07 [60.58223443]
0.060 2.51e-07 [71.49838433]
0.080 2.51e-07 [53.35668721]
0.100 2.51e-07 [22.9037827]
0.120 2.51e-07 [2.87691015]
0.001 5.01e-07 [2.13805593]
0.002 5.01e-07 [6.01099448]
0.003 5.01e-07 [12.8128954]
0.004 5.01e-07 [24.1298046]
0.005 5.01e-07 [35.14265844]
0.007 5.01e-07 [66.16259835]
0.010 5.01e-07 [125.5604388]
0.020 5.01e-07 [385.42335797]
0.040 5.01e-07 [854.56608803]
0.060 5.01e-07 [941.45905315]
0.080 5.01e-07 [661.26629916]
0.100 5.01e-07 [268.08229133]
0.120 5.01e-07 [32.03216563]
0.001 1.00e-06 [33.54008639]
0.002 1.00e-06 [93.66364003]
0.003 1.00e-06 [201.53004694]
0.004 1.00e-06 [374.44574121]
0.005 1.00e-06 [540.94785702]
0.007 1.00e-06 [1001.02694918]
0.010 1.00e-06 [1841.71687698]
0.020 1.00e-06 [5070.48753306]
0.040 1.00e-06 [9242.18394426]
0.060 1.00e-06 [8580.09922787]
0.080 1.00e-06 [5273.98336758]
0.100 1.00e-06 [1925.05362758]
0.120 1.00e-06 [212.27043179]
0.001 1.99e-06 [525.48594958]
0.002 1.99e-06 [1442.41847316]
0.003 1.99e-06 [3047.5363063]
0.004 1.99e-06 [5496.15442415]
0.005 1.99e-06 [7740.19572778]
0.007 1.99e-06 [13476.60144419]
0.010 1.99e-06 [22676.1295799]
0.020 1.99e-06 [47831.17541264]
0.040 1.99e-06 [61151.89544205]
0.060 1.99e-06 [45845.25599591]
0.080 1.99e-06 [24316.72196123]
0.100 1.99e-06 [8041.11874183]
0.120 1.99e-06 [819.13767837]
0.001 3.98e-06 [8066.1422172]
0.002 3.98e-06 [20849.285933]
0.003 3.98e-06 [41638.95341896]
0.004 3.98e-06 [69006.82525784]
0.005 3.98e-06 [91673.72979317]
0.007 3.98e-06 [141785.47921376]
0.010 3.98e-06 [201237.4883285]
0.020 3.98e-06 [292962.2220405]
0.040 3.98e-06 [248412.33875803]
0.060 3.98e-06 [147507.38665494]
0.080 3.98e-06 [66206.81016904]
0.100 3.98e-06 [19122.97324404]
0.120 3.98e-06 [1751.84003885]
0.001 7.94e-06 [113932.75422276]
0.002 7.94e-06 [261791.18753157]
0.003 7.94e-06 [461623.76106231]
0.004 7.94e-06 [657524.85617792]
0.005 7.94e-06 [801932.90503243]
0.007 7.94e-06 [1047390.44063451]
0.010 7.94e-06 [1221150.8686033]
0.020 7.94e-06 [1177138.86261882]
0.040 7.94e-06 [610897.99881754]
0.060 7.94e-06 [252339.0184436]
0.080 7.94e-06 [85537.08443371]
0.100 7.94e-06 [19204.89449549]
0.120 7.94e-06 [1437.56781608]
0.001 1.58e-05 [1341173.58008697]
0.002 1.58e-05 [2556738.11663827]
0.003 1.58e-05 [3749804.47015437]
0.004 1.58e-05 [4442974.55223342]
0.005 1.58e-05 [4887590.79767118]
0.007 1.58e-05 [5117347.18943328]
0.010 1.58e-05 [4838061.24899171]
0.020 1.58e-05 [2865202.71504448]
0.040 1.58e-05 [727585.33475774]
0.060 1.58e-05 [164517.01319948]
0.080 1.58e-05 [30574.00687629]
0.100 1.58e-05 [4425.06487665]
0.120 1.58e-05 [220.38603465]
0.001 3.16e-05 [12028283.7852472]
0.002 3.16e-05 [17565373.76104706]
0.003 3.16e-05 [20426076.70411457]
0.004 3.16e-05 [20249037.07039427]
0.005 3.16e-05 [19556071.67616231]
0.007 3.16e-05 [16233241.57174892]
0.010 3.16e-05 [11683752.94458097]
0.020 3.16e-05 [3277902.01489437]
0.040 3.16e-05 [261525.36623743]
0.060 3.16e-05 [19538.65269517]
0.080 3.16e-05 [873.57407526]
0.100 3.16e-05 [49.2083747]
0.120 3.16e-05 [0.]
0.001 6.31e-05 [75872788.7033716]
0.002 6.31e-05 [81458380.76983172]
0.003 6.31e-05 [71791075.84032364]
0.004 6.31e-05 [58892476.9478292]
0.005 6.31e-05 [47420774.24302553]
0.007 6.31e-05 [29017256.68261033]
0.010 6.31e-05 [13644404.23129483]
0.020 6.31e-05 [1128615.12665593]
0.040 6.31e-05 [4827.56702922]
0.060 6.31e-05 [0.]
0.080 6.31e-05 [0.]
0.100 6.31e-05 [0.]
0.120 6.31e-05 [0.]
0.001 1.26e-04 [3.13707208e+08]
0.002 1.26e-04 [2.39583179e+08]
0.003 1.26e-04 [1.49084192e+08]
0.004 1.26e-04 [90879477.18816851]
0.005 1.26e-04 [55080587.82767334]
0.007 1.26e-04 [21139811.14972356]
0.010 1.26e-04 [4690569.92790576]
0.020 1.26e-04 [39482.36096147]
0.040 1.26e-04 [0.]
0.060 1.26e-04 [0.]
0.080 1.26e-04 [0.]
0.100 1.26e-04 [0.]
0.120 1.26e-04 [0.]
0.001 2.51e-04 [8.09445921e+08]
0.002 2.51e-04 [3.76614987e+08]
0.003 2.51e-04 [1.36886933e+08]
0.004 2.51e-04 [52446360.31591863]
0.005 2.51e-04 [18538143.15688968]
0.007 2.51e-04 [3233028.42836601]
0.010 2.51e-04 [132201.14808672]
0.020 2.51e-04 [0.]
0.040 2.51e-04 [0.]
0.060 2.51e-04 [0.]
0.080 2.51e-04 [0.]
0.100 2.51e-04 [0.]
0.120 2.51e-04 [0.]
0.001 5.01e-04 [1.04936573e+09]
0.002 5.01e-04 [2.14552212e+08]
0.003 5.01e-04 [32323289.88810309]
0.004 5.01e-04 [4936294.90675398]
0.005 5.01e-04 [666077.60558914]
0.007 5.01e-04 [0.]
0.010 5.01e-04 [0.]
0.020 5.01e-04 [0.]
0.040 5.01e-04 [0.]
0.060 5.01e-04 [0.]
0.080 5.01e-04 [0.]
0.100 5.01e-04 [0.]
0.120 5.01e-04 [0.]
0.001 1.00e-03 [4.38683035e+08]
0.002 1.00e-03 [21819370.68772028]
0.003 1.00e-03 [531741.54864641]
0.004 1.00e-03 [0.]
0.005 1.00e-03 [0.]
0.007 1.00e-03 [0.]
0.010 1.00e-03 [0.]
0.020 1.00e-03 [0.]
0.040 1.00e-03 [0.]
0.060 1.00e-03 [0.]
0.080 1.00e-03 [0.]
0.100 1.00e-03 [0.]
0.120 1.00e-03 [0.]
0.001 1.00e-09 [0.]
0.002 1.00e-09 [0.]
0.003 1.00e-09 [0.]
0.004 1.00e-09 [0.]
0.005 1.00e-09 [0.]
0.007 1.00e-09 [0.]
0.010 1.00e-09 [0.]
0.020 1.00e-09 [0.]
0.040 1.00e-09 [0.]
0.060 1.00e-09 [0.]
0.080 1.00e-09 [0.]
0.100 1.00e-09 [0.]
0.120 1.00e-09 [0.]
0.001 2.00e-09 [0.]
0.002 2.00e-09 [0.]
0.003 2.00e-09 [0.]
0.004 2.00e-09 [0.]
0.005 2.00e-09 [0.]
0.007 2.00e-09 [0.]
0.010 2.00e-09 [0.]
0.020 2.00e-09 [0.]
0.040 2.00e-09 [0.]
0.060 2.00e-09 [0.]
0.080 2.00e-09 [0.]
0.100 2.00e-09 [1.96830718e-07]
0.120 2.00e-09 [2.07660372e-08]
0.001 4.00e-09 [0.]
0.002 4.00e-09 [0.]
0.003 4.00e-09 [0.]
0.004 4.00e-09 [0.]
0.005 4.00e-09 [0.]
0.007 4.00e-09 [0.]
0.010 4.00e-09 [0.]
0.020 4.00e-09 [0.]
0.040 4.00e-09 [6.46730562e-06]
0.060 4.00e-09 [4.40301445e-06]
0.080 4.00e-09 [4.65899591e-06]
0.100 4.00e-09 [1.57464574e-06]
0.120 4.00e-09 [2.49192446e-07]
0.001 8.00e-09 [0.]
0.002 8.00e-09 [0.]
0.003 8.00e-09 [0.]
0.004 8.00e-09 [0.]
0.005 8.00e-09 [0.]
0.007 8.00e-09 [0.]
0.010 8.00e-09 [0.]
0.020 8.00e-09 [3.18867252e-05]
0.040 8.00e-09 [5.1738445e-05]
0.060 8.00e-09 [7.04482313e-05]
0.080 8.00e-09 [5.59079509e-05]
0.100 8.00e-09 [2.51943319e-05]
0.120 8.00e-09 [3.32256594e-06]
0.001 1.60e-08 [0.]
0.002 1.60e-08 [0.]
0.003 1.60e-08 [0.]
0.004 1.60e-08 [0.]
0.005 1.60e-08 [0.]
0.007 1.60e-08 [0.00013523]
0.010 1.60e-08 [0.0001341]
0.020 1.60e-08 [0.00038264]
0.040 1.60e-08 [0.00103477]
0.060 1.60e-08 [0.00126807]
0.080 1.60e-08 [0.0009318]
0.100 1.60e-08 [0.00041571]
0.120 1.60e-08 [5.31610551e-05]
0.001 3.20e-08 [0.]
0.002 3.20e-08 [0.]
0.003 3.20e-08 [0.]
0.004 3.20e-08 [0.00054388]
0.005 3.20e-08 [0.00054307]
0.007 3.20e-08 [0.00108185]
0.010 3.20e-08 [0.00214553]
0.020 3.20e-08 [0.00663244]
0.040 3.20e-08 [0.01614239]
0.060 3.20e-08 [0.0197255]
0.080 3.20e-08 [0.01505787]
0.100 3.20e-08 [0.00660091]
0.120 3.20e-08 [0.00085058]
0.001 6.30e-08 [0.]
0.002 6.30e-08 [0.00211222]
0.003 6.30e-08 [0.00422096]
0.004 6.30e-08 [0.00632415]
0.005 6.30e-08 [0.00841969]
0.007 6.30e-08 [0.01677288]
0.010 6.30e-08 [0.03326405]
0.020 6.30e-08 [0.10282871]
0.040 6.30e-08 [0.25027018]
0.060 6.30e-08 [0.30254571]
0.080 6.30e-08 [0.23114443]
0.100 6.30e-08 [0.10155875]
0.120 6.30e-08 [0.01302242]
0.001 1.26e-07 [0.0084521]
0.002 1.26e-07 [0.02534666]
0.003 1.26e-07 [0.05065157]
0.004 1.26e-07 [0.09275419]
0.005 1.26e-07 [0.1431348]
0.007 1.26e-07 [0.26836608]
0.010 1.26e-07 [0.51559273]
0.020 1.26e-07 [1.64525936]
0.040 1.26e-07 [3.95298535]
0.060 1.26e-07 [4.76209129]
0.080 1.26e-07 [3.6174104]
0.100 1.26e-07 [1.58119154]
0.120 1.26e-07 [0.20192998]
0.001 2.51e-07 [0.13416248]
0.002 2.51e-07 [0.36880644]
0.003 2.51e-07 [0.80400598]
0.004 2.51e-07 [1.53923544]
0.005 2.51e-07 [2.23860505]
0.007 2.51e-07 [4.22656662]
0.010 2.51e-07 [8.08513971]
0.020 2.51e-07 [25.61341855]
0.040 2.51e-07 [60.58223443]
0.060 2.51e-07 [71.49838433]
0.080 2.51e-07 [53.35668721]
0.100 2.51e-07 [22.9037827]
0.120 2.51e-07 [2.87691015]
0.001 5.01e-07 [2.13805593]
0.002 5.01e-07 [6.01099448]
0.003 5.01e-07 [12.8128954]
0.004 5.01e-07 [24.1298046]
0.005 5.01e-07 [35.14265844]
0.007 5.01e-07 [66.16259835]
0.010 5.01e-07 [125.5604388]
0.020 5.01e-07 [385.42335797]
0.040 5.01e-07 [854.56608803]
0.060 5.01e-07 [941.45905315]
0.080 5.01e-07 [661.26629916]
0.100 5.01e-07 [268.08229133]
0.120 5.01e-07 [32.03216563]
0.001 1.00e-06 [33.54008639]
0.002 1.00e-06 [93.66364003]
0.003 1.00e-06 [201.53004694]
0.004 1.00e-06 [374.44574121]
0.005 1.00e-06 [540.94785702]
0.007 1.00e-06 [1001.02694918]
0.010 1.00e-06 [1841.71687698]
0.020 1.00e-06 [5070.48753306]
0.040 1.00e-06 [9242.18394426]
0.060 1.00e-06 [8580.09922787]
0.080 1.00e-06 [5273.98336758]
0.100 1.00e-06 [1925.05362758]
0.120 1.00e-06 [212.27043179]
0.001 1.99e-06 [525.48594958]
0.002 1.99e-06 [1442.41847316]
0.003 1.99e-06 [3047.5363063]
0.004 1.99e-06 [5496.15442415]
0.005 1.99e-06 [7740.19572778]
0.007 1.99e-06 [13476.60144419]
0.010 1.99e-06 [22676.1295799]
0.020 1.99e-06 [47831.17541264]
0.040 1.99e-06 [61151.89544205]
0.060 1.99e-06 [45845.25599591]
0.080 1.99e-06 [24316.72196123]
0.100 1.99e-06 [8041.11874183]
0.120 1.99e-06 [819.13767837]
0.001 3.98e-06 [8066.1422172]
0.002 3.98e-06 [20849.285933]
0.003 3.98e-06 [41638.95341896]
0.004 3.98e-06 [69006.82525784]
0.005 3.98e-06 [91673.72979317]
0.007 3.98e-06 [141785.47921376]
0.010 3.98e-06 [201237.4883285]
0.020 3.98e-06 [292962.2220405]
0.040 3.98e-06 [248412.33875803]
0.060 3.98e-06 [147507.38665494]
0.080 3.98e-06 [66206.81016904]
0.100 3.98e-06 [19122.97324404]
0.120 3.98e-06 [1751.84003885]
0.001 7.94e-06 [113932.75422276]
0.002 7.94e-06 [261791.18753157]
0.003 7.94e-06 [461623.76106231]
0.004 7.94e-06 [657524.85617792]
0.005 7.94e-06 [801932.90503243]
0.007 7.94e-06 [1047390.44063451]
0.010 7.94e-06 [1221150.8686033]
0.020 7.94e-06 [1177138.86261882]
0.040 7.94e-06 [610897.99881754]
0.060 7.94e-06 [252339.0184436]
0.080 7.94e-06 [85537.08443371]
0.100 7.94e-06 [19204.89449549]
0.120 7.94e-06 [1437.56781608]
0.001 1.58e-05 [1341173.58008697]
0.002 1.58e-05 [2556738.11663827]
0.003 1.58e-05 [3749804.47015437]
0.004 1.58e-05 [4442974.55223342]
0.005 1.58e-05 [4887590.79767118]
0.007 1.58e-05 [5117347.18943328]
0.010 1.58e-05 [4838061.24899171]
0.020 1.58e-05 [2865202.71504448]
0.040 1.58e-05 [727585.33475774]
0.060 1.58e-05 [164517.01319948]
0.080 1.58e-05 [30574.00687629]
0.100 1.58e-05 [4425.06487665]
0.120 1.58e-05 [220.38603465]
0.001 3.16e-05 [12028283.7852472]
0.002 3.16e-05 [17565373.76104706]
0.003 3.16e-05 [20426076.70411457]
0.004 3.16e-05 [20249037.07039427]
0.005 3.16e-05 [19556071.67616231]
0.007 3.16e-05 [16233241.57174892]
0.010 3.16e-05 [11683752.94458097]
0.020 3.16e-05 [3277902.01489437]
0.040 3.16e-05 [261525.36623743]
0.060 3.16e-05 [19538.65269517]
0.080 3.16e-05 [873.57407526]
0.100 3.16e-05 [49.2083747]
0.120 3.16e-05 [0.]
0.001 6.31e-05 [75872788.7033716]
0.002 6.31e-05 [81458380.76983172]
0.003 6.31e-05 [71791075.84032364]
0.004 6.31e-05 [58892476.9478292]
0.005 6.31e-05 [47420774.24302553]
0.007 6.31e-05 [29017256.68261033]
0.010 6.31e-05 [13644404.23129483]
0.020 6.31e-05 [1128615.12665593]
0.040 6.31e-05 [4827.56702922]
0.060 6.31e-05 [0.]
0.080 6.31e-05 [0.]
0.100 6.31e-05 [0.]
0.120 6.31e-05 [0.]
0.001 1.26e-04 [3.13707208e+08]
0.002 1.26e-04 [2.39583179e+08]
0.003 1.26e-04 [1.49084192e+08]
0.004 1.26e-04 [90879477.18816851]
0.005 1.26e-04 [55080587.82767334]
0.007 1.26e-04 [21139811.14972356]
0.010 1.26e-04 [4690569.92790576]
0.020 1.26e-04 [39482.36096147]
0.040 1.26e-04 [0.]
0.060 1.26e-04 [0.]
0.080 1.26e-04 [0.]
0.100 1.26e-04 [0.]
0.120 1.26e-04 [0.]
0.001 2.51e-04 [8.09445921e+08]
0.002 2.51e-04 [3.76614987e+08]
0.003 2.51e-04 [1.36886933e+08]
0.004 2.51e-04 [52446360.31591863]
0.005 2.51e-04 [18538143.15688968]
0.007 2.51e-04 [3233028.42836601]
0.010 2.51e-04 [132201.14808672]
0.020 2.51e-04 [0.]
0.040 2.51e-04 [0.]
0.060 2.51e-04 [0.]
0.080 2.51e-04 [0.]
0.100 2.51e-04 [0.]
0.120 2.51e-04 [0.]
0.001 5.01e-04 [1.04936573e+09]
0.002 5.01e-04 [2.14552212e+08]
0.003 5.01e-04 [32323289.88810309]
0.004 5.01e-04 [4936294.90675398]
0.005 5.01e-04 [666077.60558914]
0.007 5.01e-04 [0.]
0.010 5.01e-04 [0.]
0.020 5.01e-04 [0.]
0.040 5.01e-04 [0.]
0.060 5.01e-04 [0.]
0.080 5.01e-04 [0.]
0.100 5.01e-04 [0.]
0.120 5.01e-04 [0.]
0.001 1.00e-03 [4.38683035e+08]
0.002 1.00e-03 [21819370.68772028]
0.003 1.00e-03 [531741.54864641]
0.004 1.00e-03 [0.]
0.005 1.00e-03 [0.]
0.007 1.00e-03 [0.]
0.010 1.00e-03 [0.]
0.020 1.00e-03 [0.]
0.040 1.00e-03 [0.]
0.060 1.00e-03 [0.]
0.080 1.00e-03 [0.]
0.100 1.00e-03 [0.]
0.120 1.00e-03 [0.]
