0.001 1.00e-09 [0.]
0.002 1.00e-09 [0.]
0.003 1.00e-09 [0.]
0.004 1.00e-09 [0.]
0.005 1.00e-09 [0.]
0.007 1.00e-09 [0.]
0.010 1.00e-09 [0.]
0.020 1.00e-09 [0.]
0.040 1.00e-09 [0.]
0.060 1.00e-09 [0.]
0.080 1.00e-09 [0.]
0.100 1.00e-09 [0.]
0.120 1.00e-09 [0.]
0.140 1.00e-09 [0.]
0.160 1.00e-09 [0.]
0.180 1.00e-09 [0.]
0.200 1.00e-09 [0.]
0.220 1.00e-09 [0.]
0.250 1.00e-09 [0.]
0.270 1.00e-09 [0.]
0.290 1.00e-09 [0.]
0.310 1.00e-09 [0.]
0.330 1.00e-09 [0.]
0.350 1.00e-09 [0.]
0.370 1.00e-09 [0.]
0.390 1.00e-09 [0.]
0.410 1.00e-09 [0.]
0.430 1.00e-09 [0.]
0.450 1.00e-09 [0.]
0.470 1.00e-09 [0.]
0.490 1.00e-09 [0.]
0.510 1.00e-09 [0.]
0.530 1.00e-09 [0.]
0.550 1.00e-09 [0.]
0.570 1.00e-09 [0.]
0.590 1.00e-09 [3.75767944e-09]
0.610 1.00e-09 [4.59700667e-09]
0.630 1.00e-09 [5.81760026e-09]
0.650 1.00e-09 [7.51425268e-09]
0.670 1.00e-09 [1.00588642e-08]
0.690 1.00e-09 [1.52550382e-08]
0.710 1.00e-09 [5.08252049e-08]
0.730 1.00e-09 [1.05935464e-07]
0.750 1.00e-09 [1.8022152e-06]
0.770 1.00e-09 [4.76159183e-06]
0.790 1.00e-09 [2.98462895e-06]
0.810 1.00e-09 [9.58351476e-08]
0.830 1.00e-09 [6.34974082e-08]
0.850 1.00e-09 [3.3857315e-08]
0.870 1.00e-09 [2.56042597e-08]
0.890 1.00e-09 [8.99577013e-09]
0.910 1.00e-09 [7.33251285e-09]
0.930 1.00e-09 [5.71745807e-09]
0.950 1.00e-09 [4.92634958e-09]
0.970 1.00e-09 [4.13524109e-09]
0.990 1.00e-09 [3.68241878e-09]
1.010 1.00e-09 [6.54836477e-09]
1.030 1.00e-09 [8.95022388e-09]
1.050 1.00e-09 [5.53528702e-09]
1.070 1.00e-09 [5.15156916e-09]
1.090 1.00e-09 [4.92726839e-09]
1.110 1.00e-09 [4.70296762e-09]
1.130 1.00e-09 [4.54169611e-09]
1.150 1.00e-09 [4.40258312e-09]
1.170 1.00e-09 [4.25503329e-09]
1.190 1.00e-09 [4.05228743e-09]
1.210 1.00e-09 [3.84954157e-09]
1.230 1.00e-09 [3.57547009e-09]
1.250 1.00e-09 [3.19590034e-09]
1.270 1.00e-09 [2.81633059e-09]
1.290 1.00e-09 [2.42254689e-09]
1.310 1.00e-09 [2.01696996e-09]
1.330 1.00e-09 [2.41708955e-09]
1.350 1.00e-09 [1.9406446e-09]
1.370 1.00e-09 [1.56949284e-09]
1.390 1.00e-09 [1.19834109e-09]
1.410 1.00e-09 [9.13220915e-10]
1.430 1.00e-09 [7.44077663e-10]
1.450 1.00e-09 [5.74934411e-10]
1.470 1.00e-09 [5.60770797e-10]
1.490 1.00e-09 [4.67329446e-10]
0.001 2.00e-09 [0.]
0.002 2.00e-09 [0.]
0.003 2.00e-09 [0.]
0.004 2.00e-09 [0.]
0.005 2.00e-09 [0.]
0.007 2.00e-09 [0.]
0.010 2.00e-09 [0.]
0.020 2.00e-09 [0.]
0.040 2.00e-09 [0.]
0.060 2.00e-09 [0.]
0.080 2.00e-09 [0.]
0.100 2.00e-09 [0.]
0.120 2.00e-09 [0.]
0.140 2.00e-09 [0.]
0.160 2.00e-09 [0.]
0.180 2.00e-09 [0.]
0.200 2.00e-09 [0.]
0.220 2.00e-09 [0.]
0.250 2.00e-09 [0.]
0.270 2.00e-09 [0.]
0.290 2.00e-09 [0.]
0.310 2.00e-09 [0.]
0.330 2.00e-09 [0.]
0.350 2.00e-09 [4.31056319e-09]
0.370 2.00e-09 [4.54913549e-09]
0.390 2.00e-09 [4.83139391e-09]
0.410 2.00e-09 [5.17159176e-09]
0.430 2.00e-09 [5.57704362e-09]
0.450 2.00e-09 [6.06600029e-09]
0.470 2.00e-09 [6.67030827e-09]
0.490 2.00e-09 [7.37928884e-09]
0.510 2.00e-09 [8.27635949e-09]
0.530 2.00e-09 [9.40744634e-09]
0.550 2.00e-09 [2.16958385e-08]
0.570 2.00e-09 [2.53863767e-08]
0.590 2.00e-09 [3.00614355e-08]
0.610 2.00e-09 [5.516408e-08]
0.630 2.00e-09 [6.98112031e-08]
0.650 2.00e-09 [1.20228043e-07]
0.670 2.00e-09 [1.60941827e-07]
0.690 2.00e-09 [3.66120916e-07]
0.710 2.00e-09 [7.11552868e-07]
0.730 2.00e-09 [1.90683835e-06]
0.750 2.00e-09 [2.64324896e-05]
0.770 2.00e-09 [8.88830475e-05]
0.790 2.00e-09 [5.17335685e-05]
0.810 2.00e-09 [1.91670295e-06]
0.830 2.00e-09 [1.01595853e-06]
0.850 2.00e-09 [4.7400241e-07]
0.870 2.00e-09 [3.07251116e-07]
0.890 2.00e-09 [2.15898483e-07]
0.910 2.00e-09 [1.75980308e-07]
0.930 2.00e-09 [1.14349161e-07]
0.950 2.00e-09 [9.85269916e-08]
0.970 2.00e-09 [8.27048217e-08]
0.990 2.00e-09 [7.36483755e-08]
1.010 2.00e-09 [1.04773836e-07]
1.030 2.00e-09 [1.19336318e-07]
1.050 2.00e-09 [6.64234443e-08]
1.070 2.00e-09 [6.18188299e-08]
1.090 2.00e-09 [5.91272206e-08]
1.110 2.00e-09 [5.64356114e-08]
1.130 2.00e-09 [6.35837456e-08]
1.150 2.00e-09 [6.16361637e-08]
1.170 2.00e-09 [5.9570466e-08]
1.190 2.00e-09 [5.6732024e-08]
1.210 2.00e-09 [6.15926651e-08]
1.230 2.00e-09 [5.72075215e-08]
1.250 2.00e-09 [5.11344054e-08]
1.270 2.00e-09 [5.06939506e-08]
1.290 2.00e-09 [4.36058439e-08]
1.310 2.00e-09 [4.03393992e-08]
1.330 2.00e-09 [3.22278606e-08]
1.350 2.00e-09 [2.84627875e-08]
1.370 2.00e-09 [2.30192284e-08]
1.390 2.00e-09 [1.91734574e-08]
1.410 2.00e-09 [1.58291625e-08]
1.430 2.00e-09 [1.28973462e-08]
1.450 2.00e-09 [1.0732109e-08]
1.470 2.00e-09 [8.41156195e-09]
1.490 2.00e-09 [7.00994168e-09]
0.001 4.00e-09 [0.]
0.002 4.00e-09 [0.]
0.003 4.00e-09 [0.]
0.004 4.00e-09 [0.]
0.005 4.00e-09 [0.]
0.007 4.00e-09 [0.]
0.010 4.00e-09 [0.]
0.020 4.00e-09 [0.]
0.040 4.00e-09 [0.]
0.060 4.00e-09 [0.]
0.080 4.00e-09 [0.]
0.100 4.00e-09 [0.]
0.120 4.00e-09 [0.]
0.140 4.00e-09 [0.]
0.160 4.00e-09 [0.]
0.180 4.00e-09 [0.]
0.200 4.00e-09 [0.]
0.220 4.00e-09 [1.37739293e-08]
0.250 4.00e-09 [1.42540423e-08]
0.270 4.00e-09 [1.4657677e-08]
0.290 4.00e-09 [1.51707962e-08]
0.310 4.00e-09 [3.14815229e-08]
0.330 4.00e-09 [3.28624478e-08]
0.350 4.00e-09 [3.44845055e-08]
0.370 4.00e-09 [3.6393084e-08]
0.390 4.00e-09 [5.7976727e-08]
0.410 4.00e-09 [6.20591012e-08]
0.430 4.00e-09 [6.69245234e-08]
0.450 4.00e-09 [9.70560047e-08]
0.470 4.00e-09 [1.06724932e-07]
0.490 4.00e-09 [1.47585777e-07]
0.510 4.00e-09 [1.6552719e-07]
0.530 4.00e-09 [2.25778712e-07]
0.550 4.00e-09 [3.03741738e-07]
0.570 4.00e-09 [3.55409274e-07]
0.590 4.00e-09 [5.4110584e-07]
0.610 4.00e-09 [7.35521067e-07]
0.630 4.00e-09 [1.11697925e-06]
0.650 4.00e-09 [1.80342064e-06]
0.670 4.00e-09 [2.89695289e-06]
0.690 4.00e-09 [5.61385404e-06]
0.710 4.00e-09 [1.17914475e-05]
0.730 4.00e-09 [3.13568973e-05]
0.750 4.00e-09 [0.00043253]
0.770 4.00e-09 [0.00137134]
0.790 4.00e-09 [0.00084366]
0.810 4.00e-09 [2.9900566e-05]
0.830 4.00e-09 [1.67633158e-05]
0.850 4.00e-09 [7.58403856e-06]
0.870 4.00e-09 [5.32568601e-06]
0.890 4.00e-09 [3.31044341e-06]
0.910 4.00e-09 [2.58104452e-06]
0.930 4.00e-09 [1.92106591e-06]
0.950 4.00e-09 [1.65525346e-06]
0.970 4.00e-09 [1.389441e-06]
0.990 4.00e-09 [1.23729271e-06]
1.010 4.00e-09 [1.7287683e-06]
1.030 4.00e-09 [1.95711562e-06]
1.050 4.00e-09 [1.1513397e-06]
1.070 4.00e-09 [1.03031383e-06]
1.090 4.00e-09 [9.85453677e-07]
1.110 4.00e-09 [9.78217264e-07]
1.130 4.00e-09 [9.44672792e-07]
1.150 4.00e-09 [9.50957955e-07]
1.170 4.00e-09 [9.53127456e-07]
1.190 4.00e-09 [9.40130684e-07]
1.210 4.00e-09 [9.54686309e-07]
1.230 4.00e-09 [9.15320343e-07]
1.250 4.00e-09 [8.4371769e-07]
1.270 4.00e-09 [7.88572565e-07]
1.290 4.00e-09 [7.17073878e-07]
1.310 4.00e-09 [6.13158867e-07]
1.330 4.00e-09 [5.1564577e-07]
1.350 4.00e-09 [4.34704391e-07]
1.370 4.00e-09 [3.76678282e-07]
1.390 4.00e-09 [3.00384165e-07]
1.410 4.00e-09 [2.43525577e-07]
1.430 4.00e-09 [2.06357539e-07]
1.450 4.00e-09 [1.68647427e-07]
1.470 4.00e-09 [1.32341908e-07]
1.490 4.00e-09 [1.14028385e-07]
0.001 8.00e-09 [0.]
0.002 8.00e-09 [0.]
0.003 8.00e-09 [0.]
0.004 8.00e-09 [0.]
0.005 8.00e-09 [0.]
0.007 8.00e-09 [0.]
0.010 8.00e-09 [0.]
0.020 8.00e-09 [0.]
0.040 8.00e-09 [0.]
0.060 8.00e-09 [0.]
0.080 8.00e-09 [0.]
0.100 8.00e-09 [0.]
0.120 8.00e-09 [5.15340928e-08]
0.140 8.00e-09 [5.19248813e-08]
0.160 8.00e-09 [5.25657482e-08]
0.180 8.00e-09 [5.33158378e-08]
0.200 8.00e-09 [5.41075072e-08]
0.220 8.00e-09 [1.10191435e-07]
0.250 8.00e-09 [2.28064676e-07]
0.270 8.00e-09 [2.34522832e-07]
0.290 8.00e-09 [3.6409911e-07]
0.310 8.00e-09 [3.77778275e-07]
0.330 8.00e-09 [4.6007427e-07]
0.350 8.00e-09 [5.51752088e-07]
0.370 8.00e-09 [6.55075511e-07]
0.390 8.00e-09 [8.50325329e-07]
0.410 8.00e-09 [9.92945619e-07]
0.430 8.00e-09 [1.24925777e-06]
0.450 8.00e-09 [1.45584007e-06]
0.470 8.00e-09 [1.81432385e-06]
0.490 8.00e-09 [2.24330381e-06]
0.510 8.00e-09 [2.78085679e-06]
0.530 8.00e-09 [3.61245939e-06]
0.550 8.00e-09 [4.68630111e-06]
0.570 8.00e-09 [6.09273041e-06]
0.590 8.00e-09 [8.41720195e-06]
0.610 8.00e-09 [1.17683371e-05]
0.630 8.00e-09 [1.74993416e-05]
0.650 8.00e-09 [2.78929059e-05]
0.670 8.00e-09 [4.57074789e-05]
0.690 8.00e-09 [8.78690198e-05]
0.710 8.00e-09 [0.00019029]
0.730 8.00e-09 [0.00050171]
0.750 8.00e-09 [0.00684361]
0.770 8.00e-09 [0.022043]
0.790 8.00e-09 [0.01343481]
0.810 8.00e-09 [0.00047228]
0.830 8.00e-09 [0.00026618]
0.850 8.00e-09 [0.00012243]
0.870 8.00e-09 [8.35723036e-05]
0.890 8.00e-09 [5.29670945e-05]
0.910 8.00e-09 [4.12967124e-05]
0.930 8.00e-09 [3.07370546e-05]
0.950 8.00e-09 [2.6168769e-05]
0.970 8.00e-09 [2.19664006e-05]
0.990 8.00e-09 [2.00323581e-05]
1.010 8.00e-09 [2.72411975e-05]
1.030 8.00e-09 [3.11229118e-05]
1.050 8.00e-09 [1.80671768e-05]
1.070 8.00e-09 [1.61553209e-05]
1.090 8.00e-09 [1.57672588e-05]
1.110 8.00e-09 [1.53504863e-05]
1.130 8.00e-09 [1.52600989e-05]
1.150 8.00e-09 [1.52153273e-05]
1.170 8.00e-09 [1.51138782e-05]
1.190 8.00e-09 [1.50420909e-05]
1.210 8.00e-09 [1.50286103e-05]
1.230 8.00e-09 [1.46451255e-05]
1.250 8.00e-09 [1.3499483e-05]
1.270 8.00e-09 [1.27072836e-05]
1.290 8.00e-09 [1.12406175e-05]
1.310 8.00e-09 [9.87508492e-06]
1.330 8.00e-09 [8.19876774e-06]
1.350 8.00e-09 [6.91386983e-06]
1.370 8.00e-09 [5.99337e-06]
1.390 8.00e-09 [4.75501743e-06]
1.410 8.00e-09 [3.87692719e-06]
1.430 8.00e-09 [3.28584696e-06]
1.450 8.00e-09 [2.68609357e-06]
1.470 8.00e-09 [2.09952586e-06]
1.490 8.00e-09 [1.80949961e-06]
0.001 1.60e-08 [0.]
0.002 1.60e-08 [0.]
0.003 1.60e-08 [0.]
0.004 1.60e-08 [0.]
0.005 1.60e-08 [0.]
0.007 1.60e-08 [0.]
0.010 1.60e-08 [0.]
0.020 1.60e-08 [0.]
0.040 1.60e-08 [0.]
0.060 1.60e-08 [2.03504515e-07]
0.080 1.60e-08 [2.04114413e-07]
0.100 1.60e-08 [2.04969277e-07]
0.120 1.60e-08 [4.12272742e-07]
0.140 1.60e-08 [6.23098576e-07]
0.160 1.60e-08 [8.41051972e-07]
0.180 1.60e-08 [8.53053404e-07]
0.200 1.60e-08 [1.08215014e-06]
0.220 1.60e-08 [1.98344583e-06]
0.250 1.60e-08 [3.42097014e-06]
0.270 1.60e-08 [4.22141098e-06]
0.290 1.60e-08 [5.58285301e-06]
0.310 1.60e-08 [6.29630458e-06]
0.330 1.60e-08 [7.6240879e-06]
0.350 1.60e-08 [9.10390946e-06]
0.370 1.60e-08 [1.10634975e-05]
0.390 1.60e-08 [1.29867868e-05]
0.410 1.60e-08 [1.58871299e-05]
0.430 1.60e-08 [1.92742628e-05]
0.450 1.60e-08 [2.32934411e-05]
0.470 1.60e-08 [2.86022819e-05]
0.490 1.60e-08 [3.54205864e-05]
0.510 1.60e-08 [4.39640216e-05]
0.530 1.60e-08 [5.65951972e-05]
0.550 1.60e-08 [7.42865509e-05]
0.570 1.60e-08 [9.58589585e-05]
0.590 1.60e-08 [0.00013179]
0.610 1.60e-08 [0.00018829]
0.630 1.60e-08 [0.00028148]
0.650 1.60e-08 [0.00044821]
0.670 1.60e-08 [0.00072874]
0.690 1.60e-08 [0.00139809]
0.710 1.60e-08 [0.00302512]
0.730 1.60e-08 [0.00795957]
0.750 1.60e-08 [0.10857506]
0.770 1.60e-08 [0.34903103]
0.790 1.60e-08 [0.21266476]
0.810 1.60e-08 [0.00747054]
0.830 1.60e-08 [0.00421826]
0.850 1.60e-08 [0.00195018]
0.870 1.60e-08 [0.00132405]
0.890 1.60e-08 [0.00084517]
0.910 1.60e-08 [0.00066075]
0.930 1.60e-08 [0.00048887]
0.950 1.60e-08 [0.00041366]
0.970 1.60e-08 [0.0003504]
0.990 1.60e-08 [0.00031675]
1.010 1.60e-08 [0.00043418]
1.030 1.60e-08 [0.00049338]
1.050 1.60e-08 [0.00028766]
1.070 1.60e-08 [0.00025717]
1.090 1.60e-08 [0.00025101]
1.110 1.60e-08 [0.0002444]
1.130 1.60e-08 [0.000243]
1.150 1.60e-08 [0.00024232]
1.170 1.60e-08 [0.00023964]
1.190 1.60e-08 [0.0002386]
1.210 1.60e-08 [0.00023947]
1.230 1.60e-08 [0.00023249]
1.250 1.60e-08 [0.00021354]
1.270 1.60e-08 [0.00020151]
1.290 1.60e-08 [0.00017892]
1.310 1.60e-08 [0.00015671]
1.330 1.60e-08 [0.00013015]
1.350 1.60e-08 [0.00010963]
1.370 1.60e-08 [9.50903397e-05]
1.390 1.60e-08 [7.55689866e-05]
1.410 1.60e-08 [6.13294814e-05]
1.430 1.60e-08 [5.21925836e-05]
1.450 1.60e-08 [4.25359475e-05]
1.470 1.60e-08 [3.33052992e-05]
1.490 1.60e-08 [2.8682812e-05]
0.001 3.20e-08 [0.]
0.002 3.20e-08 [0.]
0.003 3.20e-08 [0.]
0.004 3.20e-08 [0.]
0.005 3.20e-08 [0.]
0.007 3.20e-08 [0.]
0.010 3.20e-08 [0.]
0.020 3.20e-08 [0.]
0.040 3.20e-08 [8.17226686e-07]
0.060 3.20e-08 [1.62803612e-06]
0.080 3.20e-08 [3.26583061e-06]
0.100 3.20e-08 [4.91926266e-06]
0.120 3.20e-08 [6.59636388e-06]
0.140 3.20e-08 [9.13877911e-06]
0.160 3.20e-08 [1.17747276e-05]
0.180 3.20e-08 [1.53549613e-05]
0.200 3.20e-08 [1.90458425e-05]
0.220 3.20e-08 [3.26166647e-05]
0.250 3.20e-08 [5.29110049e-05]
0.270 3.20e-08 [6.66044843e-05]
0.290 3.20e-08 [8.83547173e-05]
0.310 3.20e-08 [9.97334646e-05]
0.330 3.20e-08 [0.00011988]
0.350 3.20e-08 [0.00014456]
0.370 3.20e-08 [0.00017469]
0.390 3.20e-08 [0.00020655]
0.410 3.20e-08 [0.00025287]
0.430 3.20e-08 [0.00030696]
0.450 3.20e-08 [0.0003727]
0.470 3.20e-08 [0.00045422]
0.490 3.20e-08 [0.00056295]
0.510 3.20e-08 [0.00070342]
0.530 3.20e-08 [0.0008983]
0.550 3.20e-08 [0.0011747]
0.570 3.20e-08 [0.00152399]
0.590 3.20e-08 [0.00209709]
0.610 3.20e-08 [0.00297974]
0.630 3.20e-08 [0.004456]
0.650 3.20e-08 [0.00709442]
0.670 3.20e-08 [0.01155691]
0.690 3.20e-08 [0.02210394]
0.710 3.20e-08 [0.0477513]
0.730 3.20e-08 [0.12534623]
0.750 3.20e-08 [1.70644308]
0.770 3.20e-08 [5.46585031]
0.790 3.20e-08 [3.33234221]
0.810 3.20e-08 [0.11761503]
0.830 3.20e-08 [0.06645182]
0.850 3.20e-08 [0.03075219]
0.870 3.20e-08 [0.02093568]
0.890 3.20e-08 [0.01337534]
0.910 3.20e-08 [0.01043681]
0.930 3.20e-08 [0.00773988]
0.950 3.20e-08 [0.00655291]
0.970 3.20e-08 [0.00554294]
0.990 3.20e-08 [0.00501139]
1.010 3.20e-08 [0.00683964]
1.030 3.20e-08 [0.00775667]
1.050 3.20e-08 [0.00454868]
1.070 3.20e-08 [0.00406455]
1.090 3.20e-08 [0.00396326]
1.110 3.20e-08 [0.00385989]
1.130 3.20e-08 [0.00383682]
1.150 3.20e-08 [0.0038275]
1.170 3.20e-08 [0.00377983]
1.190 3.20e-08 [0.00376571]
1.210 3.20e-08 [0.00377637]
1.230 3.20e-08 [0.00366494]
1.250 3.20e-08 [0.00336587]
1.270 3.20e-08 [0.0031752]
1.290 3.20e-08 [0.00281806]
1.310 3.20e-08 [0.00246606]
1.330 3.20e-08 [0.00204691]
1.350 3.20e-08 [0.00172226]
1.370 3.20e-08 [0.00149305]
1.390 3.20e-08 [0.00118579]
1.410 3.20e-08 [0.00096163]
1.430 3.20e-08 [0.0008173]
1.450 3.20e-08 [0.00066566]
1.470 3.20e-08 [0.00052025]
1.490 3.20e-08 [0.00044792]
0.001 6.30e-08 [0.]
0.002 6.30e-08 [0.]
0.003 6.30e-08 [0.]
0.004 6.30e-08 [0.]
0.005 6.30e-08 [0.]
0.007 6.30e-08 [0.]
0.010 6.30e-08 [0.]
0.020 6.30e-08 [3.16574503e-06]
0.040 6.30e-08 [1.26702059e-05]
0.060 6.30e-08 [2.52409194e-05]
0.080 6.30e-08 [4.43039901e-05]
0.100 6.30e-08 [6.99121381e-05]
0.120 6.30e-08 [0.00010227]
0.140 6.30e-08 [0.00013847]
0.160 6.30e-08 [0.00018255]
0.180 6.30e-08 [0.00023145]
0.200 6.30e-08 [0.00029193]
0.220 6.30e-08 [0.00050227]
0.250 6.30e-08 [0.00081326]
0.270 6.30e-08 [0.00102536]
0.290 6.30e-08 [0.00136608]
0.310 6.30e-08 [0.00153064]
0.330 6.30e-08 [0.00183826]
0.350 6.30e-08 [0.00222412]
0.370 6.30e-08 [0.00268124]
0.390 6.30e-08 [0.0031736]
0.410 6.30e-08 [0.00389482]
0.430 6.30e-08 [0.00470928]
0.450 6.30e-08 [0.00572406]
0.470 6.30e-08 [0.0069694]
0.490 6.30e-08 [0.00863276]
0.510 6.30e-08 [0.01078264]
0.530 6.30e-08 [0.01374978]
0.550 6.30e-08 [0.01799715]
0.570 6.30e-08 [0.023313]
0.590 6.30e-08 [0.03203577]
0.610 6.30e-08 [0.04544959]
0.630 6.30e-08 [0.06774622]
0.650 6.30e-08 [0.10754559]
0.670 6.30e-08 [0.17442635]
0.690 6.30e-08 [0.33198055]
0.710 6.30e-08 [0.7109806]
0.730 6.30e-08 [1.84917365]
0.750 6.30e-08 [24.93294628]
0.770 6.30e-08 [78.93381248]
0.790 6.30e-08 [48.20134275]
0.810 6.30e-08 [1.73144288]
0.830 6.30e-08 [0.98540294]
0.850 6.30e-08 [0.4583691]
0.870 6.30e-08 [0.31299978]
0.890 6.30e-08 [0.20055056]
0.910 6.30e-08 [0.15668917]
0.930 6.30e-08 [0.11634491]
0.950 6.30e-08 [0.09854551]
0.970 6.30e-08 [0.08332764]
0.990 6.30e-08 [0.07532839]
1.010 6.30e-08 [0.10129782]
1.030 6.30e-08 [0.11375789]
1.050 6.30e-08 [0.06795183]
1.070 6.30e-08 [0.06080812]
1.090 6.30e-08 [0.05926545]
1.110 6.30e-08 [0.05766885]
1.130 6.30e-08 [0.05726858]
1.150 6.30e-08 [0.0570696]
1.170 6.30e-08 [0.05632224]
1.190 6.30e-08 [0.05603501]
1.210 6.30e-08 [0.05606567]
1.230 6.30e-08 [0.05430202]
1.250 6.30e-08 [0.04983117]
1.270 6.30e-08 [0.04686942]
1.290 6.30e-08 [0.04153238]
1.310 6.30e-08 [0.03624824]
1.330 6.30e-08 [0.03003702]
1.350 6.30e-08 [0.02521515]
1.370 6.30e-08 [0.02176731]
1.390 6.30e-08 [0.01724921]
1.410 6.30e-08 [0.01393286]
1.430 6.30e-08 [0.01181101]
1.450 6.30e-08 [0.0095848]
1.470 6.30e-08 [0.00745275]
1.490 6.30e-08 [0.00640056]
0.001 1.26e-07 [0.]
0.002 1.26e-07 [0.]
0.003 1.26e-07 [0.]
0.004 1.26e-07 [0.]
0.005 1.26e-07 [0.]
0.007 1.26e-07 [0.]
0.010 1.26e-07 [1.26613026e-05]
0.020 1.26e-07 [5.06519205e-05]
0.040 1.26e-07 [0.00017738]
0.060 1.26e-07 [0.00040385]
0.080 1.26e-07 [0.00072152]
0.100 1.26e-07 [0.00113131]
0.120 1.26e-07 [0.00162353]
0.140 1.26e-07 [0.00220259]
0.160 1.26e-07 [0.00292087]
0.180 1.26e-07 [0.00368996]
0.200 1.26e-07 [0.00461718]
0.220 1.26e-07 [0.00796797]
0.250 1.26e-07 [0.01289894]
0.270 1.26e-07 [0.01624574]
0.290 1.26e-07 [0.02161643]
0.310 1.26e-07 [0.02422471]
0.330 1.26e-07 [0.02903721]
0.350 1.26e-07 [0.0351069]
0.370 1.26e-07 [0.0422138]
0.390 1.26e-07 [0.04991461]
0.410 1.26e-07 [0.0611471]
0.430 1.26e-07 [0.07379904]
0.450 1.26e-07 [0.08953848]
0.470 1.26e-07 [0.10878353]
0.490 1.26e-07 [0.13437517]
0.510 1.26e-07 [0.16746354]
0.530 1.26e-07 [0.21282748]
0.550 1.26e-07 [0.27744894]
0.570 1.26e-07 [0.35829733]
0.590 1.26e-07 [0.48948502]
0.610 1.26e-07 [0.6898266]
0.630 1.26e-07 [1.01919505]
0.650 1.26e-07 [1.59630346]
0.670 1.26e-07 [2.54904406]
0.690 1.26e-07 [4.74472442]
0.710 1.26e-07 [9.84298127]
0.730 1.26e-07 [24.6892853]
0.750 1.26e-07 [321.31240701]
0.770 1.26e-07 [973.13484571]
0.790 1.26e-07 [597.66979924]
0.810 1.26e-07 [22.94390035]
0.830 1.26e-07 [13.41710535]
0.850 1.26e-07 [6.36637188]
0.870 1.26e-07 [4.40618333]
0.890 1.26e-07 [2.85348059]
0.910 1.26e-07 [2.23951432]
0.930 1.26e-07 [1.67189934]
0.950 1.26e-07 [1.41819509]
0.970 1.26e-07 [1.1983293]
0.990 1.26e-07 [1.08113925]
1.010 1.26e-07 [1.37557107]
1.030 1.26e-07 [1.48615858]
1.050 1.26e-07 [0.95400592]
1.070 1.26e-07 [0.85818377]
1.090 1.26e-07 [0.8343903]
1.110 1.26e-07 [0.80980915]
1.130 1.26e-07 [0.80107508]
1.150 1.26e-07 [0.79544471]
1.170 1.26e-07 [0.78256667]
1.190 1.26e-07 [0.77358557]
1.210 1.26e-07 [0.767639]
1.230 1.26e-07 [0.73861529]
1.250 1.26e-07 [0.67501987]
1.270 1.26e-07 [0.62746676]
1.290 1.26e-07 [0.55290605]
1.310 1.26e-07 [0.4783359]
1.330 1.26e-07 [0.39325382]
1.350 1.26e-07 [0.32726035]
1.370 1.26e-07 [0.27831758]
1.390 1.26e-07 [0.21865909]
1.410 1.26e-07 [0.17400371]
1.430 1.26e-07 [0.14605959]
1.450 1.26e-07 [0.11691618]
1.470 1.26e-07 [0.08923274]
1.490 1.26e-07 [0.07595531]
0.001 2.51e-07 [0.]
0.002 2.51e-07 [0.]
0.003 2.51e-07 [0.]
0.004 2.51e-07 [5.02422312e-05]
0.005 2.51e-07 [5.02424267e-05]
0.007 2.51e-07 [0.00010049]
0.010 2.51e-07 [0.00020098]
0.020 2.51e-07 [0.00070351]
0.040 2.51e-07 [0.00286593]
0.060 2.51e-07 [0.00636041]
0.080 2.51e-07 [0.01130222]
0.100 2.51e-07 [0.01775575]
0.120 2.51e-07 [0.02561849]
0.140 2.51e-07 [0.03475777]
0.160 2.51e-07 [0.04594976]
0.180 2.51e-07 [0.05804687]
0.200 2.51e-07 [0.07249084]
0.220 2.51e-07 [0.12447095]
0.250 2.51e-07 [0.20037047]
0.270 2.51e-07 [0.25135109]
0.290 2.51e-07 [0.33255008]
0.310 2.51e-07 [0.37169545]
0.330 2.51e-07 [0.44370554]
0.350 2.51e-07 [0.53343096]
0.370 2.51e-07 [0.63790014]
0.390 2.51e-07 [0.75030323]
0.410 2.51e-07 [0.91260908]
0.430 2.51e-07 [1.0936059]
0.450 2.51e-07 [1.31722406]
0.470 2.51e-07 [1.58775701]
0.490 2.51e-07 [1.94201429]
0.510 2.51e-07 [2.39761457]
0.530 2.51e-07 [3.00888071]
0.550 2.51e-07 [3.86377014]
0.570 2.51e-07 [4.9210527]
0.590 2.51e-07 [6.57396537]
0.610 2.51e-07 [9.02964818]
0.630 2.51e-07 [12.89948254]
0.650 2.51e-07 [19.21647333]
0.670 2.51e-07 [28.95776702]
0.690 2.51e-07 [49.69277889]
0.710 2.51e-07 [92.04900744]
0.730 2.51e-07 [203.79181621]
0.750 2.51e-07 [2363.28771462]
0.770 2.51e-07 [6220.38993809]
0.790 2.51e-07 [3896.95458861]
0.810 2.51e-07 [184.9380802]
0.830 2.51e-07 [118.5398592]
0.850 2.51e-07 [60.30224029]
0.870 2.51e-07 [43.7471083]
0.890 2.51e-07 [29.45814238]
0.910 2.51e-07 [23.48998245]
0.930 2.51e-07 [17.87916397]
0.950 2.51e-07 [15.25598911]
0.970 2.51e-07 [12.85270698]
0.990 2.51e-07 [11.52022862]
1.010 2.51e-07 [12.08554936]
1.030 2.51e-07 [11.49492814]
1.050 2.51e-07 [9.4018979]
1.070 2.51e-07 [8.61447477]
1.090 2.51e-07 [8.30396606]
1.110 2.51e-07 [7.98357886]
1.130 2.51e-07 [7.79293166]
1.150 2.51e-07 [7.64756677]
1.170 2.51e-07 [7.44300109]
1.190 2.51e-07 [7.19825928]
1.210 2.51e-07 [6.94627888]
1.230 2.51e-07 [6.53260017]
1.250 2.51e-07 [5.89266102]
1.270 2.51e-07 [5.26661476]
1.290 2.51e-07 [4.55983736]
1.310 2.51e-07 [3.83240157]
1.330 2.51e-07 [3.07258532]
1.350 2.51e-07 [2.489021]
1.370 2.51e-07 [2.01928661]
1.390 2.51e-07 [1.54551784]
1.410 2.51e-07 [1.17693122]
1.430 2.51e-07 [0.95883518]
1.450 2.51e-07 [0.73803605]
1.470 2.51e-07 [0.53382302]
1.490 2.51e-07 [0.4443273]
0.001 5.01e-07 [0.]
0.002 5.01e-07 [0.00020017]
0.003 5.01e-07 [0.00020017]
0.004 5.01e-07 [0.00040034]
0.005 5.01e-07 [0.00080068]
0.007 5.01e-07 [0.0014012]
0.010 5.01e-07 [0.00280247]
0.020 5.01e-07 [0.01121136]
0.040 5.01e-07 [0.04527167]
0.060 5.01e-07 [0.10056343]
0.080 5.01e-07 [0.17851471]
0.100 5.01e-07 [0.27994671]
0.120 5.01e-07 [0.40260526]
0.140 5.01e-07 [0.54454327]
0.160 5.01e-07 [0.7172206]
0.180 5.01e-07 [0.90226169]
0.200 5.01e-07 [1.12107228]
0.220 5.01e-07 [1.89155887]
0.250 5.01e-07 [2.97067451]
0.270 5.01e-07 [3.67058369]
0.290 5.01e-07 [4.74295879]
0.310 5.01e-07 [5.25673481]
0.330 5.01e-07 [6.16653248]
0.350 5.01e-07 [7.26560282]
0.370 5.01e-07 [8.50526251]
0.390 5.01e-07 [9.79697655]
0.410 5.01e-07 [11.60316526]
0.430 5.01e-07 [13.5301876]
0.450 5.01e-07 [15.8564469]
0.470 5.01e-07 [18.54361926]
0.490 5.01e-07 [21.87643906]
0.510 5.01e-07 [26.08143696]
0.530 5.01e-07 [31.26686844]
0.550 5.01e-07 [38.02239856]
0.570 5.01e-07 [46.13571251]
0.590 5.01e-07 [56.99078673]
0.610 5.01e-07 [71.77890423]
0.630 5.01e-07 [91.80425032]
0.650 5.01e-07 [116.92029129]
0.670 5.01e-07 [148.80325197]
0.690 5.01e-07 [204.72290907]
0.710 5.01e-07 [289.09677223]
0.730 5.01e-07 [493.74798975]
0.750 5.01e-07 [4654.61116374]
0.770 5.01e-07 [9713.10035636]
0.790 5.01e-07 [6374.22383284]
0.810 5.01e-07 [433.95913784]
0.830 5.01e-07 [332.01860285]
0.850 5.01e-07 [197.86830368]
0.870 5.01e-07 [160.37174163]
0.890 5.01e-07 [119.18123222]
0.910 5.01e-07 [99.00797919]
0.930 5.01e-07 [79.19818455]
0.950 5.01e-07 [68.91365856]
0.970 5.01e-07 [57.47230994]
0.990 5.01e-07 [50.85632815]
1.010 5.01e-07 [34.72366765]
1.030 5.01e-07 [26.04984078]
1.050 5.01e-07 [34.67154313]
1.070 5.01e-07 [33.08653806]
1.090 5.01e-07 [31.25760161]
1.110 5.01e-07 [29.42742745]
1.130 5.01e-07 [27.9606207]
1.150 5.01e-07 [26.68757683]
1.170 5.01e-07 [25.43857745]
1.190 5.01e-07 [23.50430694]
1.210 5.01e-07 [21.50509349]
1.230 5.01e-07 [19.27670356]
1.250 5.01e-07 [16.93710566]
1.270 5.01e-07 [14.1062253]
1.290 5.01e-07 [11.84929817]
1.310 5.01e-07 [9.43646079]
1.330 5.01e-07 [7.28899864]
1.350 5.01e-07 [5.59048957]
1.370 5.01e-07 [4.22636548]
1.390 5.01e-07 [3.09016288]
1.410 5.01e-07 [2.20486105]
1.430 5.01e-07 [1.70472171]
1.450 5.01e-07 [1.23629616]
1.470 5.01e-07 [0.83776799]
1.490 5.01e-07 [0.66233534]
0.001 1.00e-06 [0.00079748]
0.002 1.00e-06 [0.00159496]
0.003 1.00e-06 [0.0039874]
0.004 1.00e-06 [0.00717735]
0.005 1.00e-06 [0.01116481]
0.007 1.00e-06 [0.02232984]
0.010 1.00e-06 [0.04466068]
0.020 1.00e-06 [0.17866639]
0.040 1.00e-06 [0.71507335]
0.060 1.00e-06 [1.57874987]
0.080 1.00e-06 [2.78424816]
0.100 1.00e-06 [4.32677334]
0.120 1.00e-06 [6.15429799]
0.140 1.00e-06 [8.21548981]
0.160 1.00e-06 [10.66181216]
0.180 1.00e-06 [13.19317067]
0.200 1.00e-06 [16.08852911]
0.220 1.00e-06 [25.36210828]
0.250 1.00e-06 [36.22932106]
0.270 1.00e-06 [42.29930754]
0.290 1.00e-06 [50.0664721]
0.310 1.00e-06 [53.79306848]
0.330 1.00e-06 [59.26537076]
0.350 1.00e-06 [65.00544817]
0.370 1.00e-06 [70.68560459]
0.390 1.00e-06 [75.89515915]
0.410 1.00e-06 [82.14814938]
0.430 1.00e-06 [87.82031162]
0.450 1.00e-06 [94.32327156]
0.470 1.00e-06 [101.00347546]
0.490 1.00e-06 [107.46458338]
0.510 1.00e-06 [115.61246576]
0.530 1.00e-06 [123.07526856]
0.550 1.00e-06 [130.95608091]
0.570 1.00e-06 [142.34776081]
0.590 1.00e-06 [148.240454]
0.610 1.00e-06 [156.99237465]
0.630 1.00e-06 [165.52818011]
0.650 1.00e-06 [163.41996723]
0.670 1.00e-06 [166.40379048]
0.690 1.00e-06 [166.66129191]
0.710 1.00e-06 [156.71951923]
0.730 1.00e-06 [180.14325626]
0.750 1.00e-06 [1092.74315159]
0.770 1.00e-06 [1453.87270565]
0.790 1.00e-06 [1010.79433931]
0.810 1.00e-06 [146.9631988]
0.830 1.00e-06 [150.86984195]
0.850 1.00e-06 [116.82466548]
0.870 1.00e-06 [113.19643204]
0.890 1.00e-06 [96.42565999]
0.910 1.00e-06 [87.40355318]
0.930 1.00e-06 [73.88671067]
0.950 1.00e-06 [65.25442652]
0.970 1.00e-06 [54.88291969]
0.990 1.00e-06 [47.64681655]
1.010 1.00e-06 [16.43639558]
1.030 1.00e-06 [7.84337953]
1.050 1.00e-06 [25.07761785]
1.070 1.00e-06 [24.99026197]
1.090 1.00e-06 [23.14830688]
1.110 1.00e-06 [21.54429466]
1.130 1.00e-06 [19.50658481]
1.150 1.00e-06 [17.37699559]
1.170 1.00e-06 [16.06487818]
1.190 1.00e-06 [13.8122217]
1.210 1.00e-06 [11.61021738]
1.230 1.00e-06 [9.87544839]
1.250 1.00e-06 [7.79160503]
1.270 1.00e-06 [5.89880442]
1.290 1.00e-06 [4.51683867]
1.310 1.00e-06 [3.21706708]
1.330 1.00e-06 [2.33974268]
1.350 1.00e-06 [1.50076516]
1.370 1.00e-06 [0.98302568]
1.390 1.00e-06 [0.64271027]
1.410 1.00e-06 [0.38203075]
1.430 1.00e-06 [0.25571469]
1.450 1.00e-06 [0.15580723]
1.470 1.00e-06 [0.09042429]
1.490 1.00e-06 [0.05876668]
0.001 1.99e-06 [0.00952195]
0.002 1.99e-06 [0.02856588]
0.003 1.99e-06 [0.06347986]
0.004 1.99e-06 [0.11426409]
0.005 1.99e-06 [0.17774484]
0.007 1.99e-06 [0.34914527]
0.010 1.99e-06 [0.70465424]
0.020 1.99e-06 [2.82216496]
0.040 1.99e-06 [11.14581297]
0.060 1.99e-06 [24.11508674]
0.080 1.99e-06 [41.33620292]
0.100 1.99e-06 [61.93576341]
0.120 1.99e-06 [84.34703974]
0.140 1.99e-06 [107.07045931]
0.160 1.99e-06 [131.13078074]
0.180 1.99e-06 [152.53747004]
0.200 1.99e-06 [173.48063014]
0.220 1.99e-06 [214.01955664]
0.250 1.99e-06 [222.95457718]
0.270 1.99e-06 [217.95776492]
0.290 1.99e-06 [200.45831857]
0.310 1.99e-06 [198.47475674]
0.330 1.99e-06 [187.4350651]
0.350 1.99e-06 [174.22069569]
0.370 1.99e-06 [162.07745823]
0.390 1.99e-06 [153.86139211]
0.410 1.99e-06 [139.1260788]
0.430 1.99e-06 [130.91101816]
0.450 1.99e-06 [120.79262829]
0.470 1.99e-06 [115.47049855]
0.490 1.99e-06 [107.72091547]
0.510 1.99e-06 [96.82747595]
0.530 1.99e-06 [91.61089935]
0.550 1.99e-06 [81.15818693]
0.570 1.99e-06 [74.64212832]
0.590 1.99e-06 [61.34810962]
0.610 1.99e-06 [46.96634914]
0.630 1.99e-06 [35.56484269]
0.650 1.99e-06 [19.70865601]
0.670 1.99e-06 [10.64918524]
0.690 1.99e-06 [4.12864946]
0.710 1.99e-06 [0.91028514]
0.730 1.99e-06 [0.2108129]
0.750 1.99e-06 [0.]
0.770 1.99e-06 [0.]
0.790 1.99e-06 [0.]
0.810 1.99e-06 [0.19071314]
0.830 1.99e-06 [0.37908191]
0.850 1.99e-06 [0.74114128]
0.870 1.99e-06 [1.32477272]
0.890 1.99e-06 [1.7901695]
0.910 1.99e-06 [2.0720345]
0.930 1.99e-06 [2.16178448]
0.950 1.99e-06 [1.96069945]
0.970 1.99e-06 [1.67875302]
0.990 1.99e-06 [1.28973845]
1.010 1.99e-06 [0.03909398]
1.030 1.99e-06 [0.]
1.050 1.99e-06 [0.25335168]
1.070 1.99e-06 [0.29729892]
1.090 1.99e-06 [0.24513314]
1.110 1.99e-06 [0.21525618]
1.130 1.99e-06 [0.16268458]
1.150 1.99e-06 [0.11389554]
1.170 1.99e-06 [0.09314326]
1.190 1.99e-06 [0.06451282]
1.210 1.99e-06 [0.03830318]
1.230 1.99e-06 [0.02134569]
1.250 1.99e-06 [0.01271976]
1.270 1.99e-06 [0.00560453]
1.290 1.99e-06 [0.0048209]
1.310 1.99e-06 [0.]
1.330 1.99e-06 [0.]
1.350 1.99e-06 [0.]
1.370 1.99e-06 [0.]
1.390 1.99e-06 [0.]
1.410 1.99e-06 [0.]
1.430 1.99e-06 [0.]
1.450 1.99e-06 [0.]
1.470 1.99e-06 [0.]
1.490 1.99e-06 [0.]
0.001 3.98e-06 [0.15166466]
0.002 3.98e-06 [0.4423557]
0.003 3.98e-06 [1.01110092]
0.004 3.98e-06 [1.80734835]
0.005 3.98e-06 [2.84374099]
0.007 3.98e-06 [5.52323428]
0.010 3.98e-06 [11.1225489]
0.020 3.98e-06 [44.01573484]
0.040 3.98e-06 [165.48836823]
0.060 3.98e-06 [330.76071338]
0.080 3.98e-06 [508.6088895]
0.100 3.98e-06 [663.97342373]
0.120 3.98e-06 [771.21091951]
0.140 3.98e-06 [821.14983333]
0.160 3.98e-06 [827.06715127]
0.180 3.98e-06 [794.71941496]
0.200 3.98e-06 [735.84192463]
0.220 3.98e-06 [490.65715524]
0.250 3.98e-06 [294.30952261]
0.270 3.98e-06 [221.20782423]
0.290 3.98e-06 [146.88908104]
0.310 3.98e-06 [129.79989829]
0.330 3.98e-06 [100.85926122]
0.350 3.98e-06 [75.79589362]
0.370 3.98e-06 [54.93741226]
0.390 3.98e-06 [45.40581721]
0.410 3.98e-06 [29.93634774]
0.430 3.98e-06 [21.3233639]
0.450 3.98e-06 [13.86764144]
0.470 3.98e-06 [9.59349591]
0.490 3.98e-06 [6.25680539]
0.510 3.98e-06 [3.50871011]
0.530 3.98e-06 [2.16184278]
0.550 3.98e-06 [0.90258914]
0.570 3.98e-06 [0.45262402]
0.590 3.98e-06 [0.11910612]
0.610 3.98e-06 [0.]
0.630 3.98e-06 [0.]
0.650 3.98e-06 [0.]
0.670 3.98e-06 [0.]
0.690 3.98e-06 [0.]
0.710 3.98e-06 [0.]
0.730 3.98e-06 [0.]
0.750 3.98e-06 [0.]
0.770 3.98e-06 [0.]
0.790 3.98e-06 [0.]
0.810 3.98e-06 [0.]
0.830 3.98e-06 [0.]
0.850 3.98e-06 [0.]
0.870 3.98e-06 [0.]
0.890 3.98e-06 [0.]
0.910 3.98e-06 [0.]
0.930 3.98e-06 [0.]
0.950 3.98e-06 [0.]
0.970 3.98e-06 [0.]
0.990 3.98e-06 [0.]
1.010 3.98e-06 [0.]
1.030 3.98e-06 [0.]
1.050 3.98e-06 [0.]
1.070 3.98e-06 [0.]
1.090 3.98e-06 [0.]
1.110 3.98e-06 [0.]
1.130 3.98e-06 [0.]
1.150 3.98e-06 [0.]
1.170 3.98e-06 [0.]
1.190 3.98e-06 [0.]
1.210 3.98e-06 [0.]
1.230 3.98e-06 [0.]
1.250 3.98e-06 [0.]
1.270 3.98e-06 [0.]
1.290 3.98e-06 [0.]
1.310 3.98e-06 [0.]
1.330 3.98e-06 [0.]
1.350 3.98e-06 [0.]
1.370 3.98e-06 [0.]
1.390 3.98e-06 [0.]
1.410 3.98e-06 [0.]
1.430 3.98e-06 [0.]
1.450 3.98e-06 [0.]
1.470 3.98e-06 [0.]
1.490 3.98e-06 [0.]
0.001 7.94e-06 [2.46538073]
0.002 7.94e-06 [6.99363802]
0.003 7.94e-06 [15.99986827]
0.004 7.94e-06 [28.52815323]
0.005 7.94e-06 [44.77981511]
0.007 7.94e-06 [86.74292444]
0.010 7.94e-06 [173.33874499]
0.020 7.94e-06 [653.79255651]
0.040 7.94e-06 [2031.83078215]
0.060 7.94e-06 [3027.17863559]
0.080 7.94e-06 [3204.01497182]
0.100 7.94e-06 [2743.60585842]
0.120 7.94e-06 [2098.23858177]
0.140 7.94e-06 [1541.66776767]
0.160 7.94e-06 [1088.25827152]
0.180 7.94e-06 [797.31690034]
0.200 7.94e-06 [561.87536523]
0.220 7.94e-06 [167.5025268]
0.250 7.94e-06 [40.13150035]
0.270 7.94e-06 [17.62845005]
0.290 7.94e-06 [4.42679323]
0.310 7.94e-06 [2.79310585]
0.330 7.94e-06 [0.97187479]
0.350 7.94e-06 [0.33994852]
0.370 7.94e-06 [0.07175266]
0.390 7.94e-06 [0.]
0.410 7.94e-06 [0.]
0.430 7.94e-06 [0.]
0.450 7.94e-06 [0.]
0.470 7.94e-06 [0.]
0.490 7.94e-06 [0.]
0.510 7.94e-06 [0.]
0.530 7.94e-06 [0.]
0.550 7.94e-06 [0.]
0.570 7.94e-06 [0.]
0.590 7.94e-06 [0.]
0.610 7.94e-06 [0.]
0.630 7.94e-06 [0.]
0.650 7.94e-06 [0.]
0.670 7.94e-06 [0.]
0.690 7.94e-06 [0.]
0.710 7.94e-06 [0.]
0.730 7.94e-06 [0.]
0.750 7.94e-06 [0.]
0.770 7.94e-06 [0.]
0.790 7.94e-06 [0.]
0.810 7.94e-06 [0.]
0.830 7.94e-06 [0.]
0.850 7.94e-06 [0.]
0.870 7.94e-06 [0.]
0.890 7.94e-06 [0.]
0.910 7.94e-06 [0.]
0.930 7.94e-06 [0.]
0.950 7.94e-06 [0.]
0.970 7.94e-06 [0.]
0.990 7.94e-06 [0.]
1.010 7.94e-06 [0.]
1.030 7.94e-06 [0.]
1.050 7.94e-06 [0.]
1.070 7.94e-06 [0.]
1.090 7.94e-06 [0.]
1.110 7.94e-06 [0.]
1.130 7.94e-06 [0.]
1.150 7.94e-06 [0.]
1.170 7.94e-06 [0.]
1.190 7.94e-06 [0.]
1.210 7.94e-06 [0.]
1.230 7.94e-06 [0.]
1.250 7.94e-06 [0.]
1.270 7.94e-06 [0.]
1.290 7.94e-06 [0.]
1.310 7.94e-06 [0.]
1.330 7.94e-06 [0.]
1.350 7.94e-06 [0.]
1.370 7.94e-06 [0.]
1.390 7.94e-06 [0.]
1.410 7.94e-06 [0.]
1.430 7.94e-06 [0.]
1.450 7.94e-06 [0.]
1.470 7.94e-06 [0.]
1.490 7.94e-06 [0.]
0.001 1.58e-05 [38.8619199]
0.002 1.58e-05 [110.37597533]
0.003 1.58e-05 [252.40295664]
0.004 1.58e-05 [447.31548063]
0.005 1.58e-05 [698.51999555]
0.007 1.58e-05 [1331.7491088]
0.010 1.58e-05 [2576.81533857]
0.020 1.58e-05 [8050.0335275]
0.040 1.58e-05 [12722.13701752]
0.060 1.58e-05 [8284.18609022]
0.080 1.58e-05 [4150.00049197]
0.100 1.58e-05 [1971.76810813]
0.120 1.58e-05 [906.74909472]
0.140 1.58e-05 [408.81817762]
0.160 1.58e-05 [169.17666521]
0.180 1.58e-05 [62.35858598]
0.200 1.58e-05 [21.02405469]
0.220 1.58e-05 [0.43248554]
0.250 1.58e-05 [0.]
0.270 1.58e-05 [0.]
0.290 1.58e-05 [0.]
0.310 1.58e-05 [0.]
0.330 1.58e-05 [0.]
0.350 1.58e-05 [0.]
0.370 1.58e-05 [0.]
0.390 1.58e-05 [0.]
0.410 1.58e-05 [0.]
0.430 1.58e-05 [0.]
0.450 1.58e-05 [0.]
0.470 1.58e-05 [0.]
0.490 1.58e-05 [0.]
0.510 1.58e-05 [0.]
0.530 1.58e-05 [0.]
0.550 1.58e-05 [0.]
0.570 1.58e-05 [0.]
0.590 1.58e-05 [0.]
0.610 1.58e-05 [0.]
0.630 1.58e-05 [0.]
0.650 1.58e-05 [0.]
0.670 1.58e-05 [0.]
0.690 1.58e-05 [0.]
0.710 1.58e-05 [0.]
0.730 1.58e-05 [0.]
0.750 1.58e-05 [0.]
0.770 1.58e-05 [0.]
0.790 1.58e-05 [0.]
0.810 1.58e-05 [0.]
0.830 1.58e-05 [0.]
0.850 1.58e-05 [0.]
0.870 1.58e-05 [0.]
0.890 1.58e-05 [0.]
0.910 1.58e-05 [0.]
0.930 1.58e-05 [0.]
0.950 1.58e-05 [0.]
0.970 1.58e-05 [0.]
0.990 1.58e-05 [0.]
1.010 1.58e-05 [0.]
1.030 1.58e-05 [0.]
1.050 1.58e-05 [0.]
1.070 1.58e-05 [0.]
1.090 1.58e-05 [0.]
1.110 1.58e-05 [0.]
1.130 1.58e-05 [0.]
1.150 1.58e-05 [0.]
1.170 1.58e-05 [0.]
1.190 1.58e-05 [0.]
1.210 1.58e-05 [0.]
1.230 1.58e-05 [0.]
1.250 1.58e-05 [0.]
1.270 1.58e-05 [0.]
1.290 1.58e-05 [0.]
1.310 1.58e-05 [0.]
1.330 1.58e-05 [0.]
1.350 1.58e-05 [0.]
1.370 1.58e-05 [0.]
1.390 1.58e-05 [0.]
1.410 1.58e-05 [0.]
1.430 1.58e-05 [0.]
1.450 1.58e-05 [0.]
1.470 1.58e-05 [0.]
1.490 1.58e-05 [0.]
0.001 3.16e-05 [614.06684991]
0.002 3.16e-05 [1732.14873725]
0.003 3.16e-05 [3909.30545031]
0.004 3.16e-05 [6803.42423338]
0.005 3.16e-05 [10374.64426511]
0.007 3.16e-05 [18614.58112568]
0.010 3.16e-05 [31798.85286902]
0.020 3.16e-05 [50808.17380451]
0.040 3.16e-05 [16565.03589117]
0.060 3.16e-05 [3548.66011981]
0.080 3.16e-05 [599.59455921]
0.100 3.16e-05 [75.26321989]
0.120 3.16e-05 [6.44185261]
0.140 3.16e-05 [0.]
0.160 3.16e-05 [0.]
0.180 3.16e-05 [0.]
0.200 3.16e-05 [0.]
0.220 3.16e-05 [0.]
0.250 3.16e-05 [0.]
0.270 3.16e-05 [0.]
0.290 3.16e-05 [0.]
0.310 3.16e-05 [0.]
0.330 3.16e-05 [0.]
0.350 3.16e-05 [0.]
0.370 3.16e-05 [0.]
0.390 3.16e-05 [0.]
0.410 3.16e-05 [0.]
0.430 3.16e-05 [0.]
0.450 3.16e-05 [0.]
0.470 3.16e-05 [0.]
0.490 3.16e-05 [0.]
0.510 3.16e-05 [0.]
0.530 3.16e-05 [0.]
0.550 3.16e-05 [0.]
0.570 3.16e-05 [0.]
0.590 3.16e-05 [0.]
0.610 3.16e-05 [0.]
0.630 3.16e-05 [0.]
0.650 3.16e-05 [0.]
0.670 3.16e-05 [0.]
0.690 3.16e-05 [0.]
0.710 3.16e-05 [0.]
0.730 3.16e-05 [0.]
0.750 3.16e-05 [0.]
0.770 3.16e-05 [0.]
0.790 3.16e-05 [0.]
0.810 3.16e-05 [0.]
0.830 3.16e-05 [0.]
0.850 3.16e-05 [0.]
0.870 3.16e-05 [0.]
0.890 3.16e-05 [0.]
0.910 3.16e-05 [0.]
0.930 3.16e-05 [0.]
0.950 3.16e-05 [0.]
0.970 3.16e-05 [0.]
0.990 3.16e-05 [0.]
1.010 3.16e-05 [0.]
1.030 3.16e-05 [0.]
1.050 3.16e-05 [0.]
1.070 3.16e-05 [0.]
1.090 3.16e-05 [0.]
1.110 3.16e-05 [0.]
1.130 3.16e-05 [0.]
1.150 3.16e-05 [0.]
1.170 3.16e-05 [0.]
1.190 3.16e-05 [0.]
1.210 3.16e-05 [0.]
1.230 3.16e-05 [0.]
1.250 3.16e-05 [0.]
1.270 3.16e-05 [0.]
1.290 3.16e-05 [0.]
1.310 3.16e-05 [0.]
1.330 3.16e-05 [0.]
1.350 3.16e-05 [0.]
1.370 3.16e-05 [0.]
1.390 3.16e-05 [0.]
1.410 3.16e-05 [0.]
1.430 3.16e-05 [0.]
1.450 3.16e-05 [0.]
1.470 3.16e-05 [0.]
1.490 3.16e-05 [0.]
0.001 6.31e-05 [9597.55466431]
0.002 6.31e-05 [26367.10914685]
0.003 6.31e-05 [56537.80773207]
0.004 6.31e-05 [91677.37366793]
0.005 6.31e-05 [127684.00342105]
0.007 6.31e-05 [182531.88794949]
0.010 6.31e-05 [202481.15505471]
0.020 6.31e-05 [66010.22279678]
0.040 6.31e-05 [2522.70658673]
0.060 6.31e-05 [25.3179027]
0.080 6.31e-05 [0.]
0.100 6.31e-05 [0.]
0.120 6.31e-05 [0.]
0.140 6.31e-05 [0.]
0.160 6.31e-05 [0.]
0.180 6.31e-05 [0.]
0.200 6.31e-05 [0.]
0.220 6.31e-05 [0.]
0.250 6.31e-05 [0.]
0.270 6.31e-05 [0.]
0.290 6.31e-05 [0.]
0.310 6.31e-05 [0.]
0.330 6.31e-05 [0.]
0.350 6.31e-05 [0.]
0.370 6.31e-05 [0.]
0.390 6.31e-05 [0.]
0.410 6.31e-05 [0.]
0.430 6.31e-05 [0.]
0.450 6.31e-05 [0.]
0.470 6.31e-05 [0.]
0.490 6.31e-05 [0.]
0.510 6.31e-05 [0.]
0.530 6.31e-05 [0.]
0.550 6.31e-05 [0.]
0.570 6.31e-05 [0.]
0.590 6.31e-05 [0.]
0.610 6.31e-05 [0.]
0.630 6.31e-05 [0.]
0.650 6.31e-05 [0.]
0.670 6.31e-05 [0.]
0.690 6.31e-05 [0.]
0.710 6.31e-05 [0.]
0.730 6.31e-05 [0.]
0.750 6.31e-05 [0.]
0.770 6.31e-05 [0.]
0.790 6.31e-05 [0.]
0.810 6.31e-05 [0.]
0.830 6.31e-05 [0.]
0.850 6.31e-05 [0.]
0.870 6.31e-05 [0.]
0.890 6.31e-05 [0.]
0.910 6.31e-05 [0.]
0.930 6.31e-05 [0.]
0.950 6.31e-05 [0.]
0.970 6.31e-05 [0.]
0.990 6.31e-05 [0.]
1.010 6.31e-05 [0.]
1.030 6.31e-05 [0.]
1.050 6.31e-05 [0.]
1.070 6.31e-05 [0.]
1.090 6.31e-05 [0.]
1.110 6.31e-05 [0.]
1.130 6.31e-05 [0.]
1.150 6.31e-05 [0.]
1.170 6.31e-05 [0.]
1.190 6.31e-05 [0.]
1.210 6.31e-05 [0.]
1.230 6.31e-05 [0.]
1.250 6.31e-05 [0.]
1.270 6.31e-05 [0.]
1.290 6.31e-05 [0.]
1.310 6.31e-05 [0.]
1.330 6.31e-05 [0.]
1.350 6.31e-05 [0.]
1.370 6.31e-05 [0.]
1.390 6.31e-05 [0.]
1.410 6.31e-05 [0.]
1.430 6.31e-05 [0.]
1.450 6.31e-05 [0.]
1.470 6.31e-05 [0.]
1.490 6.31e-05 [0.]
0.001 1.26e-04 [143822.2420153]
0.002 1.26e-04 [356857.47687083]
0.003 1.26e-04 [628982.56752775]
0.004 1.26e-04 [787835.78272836]
0.005 1.26e-04 [804320.62091149]
0.007 1.26e-04 [590695.67778508]
0.010 1.26e-04 [267470.96791419]
0.020 1.26e-04 [10062.61989859]
0.040 1.26e-04 [0.]
0.060 1.26e-04 [0.]
0.080 1.26e-04 [0.]
0.100 1.26e-04 [0.]
0.120 1.26e-04 [0.]
0.140 1.26e-04 [0.]
0.160 1.26e-04 [0.]
0.180 1.26e-04 [0.]
0.200 1.26e-04 [0.]
0.220 1.26e-04 [0.]
0.250 1.26e-04 [0.]
0.270 1.26e-04 [0.]
0.290 1.26e-04 [0.]
0.310 1.26e-04 [0.]
0.330 1.26e-04 [0.]
0.350 1.26e-04 [0.]
0.370 1.26e-04 [0.]
0.390 1.26e-04 [0.]
0.410 1.26e-04 [0.]
0.430 1.26e-04 [0.]
0.450 1.26e-04 [0.]
0.470 1.26e-04 [0.]
0.490 1.26e-04 [0.]
0.510 1.26e-04 [0.]
0.530 1.26e-04 [0.]
0.550 1.26e-04 [0.]
0.570 1.26e-04 [0.]
0.590 1.26e-04 [0.]
0.610 1.26e-04 [0.]
0.630 1.26e-04 [0.]
0.650 1.26e-04 [0.]
0.670 1.26e-04 [0.]
0.690 1.26e-04 [0.]
0.710 1.26e-04 [0.]
0.730 1.26e-04 [0.]
0.750 1.26e-04 [0.]
0.770 1.26e-04 [0.]
0.790 1.26e-04 [0.]
0.810 1.26e-04 [0.]
0.830 1.26e-04 [0.]
0.850 1.26e-04 [0.]
0.870 1.26e-04 [0.]
0.890 1.26e-04 [0.]
0.910 1.26e-04 [0.]
0.930 1.26e-04 [0.]
0.950 1.26e-04 [0.]
0.970 1.26e-04 [0.]
0.990 1.26e-04 [0.]
1.010 1.26e-04 [0.]
1.030 1.26e-04 [0.]
1.050 1.26e-04 [0.]
1.070 1.26e-04 [0.]
1.090 1.26e-04 [0.]
1.110 1.26e-04 [0.]
1.130 1.26e-04 [0.]
1.150 1.26e-04 [0.]
1.170 1.26e-04 [0.]
1.190 1.26e-04 [0.]
1.210 1.26e-04 [0.]
1.230 1.26e-04 [0.]
1.250 1.26e-04 [0.]
1.270 1.26e-04 [0.]
1.290 1.26e-04 [0.]
1.310 1.26e-04 [0.]
1.330 1.26e-04 [0.]
1.350 1.26e-04 [0.]
1.370 1.26e-04 [0.]
1.390 1.26e-04 [0.]
1.410 1.26e-04 [0.]
1.430 1.26e-04 [0.]
1.450 1.26e-04 [0.]
1.470 1.26e-04 [0.]
1.490 1.26e-04 [0.]
0.001 2.51e-04 [1831259.18621157]
0.002 2.51e-04 [3114814.26657295]
0.003 2.51e-04 [2886327.99101593]
0.004 2.51e-04 [1848479.22913657]
0.005 2.51e-04 [1044100.97034564]
0.007 2.51e-04 [325108.74247531]
0.010 2.51e-04 [41060.92126661]
0.020 2.51e-04 [0.]
0.040 2.51e-04 [0.]
0.060 2.51e-04 [0.]
0.080 2.51e-04 [0.]
0.100 2.51e-04 [0.]
0.120 2.51e-04 [0.]
0.140 2.51e-04 [0.]
0.160 2.51e-04 [0.]
0.180 2.51e-04 [0.]
0.200 2.51e-04 [0.]
0.220 2.51e-04 [0.]
0.250 2.51e-04 [0.]
0.270 2.51e-04 [0.]
0.290 2.51e-04 [0.]
0.310 2.51e-04 [0.]
0.330 2.51e-04 [0.]
0.350 2.51e-04 [0.]
0.370 2.51e-04 [0.]
0.390 2.51e-04 [0.]
0.410 2.51e-04 [0.]
0.430 2.51e-04 [0.]
0.450 2.51e-04 [0.]
0.470 2.51e-04 [0.]
0.490 2.51e-04 [0.]
0.510 2.51e-04 [0.]
0.530 2.51e-04 [0.]
0.550 2.51e-04 [0.]
0.570 2.51e-04 [0.]
0.590 2.51e-04 [0.]
0.610 2.51e-04 [0.]
0.630 2.51e-04 [0.]
0.650 2.51e-04 [0.]
0.670 2.51e-04 [0.]
0.690 2.51e-04 [0.]
0.710 2.51e-04 [0.]
0.730 2.51e-04 [0.]
0.750 2.51e-04 [0.]
0.770 2.51e-04 [0.]
0.790 2.51e-04 [0.]
0.810 2.51e-04 [0.]
0.830 2.51e-04 [0.]
0.850 2.51e-04 [0.]
0.870 2.51e-04 [0.]
0.890 2.51e-04 [0.]
0.910 2.51e-04 [0.]
0.930 2.51e-04 [0.]
0.950 2.51e-04 [0.]
0.970 2.51e-04 [0.]
0.990 2.51e-04 [0.]
1.010 2.51e-04 [0.]
1.030 2.51e-04 [0.]
1.050 2.51e-04 [0.]
1.070 2.51e-04 [0.]
1.090 2.51e-04 [0.]
1.110 2.51e-04 [0.]
1.130 2.51e-04 [0.]
1.150 2.51e-04 [0.]
1.170 2.51e-04 [0.]
1.190 2.51e-04 [0.]
1.210 2.51e-04 [0.]
1.230 2.51e-04 [0.]
1.250 2.51e-04 [0.]
1.270 2.51e-04 [0.]
1.290 2.51e-04 [0.]
1.310 2.51e-04 [0.]
1.330 2.51e-04 [0.]
1.350 2.51e-04 [0.]
1.370 2.51e-04 [0.]
1.390 2.51e-04 [0.]
1.410 2.51e-04 [0.]
1.430 2.51e-04 [0.]
1.450 2.51e-04 [0.]
1.470 2.51e-04 [0.]
1.490 2.51e-04 [0.]
0.001 5.01e-04 [12919261.82816713]
0.002 5.01e-04 [7572000.24744427]
0.003 5.01e-04 [2329897.4862318]
0.004 5.01e-04 [663454.88750296]
0.005 5.01e-04 [167066.28295209]
0.007 5.01e-04 [5208.35546008]
0.010 5.01e-04 [0.]
0.020 5.01e-04 [0.]
0.040 5.01e-04 [0.]
0.060 5.01e-04 [0.]
0.080 5.01e-04 [0.]
0.100 5.01e-04 [0.]
0.120 5.01e-04 [0.]
0.140 5.01e-04 [0.]
0.160 5.01e-04 [0.]
0.180 5.01e-04 [0.]
0.200 5.01e-04 [0.]
0.220 5.01e-04 [0.]
0.250 5.01e-04 [0.]
0.270 5.01e-04 [0.]
0.290 5.01e-04 [0.]
0.310 5.01e-04 [0.]
0.330 5.01e-04 [0.]
0.350 5.01e-04 [0.]
0.370 5.01e-04 [0.]
0.390 5.01e-04 [0.]
0.410 5.01e-04 [0.]
0.430 5.01e-04 [0.]
0.450 5.01e-04 [0.]
0.470 5.01e-04 [0.]
0.490 5.01e-04 [0.]
0.510 5.01e-04 [0.]
0.530 5.01e-04 [0.]
0.550 5.01e-04 [0.]
0.570 5.01e-04 [0.]
0.590 5.01e-04 [0.]
0.610 5.01e-04 [0.]
0.630 5.01e-04 [0.]
0.650 5.01e-04 [0.]
0.670 5.01e-04 [0.]
0.690 5.01e-04 [0.]
0.710 5.01e-04 [0.]
0.730 5.01e-04 [0.]
0.750 5.01e-04 [0.]
0.770 5.01e-04 [0.]
0.790 5.01e-04 [0.]
0.810 5.01e-04 [0.]
0.830 5.01e-04 [0.]
0.850 5.01e-04 [0.]
0.870 5.01e-04 [0.]
0.890 5.01e-04 [0.]
0.910 5.01e-04 [0.]
0.930 5.01e-04 [0.]
0.950 5.01e-04 [0.]
0.970 5.01e-04 [0.]
0.990 5.01e-04 [0.]
1.010 5.01e-04 [0.]
1.030 5.01e-04 [0.]
1.050 5.01e-04 [0.]
1.070 5.01e-04 [0.]
1.090 5.01e-04 [0.]
1.110 5.01e-04 [0.]
1.130 5.01e-04 [0.]
1.150 5.01e-04 [0.]
1.170 5.01e-04 [0.]
1.190 5.01e-04 [0.]
1.210 5.01e-04 [0.]
1.230 5.01e-04 [0.]
1.250 5.01e-04 [0.]
1.270 5.01e-04 [0.]
1.290 5.01e-04 [0.]
1.310 5.01e-04 [0.]
1.330 5.01e-04 [0.]
1.350 5.01e-04 [0.]
1.370 5.01e-04 [0.]
1.390 5.01e-04 [0.]
1.410 5.01e-04 [0.]
1.430 5.01e-04 [0.]
1.450 5.01e-04 [0.]
1.470 5.01e-04 [0.]
1.490 5.01e-04 [0.]
0.001 1.00e-03 [20208893.74600252]
0.002 1.00e-03 [2902823.35230488]
0.003 1.00e-03 [129989.34828458]
0.004 1.00e-03 [2392.44922371]
0.005 1.00e-03 [0.]
0.007 1.00e-03 [0.]
0.010 1.00e-03 [0.]
0.020 1.00e-03 [0.]
0.040 1.00e-03 [0.]
0.060 1.00e-03 [0.]
0.080 1.00e-03 [0.]
0.100 1.00e-03 [0.]
0.120 1.00e-03 [0.]
0.140 1.00e-03 [0.]
0.160 1.00e-03 [0.]
0.180 1.00e-03 [0.]
0.200 1.00e-03 [0.]
0.220 1.00e-03 [0.]
0.250 1.00e-03 [0.]
0.270 1.00e-03 [0.]
0.290 1.00e-03 [0.]
0.310 1.00e-03 [0.]
0.330 1.00e-03 [0.]
0.350 1.00e-03 [0.]
0.370 1.00e-03 [0.]
0.390 1.00e-03 [0.]
0.410 1.00e-03 [0.]
0.430 1.00e-03 [0.]
0.450 1.00e-03 [0.]
0.470 1.00e-03 [0.]
0.490 1.00e-03 [0.]
0.510 1.00e-03 [0.]
0.530 1.00e-03 [0.]
0.550 1.00e-03 [0.]
0.570 1.00e-03 [0.]
0.590 1.00e-03 [0.]
0.610 1.00e-03 [0.]
0.630 1.00e-03 [0.]
0.650 1.00e-03 [0.]
0.670 1.00e-03 [0.]
0.690 1.00e-03 [0.]
0.710 1.00e-03 [0.]
0.730 1.00e-03 [0.]
0.750 1.00e-03 [0.]
0.770 1.00e-03 [0.]
0.790 1.00e-03 [0.]
0.810 1.00e-03 [0.]
0.830 1.00e-03 [0.]
0.850 1.00e-03 [0.]
0.870 1.00e-03 [0.]
0.890 1.00e-03 [0.]
0.910 1.00e-03 [0.]
0.930 1.00e-03 [0.]
0.950 1.00e-03 [0.]
0.970 1.00e-03 [0.]
0.990 1.00e-03 [0.]
1.010 1.00e-03 [0.]
1.030 1.00e-03 [0.]
1.050 1.00e-03 [0.]
1.070 1.00e-03 [0.]
1.090 1.00e-03 [0.]
1.110 1.00e-03 [0.]
1.130 1.00e-03 [0.]
1.150 1.00e-03 [0.]
1.170 1.00e-03 [0.]
1.190 1.00e-03 [0.]
1.210 1.00e-03 [0.]
1.230 1.00e-03 [0.]
1.250 1.00e-03 [0.]
1.270 1.00e-03 [0.]
1.290 1.00e-03 [0.]
1.310 1.00e-03 [0.]
1.330 1.00e-03 [0.]
1.350 1.00e-03 [0.]
1.370 1.00e-03 [0.]
1.390 1.00e-03 [0.]
1.410 1.00e-03 [0.]
1.430 1.00e-03 [0.]
1.450 1.00e-03 [0.]
1.470 1.00e-03 [0.]
1.490 1.00e-03 [0.]
