0.14 -3.9 0.0039 0.1871 0.0039 0.182 0.0188
0.31 -8.7 0.0347 0.2766 0.0345 0.2763 0.0054
0.14 -3.6 0.0012 0.1852 0.0012 0.1783 0.0246
0.18 -8.1 0.0279 0.2332 0.0277 0.2327 0.0047
0.33 -5.7 0.0365 0.2826 0.0362 0.282 0.0057
0.45 -3.6 0.0022 0.2902 0.0022 0.2843 0.0275
0.49 -8.1 0.0599 0.3362 0.0589 0.336 0.009
0.0011 -7.5 0.0339 0.2351 0.0336 0.2349 0.0007
0.45 -3.9 0.0023 0.2935 0.0023 0.2886 0.0265
0.0011 -4.8 0.0326 0.2348 0.0322 0.2348 0.0002
0.33 -3.3 0.0008 0.2413 0.0008 0.234 0.0301
0.22 -5.1 0.0274 0.2384 0.0269 0.2377 0.0086
0.004 -9.0 0.0207 0.2059 0.0207 0.2057 0.0008
0.002 -3.3 0.0222 0.2137 0.0222 0.2132 0.0012
0.22 -6.3 0.029 0.2451 0.0288 0.245 0.0073
0.2 -8.1 0.031 0.2476 0.0306 0.2469 0.0065
0.004 -6.0 0.0199 0.2079 0.0198 0.2077 0.0007
0.47 -7.8 0.0565 0.3327 0.0553 0.3324 0.0059
0.47 -4.5 0.006 0.2998 0.006 0.2973 0.0245
0.31 -7.2 0.0354 0.2813 0.0351 0.2808 0.006
0.002 -5.7 0.0232 0.2164 0.023 0.2163 0.0004
0.16 -7.8 0.0241 0.23 0.0239 0.2289 0.0075
0.16 -4.5 0.0195 0.2143 0.0194 0.2117 0.0074
0.2 -3.0 0.0009 0.2016 0.0009 0.193 0.0293
0.25 -7.2 0.0326 0.2565 0.0323 0.2562 0.0087
0.53 -4.5 0.0053 0.3189 0.0053 0.314 0.0281
0.39 -4.8 0.0214 0.2829 0.0212 0.2797 0.0128
0.39 -7.5 0.045 0.3068 0.0448 0.3062 0.0087
0.37 -9.0 0.0431 0.3022 0.043 0.3016 0.0082
0.002 -6.0 0.022 0.2146 0.0218 0.2143 0.0012
0.02 -4.5 0.0191 0.2122 0.019 0.2118 0.0014
0.37 -6.0 0.0423 0.2973 0.0415 0.2968 0.0065
0.002 -9.0 0.0228 0.2119 0.0228 0.2116 0.0007
0.02 -7.8 0.0206 0.2157 0.0205 0.2153 0.0023
0.27 -5.7 0.0344 0.2667 0.0342 0.2661 0.0082
0.25 -8.7 0.0301 0.2598 0.0299 0.2592 0.0092
0.01 -7.5 0.0194 0.2108 0.0194 0.2104 0.001
0.0013 -8.1 0.0294 0.2312 0.0294 0.2312 0.001
0.29 -6.6 0.0328 0.2708 0.0325 0.2704 0.0064
0.27 -3.3 0.0008 0.2216 0.0008 0.2161 0.0206
0.003 -4.5 0.0188 0.2129 0.0187 0.2124 0.0012
0.51 -3.9 0.0036 0.3111 0.0036 0.3059 0.0293
0.003 -7.8 0.0202 0.2108 0.0202 0.2104 0.0011
0.29 -5.4 0.0349 0.2683 0.0348 0.2678 0.0076
0.29 -6.9 0.0334 0.2696 0.0331 0.2689 0.0056
0.51 -3.6 0.0026 0.3133 0.0026 0.3088 0.0292
0.39 -5.4 0.0416 0.3011 0.0412 0.3006 0.0054
0.0025 -3.6 0.0198 0.2092 0.0196 0.2089 0.0011
0.39 -6.9 0.0417 0.3053 0.0409 0.3051 0.0055
0.41 -3.6 0.002 0.2785 0.002 0.2727 0.0266
0.0025 -3.9 0.0198 0.214 0.0197 0.2132 0.0015
0.39 -6.6 0.0421 0.3068 0.0419 0.3066 0.0072
0.37 -3.3 0.0023 0.2568 0.0023 0.2492 0.0324
0.41 -3.9 0.0021 0.2778 0.0021 0.2706 0.0336
0.35 -8.7 0.0397 0.2951 0.0396 0.2945 0.0102
0.25 -9.0 0.0336 0.2591 0.0333 0.2586 0.0083
0.1 -3.9 0.0051 0.1886 0.0051 0.1814 0.0217
0.37 -5.7 0.0429 0.2983 0.0425 0.2979 0.0063
0.25 -6.0 0.0345 0.2614 0.0345 0.2609 0.007
0.1 -3.6 0.002 0.179 0.002 0.1737 0.0188
0.12 -4.5 0.0214 0.2081 0.0212 0.2075 0.005
0.12 -7.8 0.0251 0.22 0.0248 0.2195 0.0037
0.01 -6.9 0.0208 0.2103 0.0207 0.2101 0.0012
0.01 -5.4 0.0201 0.212 0.0199 0.2115 0.0013
0.29 -4.8 0.0229 0.2485 0.0228 0.2458 0.0111
0.29 -7.5 0.0344 0.2674 0.034 0.267 0.0051
0.12 -9.0 0.0241 0.2205 0.0235 0.2199 0.007
0.005 -7.8 0.0189 0.211 0.0189 0.2108 0.001
0.35 -7.2 0.0403 0.2963 0.0398 0.2959 0.006
0.43 -4.5 0.0061 0.2867 0.0061 0.2823 0.0198
0.43 -7.8 0.0481 0.3203 0.0478 0.32 0.0079
0.005 -4.5 0.0199 0.2129 0.0198 0.2123 0.0024
0.12 -6.0 0.0234 0.2187 0.0234 0.2182 0.004
0.0013 -3.0 0.0276 0.2275 0.0274 0.227 0.0016
0.06 -7.8 0.024 0.211 0.0237 0.2106 0.0038
0.06 -4.5 0.0234 0.21 0.0231 0.2089 0.005
0.0011 -6.9 0.0316 0.2364 0.0316 0.2361 0.001
0.39 -6.0 0.0449 0.3055 0.0447 0.3051 0.0082
0.0016 -8.4 0.0223 0.2194 0.0221 0.2192 0.0007
0.007 -8.7 0.0186 0.2094 0.0184 0.2088 0.0016
0.0011 -6.6 0.0335 0.2354 0.0333 0.2353 0.0005
0.39 -9.0 0.0432 0.3079 0.0428 0.3072 0.0087
0.0035 -7.2 0.0196 0.21 0.0195 0.2098 0.0008
0.22 -4.2 0.0048 0.206 0.0047 0.2 0.0214
0.004 -3.3 0.0197 0.2009 0.0196 0.2 0.0018
0.0035 -8.7 0.0194 0.2129 0.0193 0.2128 0.0008
0.04 -3.6 0.008 0.1837 0.0079 0.1762 0.0146
0.007 -7.2 0.0217 0.2121 0.0217 0.2118 0.0009
0.08 -8.1 0.0259 0.2149 0.0258 0.214 0.0055
0.04 -3.9 0.0169 0.1938 0.0168 0.1916 0.0077
0.004 -5.7 0.0213 0.2114 0.0211 0.2109 0.0009
0.39 -7.2 0.0428 0.3043 0.0424 0.3041 0.0052
0.25 -4.8 0.0256 0.2395 0.0254 0.2374 0.0066
0.25 -7.5 0.0308 0.2576 0.0307 0.2574 0.0063
0.53 -4.2 0.0036 0.3196 0.0036 0.3157 0.029
0.01 -8.7 0.0214 0.213 0.0213 0.2125 0.0015
0.02 -4.2 0.0193 0.2108 0.0192 0.2095 0.0025
0.01 -6.0 0.0192 0.2096 0.0191 0.2095 0.0012
0.01 -9.0 0.0199 0.2138 0.0199 0.2134 0.0011
0.12 -6.3 0.0231 0.2189 0.0229 0.2184 0.0047
0.1 -8.1 0.0238 0.2177 0.0235 0.2171 0.0052
0.01 -7.2 0.0182 0.211 0.0182 0.2108 0.0008
0.39 -8.7 0.0432 0.3063 0.0429 0.3059 0.0055
0.12 -5.1 0.0239 0.2201 0.0236 0.2196 0.0043
0.005 -5.1 0.0186 0.2162 0.0186 0.2161 0.0009
0.43 -5.1 0.0385 0.3099 0.0381 0.308 0.0098
0.35 -6.6 0.0398 0.2984 0.0395 0.2975 0.0063
0.43 -6.3 0.0497 0.3226 0.049 0.3219 0.0089
0.35 -5.4 0.0408 0.2911 0.0404 0.2904 0.0096
0.41 -8.1 0.05 0.3151 0.0495 0.3145 0.0054
0.005 -6.3 0.0173 0.214 0.0172 0.214 0.0007
0.35 -6.9 0.0405 0.299 0.0402 0.2988 0.0054
0.003 -4.2 0.0204 0.2104 0.0202 0.21 0.0011
0.0025 -8.1 0.0213 0.2127 0.0213 0.2119 0.0016
0.08 -3.9 0.0093 0.1908 0.0093 0.1856 0.0137
0.06 -5.1 0.0238 0.2098 0.0235 0.2096 0.0025
0.08 -3.6 0.0024 0.1798 0.0024 0.1722 0.0238
0.04 -8.1 0.0217 0.2054 0.0213 0.2049 0.003
0.06 -6.3 0.0222 0.2084 0.022 0.2083 0.0037
0.0035 -6.6 0.0199 0.2122 0.0199 0.2121 0.0007
0.0011 -7.2 0.0324 0.2346 0.0322 0.2344 0.001
0.004 -8.4 0.0195 0.2122 0.0192 0.2117 0.001
0.0035 -6.9 0.0203 0.2135 0.0201 0.2131 0.0007
0.0035 -5.4 0.0202 0.2132 0.02 0.213 0.0008
0.53 -3.0 0.0028 0.3196 0.0028 0.3127 0.0408
0.47 -4.2 0.003 0.2991 0.003 0.2942 0.0269
0.31 -4.8 0.0244 0.2594 0.0243 0.2558 0.0132
0.0016 -3.3 0.024 0.221 0.024 0.2206 0.0007
0.007 -6.9 0.0193 0.2112 0.0193 0.2109 0.0008
0.007 -5.4 0.0191 0.2118 0.019 0.2115 0.001
0.16 -3.0 0.0007 0.1881 0.0007 0.1782 0.0303
0.007 -6.6 0.0168 0.2144 0.0167 0.2141 0.0013
0.0011 -8.7 0.0334 0.2357 0.0334 0.2356 0.0004
0.0016 -5.7 0.0231 0.2211 0.0231 0.2208 0.0006
0.16 -4.2 0.0099 0.2009 0.0099 0.1959 0.0166
0.06 -4.2 0.0218 0.203 0.0215 0.2016 0.0042
0.0035 -7.5 0.0202 0.2131 0.0199 0.213 0.0006
0.33 -3.0 0.0019 0.2424 0.0019 0.2381 0.0197
0.0035 -4.8 0.0196 0.211 0.0196 0.2107 0.0009
0.2 -3.6 0.0017 0.2066 0.0017 0.1996 0.0292
0.41 -3.0 0.0016 0.2739 0.0016 0.268 0.0308
0.002 -8.4 0.0227 0.2155 0.0226 0.2153 0.0006
0.2 -3.9 0.0029 0.2007 0.0029 0.1948 0.0191
0.49 -3.9 0.0024 0.302 0.0024 0.2978 0.0274
0.33 -8.4 0.0358 0.2869 0.0355 0.2861 0.0056
0.31 -6.6 0.0342 0.2771 0.034 0.2769 0.0064
0.47 -5.1 0.0425 0.3216 0.0419 0.32 0.0069
0.49 -3.6 0.0032 0.3092 0.0032 0.3042 0.0294
0.22 -4.5 0.0136 0.2136 0.0135 0.2109 0.0109
0.31 -6.9 0.0379 0.2831 0.0376 0.2823 0.0058
0.45 -8.1 0.0536 0.3232 0.0526 0.3229 0.0082
0.31 -5.4 0.0352 0.276 0.0352 0.2755 0.0064
0.47 -6.3 0.0534 0.3334 0.0525 0.3331 0.0081
0.04 -3.0 0.0007 0.1721 0.0007 0.1636 0.0276
0.18 -3.6 0.0016 0.1916 0.0016 0.1845 0.022
0.0035 -9.0 0.0194 0.2117 0.0193 0.2115 0.0009
0.14 -8.1 0.0267 0.2182 0.0266 0.2182 0.0068
0.16 -6.3 0.0261 0.2309 0.0261 0.2307 0.0052
0.007 -7.5 0.0199 0.2108 0.0196 0.2103 0.0011
0.18 -3.9 0.0018 0.193 0.0018 0.185 0.0275
0.007 -4.8 0.0182 0.2123 0.0182 0.2121 0.0008
0.0035 -6.0 0.0202 0.2131 0.0199 0.2127 0.0013
0.16 -5.1 0.0251 0.229 0.0249 0.2289 0.0046
0.25 -5.4 0.032 0.2501 0.0319 0.2492 0.0071
0.51 -8.1 0.0657 0.3378 0.0644 0.3372 0.0046
0.25 -6.9 0.033 0.2552 0.0325 0.2547 0.0064
0.0013 -3.9 0.029 0.2311 0.0285 0.2307 0.0012
0.53 -5.1 0.0417 0.3375 0.041 0.3362 0.0138
0.25 -6.6 0.0321 0.2573 0.0318 0.2569 0.0069
0.27 -8.4 0.0362 0.264 0.036 0.263 0.0073
0.0013 -3.6 0.0286 0.2287 0.0283 0.2283 0.0009
0.02 -5.1 0.0195 0.213 0.0195 0.2125 0.0017
0.29 -8.7 0.0345 0.2693 0.0342 0.269 0.0052
0.02 -6.3 0.0201 0.2147 0.02 0.2145 0.0011
0.12 -4.2 0.0122 0.1986 0.012 0.1945 0.0116
0.005 -4.2 0.019 0.2131 0.0189 0.2129 0.0008
0.35 -4.8 0.023 0.2721 0.0229 0.2697 0.0119
0.35 -7.5 0.0414 0.298 0.041 0.298 0.0064
0.43 -4.2 0.0033 0.2809 0.0033 0.2765 0.024
0.003 -6.3 0.0197 0.2123 0.0195 0.212 0.001
0.29 -7.2 0.0356 0.2712 0.0352 0.2708 0.0073
0.003 -5.1 0.0203 0.2107 0.0202 0.2106 0.0007
0.18 -3.0 0.002 0.1914 0.002 0.1832 0.0298
0.25 -3.6 0.0009 0.212 0.0009 0.2048 0.0291
0.005 -3.0 0.0137 0.1995 0.0137 0.1961 0.0082
0.0013 -6.6 0.0267 0.2322 0.0264 0.2321 0.0011
0.49 -6.0 0.0588 0.3367 0.0584 0.3363 0.0084
0.29 -8.1 0.0323 0.2731 0.032 0.2726 0.0061
0.02 -5.7 0.0211 0.2115 0.0209 0.2113 0.0014
0.25 -3.9 0.0021 0.2122 0.0021 0.205 0.0278
0.53 -3.3 0.0023 0.3187 0.0023 0.3124 0.0446
0.0013 -5.4 0.0285 0.2294 0.0284 0.2293 0.0006
0.49 -9.0 0.0558 0.3357 0.0548 0.3353 0.0083
0.0013 -6.9 0.0282 0.2312 0.028 0.2311 0.0006
0.02 -3.3 0.0074 0.1872 0.0074 0.1827 0.0121
0.51 -8.7 0.063 0.3417 0.0623 0.3412 0.0049
0.53 -5.7 0.0638 0.3462 0.0628 0.3459 0.0068
0.007 -3.0 0.0121 0.1962 0.0121 0.1924 0.0096
0.003 -5.7 0.0188 0.2107 0.0187 0.2103 0.0004
0.27 -7.8 0.033 0.2644 0.0328 0.2639 0.0051
0.003 -3.3 0.0196 0.2127 0.0193 0.2123 0.0015
0.51 -7.2 0.0623 0.3427 0.0618 0.3422 0.0069
0.27 -4.5 0.0104 0.2297 0.0102 0.2251 0.0188
0.08 -4.8 0.0225 0.2129 0.0223 0.2128 0.0053
0.08 -7.5 0.0246 0.2113 0.0245 0.2106 0.0057
0.27 -6.0 0.0342 0.2657 0.0341 0.265 0.008
0.14 -7.2 0.0243 0.2236 0.0243 0.2234 0.0053
0.27 -9.0 0.032 0.2676 0.0319 0.2671 0.0081
0.33 -4.5 0.0075 0.2482 0.0075 0.2439 0.0182
0.45 -7.2 0.052 0.3225 0.051 0.3222 0.0079
0.33 -7.8 0.0351 0.2874 0.0348 0.2868 0.0051
0.2 -6.9 0.0296 0.2439 0.0293 0.2437 0.0077
0.2 -5.4 0.0277 0.241 0.0273 0.2399 0.0097
0.22 -8.4 0.0283 0.2496 0.028 0.249 0.007
0.1 -6.0 0.0245 0.2197 0.0244 0.2192 0.0064
0.49 -6.6 0.0612 0.3393 0.0601 0.3387 0.0057
0.14 -8.7 0.0246 0.2239 0.0245 0.2233 0.0071
0.47 -3.3 0.0026 0.2972 0.0026 0.2927 0.0268
0.31 -3.9 0.0015 0.2332 0.0015 0.2292 0.0204
0.49 -5.4 0.0553 0.3325 0.0546 0.3311 0.0093
0.0016 -4.2 0.0243 0.2226 0.0243 0.2222 0.0006
0.16 -5.7 0.025 0.2307 0.0245 0.2305 0.0049
0.1 -9.0 0.0245 0.2224 0.0244 0.2222 0.0057
0.49 -6.9 0.0567 0.3361 0.0563 0.3356 0.0063
0.002 -7.8 0.023 0.212 0.023 0.2118 0.0009
0.002 -4.5 0.0232 0.2111 0.0232 0.2108 0.001
0.18 -5.4 0.0258 0.2354 0.0256 0.2353 0.0039
0.18 -6.9 0.0249 0.2322 0.0246 0.232 0.0051
0.003 -3.0 0.0174 0.2094 0.0173 0.2079 0.004
0.45 -8.7 0.0566 0.3273 0.0552 0.3269 0.0062
0.18 -6.6 0.0259 0.2305 0.0258 0.2302 0.0052
0.16 -3.3 0.0012 0.1887 0.0012 0.1799 0.0269
0.08 -6.6 0.025 0.214 0.0249 0.2136 0.0043
0.06 -3.3 0.0009 0.1763 0.0009 0.1709 0.0176
0.47 -9.0 0.0558 0.332 0.0548 0.3316 0.008
0.35 -6.0 0.0425 0.2943 0.0422 0.2939 0.0078
0.08 -5.4 0.0245 0.2129 0.0243 0.2124 0.0043
0.08 -6.9 0.0238 0.2135 0.0238 0.2132 0.0058
0.47 -6.0 0.0553 0.3288 0.0542 0.3283 0.0083
0.35 -9.0 0.0419 0.2966 0.0416 0.2963 0.0081
0.06 -5.7 0.0211 0.2114 0.0208 0.211 0.0044
0.0035 -3.9 0.0192 0.2093 0.019 0.209 0.001
0.0035 -3.6 0.0185 0.2105 0.0184 0.2104 0.0006
0.04 -8.7 0.0221 0.2049 0.022 0.2048 0.0031
0.2 -7.5 0.0298 0.2456 0.0294 0.2451 0.0085
0.49 -4.8 0.0207 0.3167 0.0207 0.3125 0.0205
0.0016 -6.3 0.0231 0.2209 0.0229 0.2208 0.0005
0.49 -7.5 0.0573 0.3356 0.0568 0.3348 0.0084
0.02 -6.0 0.0206 0.2143 0.0205 0.2139 0.0025
0.0016 -5.1 0.025 0.2209 0.0249 0.2205 0.0015
0.02 -9.0 0.0197 0.2153 0.0196 0.215 0.0012
0.0011 -8.1 0.0356 0.2363 0.0348 0.2362 0.0003
0.04 -7.2 0.0216 0.2083 0.0214 0.208 0.0032
0.007 -3.6 0.0185 0.2104 0.0184 0.2095 0.0014
0.18 -4.8 0.0259 0.2282 0.0257 0.227 0.0072
0.18 -7.5 0.0263 0.2313 0.0261 0.231 0.0039
0.007 -3.9 0.018 0.2135 0.0179 0.2131 0.0009
0.0025 -7.2 0.0203 0.215 0.0203 0.215 0.0006
0.29 -9.0 0.0341 0.2711 0.0336 0.2706 0.0051
0.0013 -4.8 0.0285 0.23 0.0283 0.2299 0.0004
0.37 -7.8 0.0402 0.2999 0.0398 0.2998 0.0055
0.41 -7.2 0.0461 0.3157 0.0456 0.3153 0.0071
0.37 -4.5 0.0068 0.2647 0.0068 0.2587 0.0207
0.0013 -7.5 0.0263 0.2297 0.0261 0.2294 0.0004
0.29 -6.0 0.0339 0.2712 0.0335 0.2709 0.0069
0.01 -8.1 0.0199 0.2132 0.0199 0.2128 0.0013
0.1 -7.2 0.0249 0.2194 0.0246 0.2191 0.0037
0.005 -5.7 0.021 0.2122 0.0209 0.212 0.0014
0.22 -3.0 0.0008 0.1997 0.0008 0.1912 0.0282
0.43 -5.7 0.0502 0.318 0.0494 0.3179 0.0062
0.12 -3.3 0.0012 0.1846 0.0012 0.1776 0.0236
0.0025 -8.7 0.0196 0.21 0.0195 0.2099 0.001
0.41 -8.7 0.0475 0.3164 0.0471 0.3156 0.0051
0.005 -3.3 0.0174 0.2085 0.0172 0.207 0.003
0.35 -3.9 0.0023 0.2517 0.0023 0.2458 0.0233
0.43 -3.3 0.0022 0.2807 0.0022 0.2753 0.0304
0.1 -8.7 0.0241 0.2196 0.024 0.2191 0.0063
0.35 -3.6 0.0021 0.2552 0.0021 0.2476 0.0335
0.12 -5.7 0.023 0.2187 0.0228 0.2181 0.0067
0.39 -8.1 0.0414 0.3068 0.0409 0.3065 0.0048
0.14 -4.8 0.0245 0.2169 0.0245 0.2159 0.0061
0.14 -7.5 0.026 0.2252 0.0257 0.2249 0.0066
0.0016 -6.0 0.0262 0.224 0.0261 0.2238 0.0006
0.08 -7.2 0.0248 0.2154 0.0248 0.2145 0.0062
0.007 -8.1 0.0196 0.2133 0.0193 0.2132 0.0012
0.0016 -9.0 0.0239 0.2231 0.0237 0.2231 0.0007
0.0011 -3.6 0.0345 0.2338 0.0342 0.2336 0.0007
0.45 -4.8 0.0182 0.3035 0.018 0.3008 0.0133
0.33 -4.2 0.0016 0.2443 0.0016 0.2386 0.0214
0.45 -7.5 0.0546 0.3246 0.0536 0.3237 0.0091
0.0011 -3.9 0.0353 0.2339 0.0351 0.2337 0.0008
0.0016 -7.8 0.0257 0.2215 0.0256 0.2213 0.0009
0.004 -6.3 0.0202 0.2111 0.02 0.2109 0.0006
0.08 -8.7 0.0246 0.2135 0.0245 0.2133 0.005
0.0016 -4.5 0.0245 0.2216 0.0244 0.2215 0.0008
0.0035 -8.1 0.0182 0.2161 0.018 0.216 0.001
0.002 -4.2 0.0229 0.2156 0.0228 0.2155 0.0009
0.004 -5.1 0.0208 0.2102 0.0208 0.2096 0.0012
0.04 -5.4 0.0216 0.2079 0.0215 0.2078 0.0019
0.04 -6.9 0.023 0.2071 0.0226 0.2068 0.0028
0.04 -6.6 0.0188 0.2067 0.0186 0.2057 0.0035
0.39 -3.6 0.0019 0.2621 0.0019 0.2576 0.0238
0.0025 -5.4 0.0211 0.2159 0.0211 0.2156 0.001
0.0025 -6.9 0.0185 0.2179 0.0183 0.2173 0.0011
0.41 -6.9 0.0469 0.3141 0.0467 0.3141 0.0047
0.35 -8.1 0.0412 0.2937 0.0409 0.2932 0.0062
0.37 -6.3 0.044 0.2974 0.0431 0.2966 0.008
0.43 -3.0 0.0018 0.2806 0.0018 0.2744 0.0337
0.41 -5.4 0.0477 0.3046 0.0472 0.3039 0.0072
0.39 -3.9 0.0017 0.2632 0.0017 0.2574 0.0247
0.0025 -6.6 0.0209 0.2132 0.0207 0.213 0.001
0.43 -8.4 0.0491 0.3233 0.048 0.3226 0.0079
0.31 -3.0 0.0017 0.2342 0.0017 0.2266 0.0305
0.37 -5.1 0.0365 0.29 0.0361 0.2888 0.0093
0.41 -6.6 0.0468 0.3128 0.0464 0.3123 0.0053
0.005 -8.4 0.0206 0.2116 0.0205 0.2115 0.001
0.1 -6.6 0.0246 0.2163 0.0242 0.216 0.0056
0.1 -6.9 0.0244 0.2201 0.024 0.2198 0.0062
0.1 -5.4 0.023 0.2179 0.0226 0.2177 0.0038
0.01 -3.6 0.0173 0.2046 0.0171 0.2039 0.002
0.01 -3.9 0.0213 0.2136 0.0212 0.2132 0.0012
0.06 -3.0 0.001 0.1768 0.001 0.1673 0.0306
0.51 -7.5 0.063 0.3401 0.062 0.3399 0.0073
0.27 -4.2 0.0029 0.2231 0.0029 0.2167 0.0268
0.51 -4.8 0.0187 0.3233 0.0186 0.32 0.0178
0.003 -8.4 0.0188 0.2102 0.0186 0.2099 0.001
0.51 -3.0 0.0025 0.3123 0.0025 0.3052 0.0402
0.0025 -4.8 0.0198 0.2137 0.0197 0.213 0.0016
0.0025 -7.5 0.0212 0.2149 0.0212 0.2144 0.0012
0.41 -7.5 0.0479 0.3152 0.0473 0.3145 0.0068
0.0013 -7.2 0.0305 0.2319 0.0301 0.2318 0.0007
0.37 -4.2 0.0024 0.2541 0.0024 0.2495 0.0213
0.41 -4.8 0.0215 0.2924 0.0214 0.289 0.0175
0.1 -7.5 0.0237 0.2198 0.0236 0.2195 0.0038
0.1 -4.8 0.0228 0.2137 0.0226 0.2124 0.0075
0.0025 -3.0 0.0178 0.2093 0.0177 0.2084 0.003
0.0013 -8.7 0.0279 0.2312 0.0278 0.2309 0.0007
0.14 -3.0 0.0011 0.1856 0.0011 0.1776 0.0303
0.02 -8.4 0.0196 0.2163 0.0195 0.2156 0.0016
0.29 -3.9 0.0017 0.2255 0.0017 0.219 0.0272
0.53 -8.4 0.0647 0.3464 0.0636 0.3454 0.0077
0.27 -5.1 0.0319 0.259 0.0319 0.2584 0.0062
0.51 -6.6 0.0626 0.345 0.0614 0.3447 0.0061
0.29 -3.6 0.0018 0.2275 0.0018 0.2212 0.0272
0.25 -8.1 0.03 0.257 0.0297 0.2563 0.0087
0.51 -5.4 0.0596 0.3354 0.0589 0.3343 0.0087
0.49 -8.7 0.0587 0.3373 0.0579 0.3367 0.0091
0.14 -6.6 0.0264 0.2207 0.0261 0.2201 0.0077
0.16 -8.4 0.0259 0.2306 0.0255 0.2305 0.0076
0.14 -5.4 0.0249 0.2264 0.0248 0.226 0.0064
0.14 -6.9 0.0251 0.2259 0.0251 0.2255 0.0063
0.45 -5.4 0.0521 0.3224 0.0512 0.3216 0.0057
0.33 -6.3 0.0352 0.2853 0.035 0.2848 0.005
0.31 -8.1 0.0327 0.2858 0.0324 0.2855 0.0053
0.45 -6.9 0.0591 0.327 0.0578 0.3266 0.0054
0.2 -7.2 0.0299 0.2452 0.0294 0.2447 0.0087
0.45 -6.6 0.0531 0.3254 0.0518 0.3248 0.0064
0.33 -5.1 0.0317 0.2729 0.0315 0.2717 0.0063
0.18 -8.7 0.0263 0.2328 0.0262 0.2326 0.004
0.47 -8.4 0.0563 0.3293 0.0549 0.3291 0.0079
0.0011 -3.0 0.0324 0.2336 0.032 0.2334 0.0007
0.22 -3.3 0.001 0.1994 0.001 0.1901 0.0305
0.002 -5.1 0.0207 0.2154 0.0207 0.2149 0.0012
0.08 -3.0 0.0009 0.1788 0.0009 0.1679 0.0321
0.49 -7.2 0.0574 0.3353 0.0563 0.335 0.0058
0.004 -4.2 0.0217 0.2098 0.0216 0.2096 0.0008
0.002 -6.3 0.0218 0.2149 0.0218 0.2147 0.0012
0.18 -7.2 0.0269 0.2323 0.0265 0.2319 0.0046
0.22 -5.7 0.0316 0.2477 0.031 0.2474 0.0055
0.04 -4.8 0.0228 0.207 0.0224 0.2066 0.0034
0.04 -7.5 0.0222 0.2073 0.022 0.2071 0.0016
0.2 -8.7 0.0292 0.2456 0.0289 0.2453 0.0083
0.27 -3.6 0.0013 0.2164 0.0013 0.2103 0.0207
0.0013 -8.4 0.0272 0.2302 0.0271 0.2299 0.0011
0.29 -6.3 0.0336 0.2686 0.033 0.2682 0.0065
0.27 -3.9 0.0015 0.2241 0.0014 0.2165 0.0291
0.51 -3.3 0.0032 0.3109 0.0032 0.3067 0.0307
0.003 -7.2 0.0203 0.2114 0.0201 0.2111 0.001
0.02 -8.7 0.0207 0.2131 0.0207 0.2127 0.0018
0.29 -5.1 0.0324 0.2604 0.0322 0.2596 0.0056
0.01 -4.2 0.0199 0.2099 0.0198 0.2098 0.0006
0.53 -8.7 0.0657 0.3416 0.0637 0.3413 0.0076
0.51 -5.7 0.063 0.3384 0.062 0.3381 0.0061
0.003 -8.7 0.0183 0.2105 0.0182 0.2103 0.0007
0.02 -7.2 0.0218 0.2169 0.0217 0.2163 0.0017
0.45 -3.0 0.0016 0.2897 0.0016 0.2853 0.0293
0.002 -3.0 0.0209 0.2092 0.0209 0.2081 0.0032
0.37 -3.0 0.0021 0.2553 0.0021 0.2504 0.033
0.39 -4.2 0.0021 0.2612 0.0021 0.2567 0.0217
0.25 -7.8 0.0317 0.2621 0.0315 0.2613 0.0078
0.25 -4.5 0.0126 0.2285 0.0126 0.2251 0.0127
0.53 -7.2 0.0692 0.3479 0.0681 0.3471 0.0085
0.2 -9.0 0.0314 0.242 0.0311 0.2418 0.0093
0.16 -7.2 0.026 0.2308 0.0257 0.2305 0.0079
0.2 -6.0 0.0299 0.2443 0.0298 0.2434 0.0086
0.002 -3.6 0.0218 0.2149 0.0217 0.2149 0.0008
0.47 -7.2 0.0555 0.3298 0.0541 0.3295 0.0077
0.31 -4.5 0.0083 0.2426 0.0083 0.2384 0.015
0.22 -6.9 0.0268 0.248 0.0264 0.2476 0.0069
0.002 -3.9 0.0227 0.2163 0.0225 0.2161 0.0009
0.22 -6.6 0.0292 0.2502 0.0286 0.2499 0.0051
0.004 -3.0 0.0171 0.1981 0.0171 0.197 0.0042
0.16 -8.7 0.0255 0.2326 0.0253 0.2319 0.0079
0.49 -8.4 0.0573 0.3356 0.0566 0.335 0.006
0.45 -3.3 0.0017 0.2927 0.0017 0.2867 0.0355
0.33 -3.9 0.0019 0.242 0.0019 0.2351 0.0225
0.0011 -4.2 0.0301 0.2356 0.0299 0.2349 0.0011
0.14 -5.7 0.0265 0.2273 0.0265 0.2269 0.0078
0.33 -3.6 0.0016 0.2392 0.0016 0.2339 0.0213
0.45 -5.7 0.0522 0.3267 0.0509 0.3265 0.0059
0.47 -8.7 0.057 0.3324 0.0555 0.332 0.0081
0.18 -8.4 0.0264 0.2306 0.0261 0.2301 0.0038
0.14 -3.3 0.0005 0.1819 0.0005 0.1759 0.02
0.08 -8.4 0.0251 0.214 0.0249 0.2136 0.0054
0.04 -3.3 0.0019 0.1743 0.0019 0.1684 0.017
0.007 -4.5 0.019 0.2127 0.0189 0.2125 0.0009
0.007 -7.8 0.0192 0.2119 0.019 0.2118 0.0008
0.04 -5.7 0.0202 0.2075 0.0199 0.2071 0.0033
0.06 -8.7 0.0233 0.2115 0.0231 0.2112 0.0031
0.22 -7.5 0.0297 0.2464 0.0291 0.2462 0.0077
0.004 -3.6 0.0188 0.2073 0.0187 0.2067 0.0012
0.22 -4.8 0.0219 0.2356 0.0217 0.2335 0.0089
0.0016 -8.1 0.0241 0.2226 0.0238 0.2224 0.0006
0.0035 -4.5 0.0202 0.2128 0.0202 0.2126 0.0009
0.0011 -5.1 0.0346 0.2353 0.0342 0.2352 0.0005
0.39 -3.0 0.0017 0.2654 0.0017 0.2588 0.0322
0.0035 -7.8 0.019 0.2135 0.0189 0.2135 0.0004
0.0011 -6.3 0.0335 0.2356 0.0334 0.2354 0.001
0.06 -7.2 0.0224 0.2118 0.0221 0.2113 0.0034
0.0013 -6.0 0.0272 0.2308 0.027 0.2305 0.0008
0.0013 -9.0 0.0284 0.2312 0.0282 0.2311 0.0004
0.005 -7.2 0.0201 0.2144 0.02 0.214 0.0017
0.35 -7.8 0.0403 0.2968 0.0401 0.2966 0.0061
0.35 -4.5 0.0081 0.2601 0.0081 0.253 0.0239
0.43 -7.2 0.0493 0.3204 0.049 0.3201 0.0076
0.12 -3.0 0.0016 0.1809 0.0016 0.1736 0.0265
0.29 -4.2 0.0025 0.2281 0.0025 0.2238 0.0198
0.01 -5.1 0.0188 0.213 0.0187 0.2127 0.0019
0.01 -6.3 0.0191 0.2135 0.0189 0.2132 0.0014
0.12 -7.2 0.0233 0.219 0.0231 0.2185 0.0063
0.0025 -5.7 0.0207 0.2165 0.0205 0.2164 0.0008
0.41 -5.7 0.0476 0.3133 0.047 0.3127 0.0055
0.25 -3.0 0.0021 0.214 0.0021 0.206 0.0318
0.1 -3.3 0.0013 0.1828 0.0013 0.1763 0.0211
0.43 -8.7 0.0492 0.3231 0.0485 0.3229 0.0052
0.005 -8.7 0.0186 0.2101 0.0184 0.2098 0.0019
0.41 -3.3 0.0014 0.2735 0.0014 0.2673 0.0334
0.0025 -3.3 0.0205 0.2126 0.0205 0.2123 0.0011
0.39 -5.1 0.0355 0.2959 0.0352 0.2948 0.0085
0.12 -8.7 0.0231 0.2182 0.0231 0.2175 0.0045
0.37 -3.6 0.0017 0.2554 0.0016 0.2495 0.0228
0.1 -5.7 0.0241 0.2166 0.024 0.2159 0.0065
0.39 -6.3 0.046 0.3085 0.0455 0.3081 0.0057
0.16 -4.8 0.0245 0.2237 0.0243 0.223 0.0063
0.16 -6.0 0.0241 0.2308 0.0241 0.2304 0.0074
0.16 -7.5 0.0265 0.2287 0.0263 0.2282 0.0054
0.007 -5.1 0.0196 0.2127 0.0195 0.2126 0.0008
0.16 -9.0 0.0249 0.2286 0.0248 0.2282 0.0068
0.007 -6.3 0.0197 0.2122 0.0196 0.2117 0.001
0.47 -4.8 0.0217 0.3128 0.0216 0.3089 0.0208
0.47 -7.5 0.0577 0.3279 0.0565 0.3276 0.0076
0.0016 -3.6 0.0261 0.2238 0.0259 0.2237 0.0009
0.53 -9.0 0.0638 0.3463 0.0623 0.3458 0.0072
0.004 -8.1 0.0187 0.2103 0.0186 0.21 0.0007
0.0035 -6.3 0.0198 0.2137 0.0195 0.2131 0.0014
0.53 -6.0 0.0659 0.3488 0.0644 0.3485 0.0069
0.08 -5.7 0.025 0.2139 0.0249 0.2135 0.0055
0.0011 -4.5 0.0316 0.2341 0.0316 0.2338 0.0009
0.0011 -7.8 0.0352 0.2332 0.035 0.2331 0.0004
0.0035 -5.1 0.0184 0.2127 0.0183 0.2125 0.0009
0.06 -5.4 0.0218 0.2106 0.0217 0.2101 0.0048
0.06 -6.9 0.0225 0.208 0.0223 0.208 0.0029
0.06 -6.6 0.0215 0.2152 0.0212 0.2144 0.0043
0.04 -8.4 0.0229 0.2073 0.0224 0.2065 0.0031
0.08 -3.3 0.0021 0.179 0.0021 0.1704 0.0288
0.003 -7.5 0.02 0.2104 0.0198 0.21 0.0008
0.003 -4.8 0.0205 0.212 0.0205 0.2119 0.0005
0.43 -6.9 0.0479 0.3205 0.0474 0.3199 0.0065
0.005 -5.4 0.0189 0.2119 0.0188 0.2117 0.001
0.37 -8.1 0.0428 0.297 0.042 0.2961 0.0092
0.005 -6.9 0.0211 0.2144 0.021 0.2138 0.0016
0.43 -5.4 0.047 0.3146 0.0463 0.3136 0.0092
0.35 -6.3 0.0408 0.2965 0.0405 0.2962 0.0079
0.0025 -8.4 0.0192 0.2141 0.0192 0.2138 0.0008
0.41 -8.4 0.0467 0.3102 0.0459 0.3102 0.0042
0.43 -6.6 0.0503 0.3217 0.0496 0.3215 0.0053
0.35 -5.1 0.0324 0.2853 0.0323 0.2838 0.0079
0.005 -6.6 0.0196 0.2128 0.0196 0.2125 0.0012
0.1 -8.4 0.0258 0.2196 0.0255 0.2195 0.0047
0.12 -6.6 0.0236 0.2154 0.0232 0.2152 0.0039
0.01 -4.5 0.0204 0.2085 0.0204 0.2082 0.0013
0.01 -7.8 0.0204 0.2169 0.0203 0.2166 0.0011
0.12 -6.9 0.0246 0.2219 0.0242 0.2215 0.0046
0.12 -5.4 0.0241 0.2171 0.0239 0.2165 0.005
0.01 -3.0 0.0085 0.192 0.0085 0.1871 0.0152
0.02 -7.5 0.0212 0.2121 0.021 0.2116 0.0015
0.02 -4.8 0.0219 0.2138 0.0216 0.2132 0.0013
0.25 -4.2 0.0038 0.2193 0.0038 0.2137 0.017
0.53 -4.8 0.0179 0.3282 0.0177 0.3237 0.0251
0.39 -7.8 0.0449 0.3076 0.0441 0.3075 0.0074
0.39 -4.5 0.0067 0.276 0.0067 0.2705 0.027
0.003 -6.6 0.02 0.2104 0.0199 0.2101 0.0007
0.18 -9.0 0.0252 0.2344 0.0251 0.2339 0.0067
0.29 -7.8 0.0342 0.2714 0.0339 0.271 0.0054
0.29 -4.5 0.0083 0.2339 0.0083 0.2287 0.0186
0.003 -6.9 0.0185 0.21 0.0185 0.2098 0.0006
0.003 -5.4 0.019 0.2137 0.0189 0.2134 0.0008
0.18 -6.0 0.0244 0.2336 0.0242 0.2332 0.0068
0.005 -4.8 0.0207 0.2148 0.0207 0.2146 0.0011
0.35 -4.2 0.0028 0.2569 0.0028 0.2513 0.0221
0.43 -7.5 0.0495 0.3206 0.0488 0.3203 0.0056
0.43 -4.8 0.0209 0.2981 0.0209 0.2943 0.0174
0.005 -7.5 0.0186 0.2124 0.0185 0.2122 0.0013
0.12 -7.5 0.0241 0.218 0.0237 0.2177 0.0058
0.12 -4.8 0.0231 0.22 0.0227 0.2191 0.0053
0.02 -6.9 0.0208 0.2135 0.0208 0.213 0.0012
0.02 -5.4 0.0201 0.2167 0.02 0.2165 0.002
0.0013 -5.7 0.0299 0.2307 0.0296 0.2307 0.0009
0.02 -6.6 0.019 0.2131 0.019 0.2127 0.0014
0.51 -8.4 0.0657 0.3417 0.0646 0.3413 0.0067
0.53 -6.6 0.0674 0.3467 0.0661 0.3463 0.0071
0.25 -5.1 0.0291 0.2493 0.029 0.2486 0.0058
0.0013 -3.3 0.0261 0.2301 0.0259 0.2293 0.0016
0.53 -6.9 0.0667 0.3439 0.0648 0.3435 0.0055
0.27 -8.1 0.0341 0.2657 0.0338 0.2653 0.005
0.53 -5.4 0.0634 0.3452 0.0624 0.3442 0.0073
0.25 -6.3 0.0321 0.2601 0.0315 0.2599 0.0069
0.16 -6.6 0.0268 0.2318 0.0264 0.2316 0.0045
0.18 -3.3 0.0014 0.1917 0.0014 0.1852 0.0224
0.007 -4.2 0.0193 0.21 0.0192 0.2097 0.0015
0.16 -5.4 0.0255 0.2299 0.0252 0.2295 0.0047
0.49 -5.7 0.0588 0.3333 0.0577 0.3329 0.0101
0.0035 -3.0 0.0175 0.2059 0.0174 0.2048 0.0028
0.16 -6.9 0.0244 0.2308 0.0242 0.2308 0.0046
0.04 -9.0 0.0229 0.2079 0.0223 0.2074 0.0027
0.31 -6.3 0.0358 0.2817 0.0354 0.2811 0.0059
0.47 -5.4 0.0528 0.3291 0.052 0.3285 0.0084
0.18 -5.7 0.0249 0.2365 0.0247 0.2365 0.0039
0.33 -8.1 0.0371 0.2851 0.0368 0.2848 0.0079
0.47 -6.9 0.0566 0.3269 0.0557 0.3266 0.0081
0.22 -7.2 0.0279 0.2459 0.0275 0.2456 0.0085
0.31 -5.1 0.0318 0.2746 0.0316 0.2735 0.007
0.47 -6.6 0.0583 0.334 0.0573 0.3336 0.0061
0.45 -8.4 0.055 0.3291 0.0537 0.3285 0.0059
0.49 -3.3 0.0025 0.3057 0.0025 0.2988 0.0399
0.2 -3.3 0.0017 0.1968 0.0017 0.1901 0.023
0.33 -6.0 0.0365 0.2833 0.0362 0.2828 0.0079
0.41 -6.0 0.0468 0.3142 0.0464 0.3138 0.0079
0.33 -9.0 0.0359 0.2851 0.0353 0.2846 0.0077
0.002 -8.1 0.0223 0.2167 0.0221 0.2163 0.0008
0.0035 -4.2 0.0207 0.2168 0.0204 0.2165 0.0011
0.2 -5.7 0.0285 0.2417 0.0278 0.2414 0.006
0.06 -4.8 0.0219 0.2113 0.0219 0.2106 0.004
0.06 -7.5 0.0225 0.2116 0.0223 0.2112 0.0037
0.22 -8.7 0.0281 0.2474 0.0278 0.2469 0.0078
0.16 -3.9 0.0022 0.1911 0.0022 0.1838 0.0237
0.003 -9.0 0.019 0.2105 0.0187 0.2099 0.0015
0.33 -8.7 0.0368 0.2835 0.0365 0.2833 0.0048
0.18 -5.1 0.0269 0.2305 0.0267 0.2299 0.0076
0.16 -3.6 0.0016 0.1905 0.0016 0.1831 0.0202
0.003 -6.0 0.0232 0.2157 0.0229 0.2156 0.0008
0.31 -5.7 0.0359 0.2802 0.0356 0.2795 0.0064
0.18 -6.3 0.0242 0.2332 0.024 0.2327 0.0064
0.47 -3.6 0.0026 0.3041 0.0026 0.2979 0.0396
0.002 -7.2 0.0231 0.2096 0.0228 0.2095 0.0005
0.0016 -4.8 0.0233 0.2203 0.0233 0.2203 0.0004
0.1 -3.0 0.0013 0.1797 0.0013 0.1705 0.027
0.49 -6.3 0.0559 0.3351 0.0554 0.3348 0.0062
0.0016 -7.5 0.0233 0.2216 0.0231 0.2213 0.0009
0.47 -3.9 0.0027 0.2955 0.0027 0.2911 0.0258
0.49 -5.1 0.042 0.3269 0.0418 0.3257 0.0088
0.2 -6.3 0.0283 0.2458 0.0279 0.2451 0.0092
0.22 -8.1 0.0266 0.2471 0.0262 0.2469 0.0058
0.45 -7.8 0.0536 0.323 0.0527 0.3229 0.0087
0.33 -7.2 0.0384 0.2846 0.038 0.2838 0.0048
0.45 -4.5 0.0048 0.2974 0.0048 0.2928 0.0226
0.14 -7.8 0.0262 0.2225 0.0262 0.2221 0.0077
0.14 -4.5 0.0196 0.212 0.0196 0.2103 0.0083
0.27 -3.0 0.001 0.2195 0.0008 0.2125 0.0311
0.002 -8.7 0.0238 0.2127 0.0237 0.2126 0.0013
0.08 -4.2 0.017 0.2005 0.017 0.1977 0.0094
0.51 -4.5 0.0064 0.3163 0.0064 0.3129 0.0263
0.27 -7.2 0.0346 0.2637 0.0344 0.2629 0.0071
0.003 -3.9 0.0197 0.2098 0.0197 0.2097 0.0002
0.51 -7.8 0.062 0.3413 0.0612 0.3409 0.0065
0.003 -3.6 0.0212 0.2105 0.0212 0.2102 0.0012
0.007 -9.0 0.0198 0.2129 0.0197 0.2124 0.0009
0.007 -6.0 0.0211 0.2124 0.0208 0.2121 0.0012
0.25 -5.7 0.0313 0.2564 0.0312 0.2555 0.0066
0.02 -3.6 0.0153 0.2021 0.015 0.1995 0.0079
0.27 -8.7 0.0328 0.2652 0.0325 0.2648 0.0077
0.02 -3.9 0.0198 0.2084 0.0196 0.2073 0.0037
0.0013 -6.3 0.0281 0.232 0.0279 0.2316 0.0013
0.49 -3.0 0.0025 0.3062 0.0025 0.3002 0.0369
0.29 -8.4 0.0344 0.2696 0.0339 0.2689 0.0057
0.005 -6.0 0.0194 0.2131 0.0194 0.2129 0.0011
0.25 -3.3 0.0015 0.2102 0.0015 0.2034 0.0238
0.53 -3.9 0.0026 0.3192 0.0026 0.3159 0.0272
0.0013 -5.1 0.0302 0.2295 0.0299 0.2292 0.0009
0.005 -9.0 0.0209 0.2134 0.0209 0.2127 0.0017
0.53 -3.6 0.0022 0.3185 0.0022 0.3135 0.0415
0.005 -3.6 0.0181 0.2105 0.018 0.2101 0.0013
0.43 -3.6 0.0012 0.2826 0.0012 0.2763 0.0357
0.39 -8.4 0.0452 0.3083 0.0441 0.308 0.0057
0.005 -3.9 0.0181 0.2167 0.018 0.2161 0.0012
0.35 -3.3 0.002 0.2502 0.002 0.2448 0.0236
0.43 -3.9 0.0022 0.2845 0.0022 0.2772 0.0344
0.37 -8.7 0.042 0.2994 0.0414 0.2986 0.0081
0.22 -6.0 0.0285 0.2444 0.0279 0.2442 0.0075
0.12 -3.9 0.0064 0.1862 0.0063 0.1791 0.0226
0.35 -5.7 0.0401 0.2951 0.0398 0.2944 0.0063
0.22 -9.0 0.028 0.2463 0.0275 0.2459 0.0091
0.12 -3.6 0.0018 0.1826 0.0018 0.1747 0.0215
0.1 -4.5 0.021 0.2107 0.0205 0.21 0.0052
0.1 -7.8 0.0252 0.2182 0.0248 0.218 0.0036
0.01 -8.4 0.0206 0.2113 0.0203 0.2111 0.0012
0.41 -4.5 0.0075 0.2819 0.0075 0.2763 0.0266
0.37 -7.2 0.0447 0.2992 0.0443 0.2988 0.0073
0.0013 -4.2 0.0262 0.2313 0.0262 0.2312 0.0008
0.41 -7.8 0.0504 0.3181 0.0497 0.3176 0.0044
0.0025 -7.8 0.0206 0.2164 0.0205 0.216 0.0015
0.0025 -4.5 0.0195 0.211 0.0195 0.2107 0.001
0.18 -4.2 0.0082 0.2035 0.0082 0.1974 0.0148
0.007 -3.3 0.0166 0.2018 0.0166 0.2004 0.0033
0.04 -7.8 0.0235 0.2041 0.023 0.2039 0.0021
0.04 -4.5 0.0215 0.2057 0.0211 0.2045 0.0038
0.02 -3.0 0.0019 0.1849 0.0019 0.1766 0.0243
0.007 -5.7 0.0192 0.2111 0.0192 0.2109 0.0003
0.0016 -6.6 0.0252 0.2213 0.0252 0.2212 0.0012
0.0011 -8.4 0.0319 0.2339 0.0314 0.2337 0.001
0.0016 -5.4 0.0223 0.2209 0.0222 0.2208 0.0007
0.49 -4.2 0.0026 0.3068 0.0026 0.3016 0.028
0.0016 -6.9 0.022 0.2223 0.022 0.2221 0.0004
0.004 -7.2 0.0201 0.2095 0.02 0.2094 0.0008
0.2 -4.2 0.0086 0.2097 0.0086 0.2046 0.0166
0.0035 -3.3 0.0197 0.2119 0.0195 0.2112 0.002
0.06 -3.6 0.0047 0.1836 0.0047 0.1776 0.0177
0.35 -3.0 0.0013 0.2541 0.0013 0.2455 0.0335
0.004 -8.7 0.0229 0.2051 0.0226 0.2047 0.0007
0.08 -6.3 0.0258 0.2135 0.0258 0.2128 0.0043
0.47 -3.0 0.0029 0.2956 0.0029 0.2885 0.0397
0.06 -3.9 0.0141 0.191 0.0141 0.1879 0.0105
0.0035 -5.7 0.0177 0.2127 0.0175 0.2123 0.0007
0.08 -5.1 0.0232 0.2141 0.0232 0.2138 0.003
0.01 -5.7 0.019 0.2097 0.0189 0.2095 0.0011
0.27 -4.8 0.0233 0.2453 0.0233 0.2424 0.0122
0.51 -4.2 0.0032 0.3143 0.0032 0.309 0.0294
0.27 -7.5 0.0318 0.2652 0.0315 0.2645 0.0076
0.01 -3.3 0.0152 0.1984 0.0151 0.196 0.0053
0.06 -9.0 0.0228 0.2099 0.0224 0.2096 0.0038
0.06 -6.0 0.0252 0.2156 0.0248 0.2147 0.0043
0.1 -6.3 0.0224 0.2188 0.0223 0.2187 0.0054
0.12 -8.1 0.0259 0.22 0.0255 0.2197 0.0046
0.39 -5.7 0.041 0.3056 0.0408 0.3054 0.0073
0.1 -5.1 0.0247 0.2187 0.0243 0.2185 0.0051
0.31 -9.0 0.0376 0.2779 0.0374 0.2772 0.0092
0.37 -6.6 0.0447 0.2973 0.0439 0.2969 0.006
0.43 -6.0 0.0491 0.3226 0.0482 0.3221 0.0082
0.41 -5.1 0.0382 0.3004 0.0381 0.2989 0.0104
0.35 -8.4 0.0411 0.2975 0.041 0.297 0.0077
0.0025 -5.1 0.0202 0.2144 0.02 0.2139 0.0013
0.39 -3.3 0.0026 0.2638 0.0026 0.2574 0.0293
0.31 -6.0 0.0365 0.2796 0.0362 0.2792 0.0078
0.37 -5.4 0.0434 0.0056 0.001 0.0 0.0056
0.41 -6.3 0.0468 0.3151 0.0465 0.3147 0.0058
0.43 -8.1 0.048 0.3193 0.0475 0.319 0.008
0.43 -9.0 0.0488 0.3185 0.0482 0.3179 0.0093
0.005 -8.1 0.0183 0.2124 0.0182 0.2118 0.0016
0.37 -6.9 0.0427 0.2976 0.0422 0.2966 0.0081
0.0025 -6.3 0.0203 0.2136 0.0202 0.2135 0.0008
0.04 -5.1 0.0227 0.207 0.0224 0.2069 0.0021
0.06 -8.1 0.0232 0.2109 0.023 0.2103 0.0027
0.04 -6.3 0.0231 0.2026 0.023 0.2022 0.0027
0.0035 -8.4 0.0203 0.2112 0.0202 0.2109 0.0007
0.004 -6.6 0.0203 0.2073 0.0201 0.207 0.0009
0.002 -4.8 0.0224 0.2111 0.0222 0.2111 0.0008
0.002 -7.5 0.024 0.2146 0.024 0.2144 0.0011
0.004 -6.9 0.0196 0.2078 0.0194 0.2075 0.0005
0.004 -5.4 0.0213 0.2098 0.0211 0.2095 0.0006
0.33 -7.5 0.0366 0.2891 0.0364 0.2882 0.0077
0.45 -4.2 0.0027 0.2894 0.0027 0.2819 0.036
0.0011 -3.3 0.0324 0.2345 0.0321 0.2345 0.0008
0.33 -4.8 0.0206 0.2598 0.0205 0.257 0.0128
0.0016 -3.0 0.025 0.2183 0.0249 0.218 0.0015
0.0011 -5.7 0.0354 0.2341 0.0352 0.2338 0.0006
0.08 -7.8 0.0247 0.2145 0.0247 0.2143 0.0053
0.08 -4.5 0.0227 0.2104 0.0226 0.2089 0.0071
0.0016 -8.7 0.0244 0.2224 0.0243 0.2222 0.0007
0.007 -8.4 0.0205 0.2107 0.0204 0.2104 0.0013
0.14 -4.2 0.0119 0.2011 0.0119 0.1951 0.018
0.04 -4.2 0.0205 0.2009 0.0203 0.1993 0.0044
0.18 -7.8 0.0256 0.2343 0.0254 0.2339 0.0055
0.18 -4.5 0.02 0.2141 0.0198 0.2108 0.011
0.002 -5.4 0.0214 0.2132 0.0213 0.2129 0.0011
0.08 -6.0 0.0247 0.2149 0.0244 0.2144 0.0051
0.002 -6.9 0.024 0.2129 0.0238 0.2123 0.0014
0.004 -7.5 0.0199 0.2127 0.0198 0.2123 0.0008
0.49 -7.8 0.0602 0.3355 0.0595 0.3353 0.006
0.49 -4.5 0.0069 0.3103 0.0069 0.3057 0.0254
0.22 -3.6 0.0014 0.1958 0.0014 0.1895 0.0201
0.004 -4.8 0.0217 0.2081 0.0212 0.2081 0.0008
0.08 -9.0 0.0243 0.2144 0.0243 0.2142 0.0049
0.002 -6.6 0.0231 0.2153 0.0231 0.2151 0.0009
0.22 -3.9 0.0023 0.2052 0.0023 0.1973 0.0266
0.0011 -9.0 0.0334 0.2348 0.0334 0.2346 0.0008
0.31 -8.4 0.038 0.2826 0.0377 0.2821 0.0048
0.45 -5.1 0.0389 0.3138 0.0385 0.3123 0.0087
0.33 -6.6 0.0372 0.2819 0.0369 0.2811 0.006
0.2 -4.5 0.019 0.2212 0.019 0.2185 0.0119
0.2 -7.8 0.0315 0.2407 0.0308 0.2399 0.0088
0.0011 -6.0 0.0336 0.2358 0.0335 0.2356 0.0007
0.33 -6.9 0.0355 0.2858 0.035 0.2849 0.0056
0.47 -8.1 0.0562 0.328 0.055 0.3278 0.0079
0.45 -6.3 0.0564 0.3247 0.0551 0.3243 0.006
0.33 -5.4 0.0339 0.2804 0.0335 0.2797 0.008
0.16 -8.1 0.0254 0.2294 0.0251 0.2289 0.0046
0.14 -6.3 0.0256 0.2216 0.0255 0.2214 0.005
0.14 -5.1 0.0279 0.2201 0.0278 0.2197 0.0089
0.27 -5.4 0.0328 0.2643 0.0327 0.2635 0.0058
0.51 -6.3 0.0634 0.3417 0.0626 0.3412 0.0047
0.53 -8.1 0.0674 0.3429 0.0655 0.3427 0.0056
0.27 -6.9 0.0333 0.2695 0.033 0.269 0.0077
0.27 -6.6 0.0328 0.2661 0.0327 0.2657 0.0052
0.51 -5.1 0.0443 0.3313 0.0442 0.3294 0.0113
0.25 -8.4 0.0307 0.2605 0.0306 0.2597 0.0064
0.29 -3.3 0.0018 0.2244 0.0018 0.2179 0.0282
0.14 -9.0 0.0249 0.2223 0.0249 0.2218 0.0064
0.29 -5.7 0.0357 0.2682 0.0352 0.2673 0.0054
0.02 -8.1 0.0188 0.2153 0.0188 0.2147 0.0018
0.14 -6.0 0.025 0.2231 0.0248 0.2224 0.0073
0.0025 -6.0 0.0208 0.2159 0.0206 0.2153 0.0013
0.0025 -9.0 0.0199 0.2149 0.0198 0.2145 0.0011
0.1 -4.2 0.0137 0.1998 0.0136 0.1958 0.0121
0.37 -4.8 0.0212 0.2781 0.0211 0.2759 0.0104
0.0013 -7.8 0.0282 0.2302 0.028 0.2301 0.0006
0.41 -4.2 0.0022 0.2761 0.0022 0.2698 0.0299
0.0013 -4.5 0.0287 0.2294 0.0284 0.2293 0.0002
0.37 -7.5 0.0423 0.2995 0.0415 0.2989 0.0063
0.0025 -4.2 0.0221 0.2142 0.022 0.2141 0.0011
0.003 -8.1 0.0204 0.2104 0.0203 0.2102 0.0009
0.51 -6.0 0.0664 0.3423 0.0658 0.3419 0.0078
0.51 -9.0 0.0651 0.3383 0.0644 0.3381 0.0064
