0.0035 -7.5 0.0095 0.1214 0.0095 0.1211 0.0008
0.0035 -4.8 0.0096 0.1222 0.0096 0.1221 0.0001
0.002 -8.4 0.0095 0.1282 0.0095 0.1277 0.0008
0.06 -4.2 0.0113 0.1425 0.0112 0.1418 0.0035
0.007 -9.0 0.0082 0.128 0.0081 0.1276 0.0006
0.007 -6.0 0.0078 0.123 0.0078 0.1229 0.0006
0.007 -7.5 0.0086 0.1247 0.0086 0.1245 0.0003
0.007 -4.8 0.009 0.1223 0.009 0.1221 0.0007
0.005 -6.0 0.0091 0.1263 0.0091 0.1261 0.0004
0.005 -9.0 0.0092 0.1283 0.0091 0.1281 0.0006
0.003 -9.0 0.0092 0.1261 0.0092 0.1261 0.0001
0.02 -5.1 0.009 0.1308 0.009 0.1306 0.0007
0.02 -6.3 0.0089 0.1287 0.0089 0.1285 0.0007
0.003 -6.0 0.0093 0.1233 0.0093 0.1231 0.0006
0.0013 -3.9 0.0117 0.138 0.0117 0.1377 0.0005
0.1 -3.0 0.0009 0.1528 0.0009 0.1465 0.0167
0.0013 -3.6 0.0119 0.1338 0.0119 0.1336 0.0006
0.003 -6.3 0.0094 0.1225 0.0094 0.1225 0.0002
0.005 -4.2 0.0083 0.129 0.0082 0.1288 0.0005
0.003 -5.1 0.0088 0.1246 0.0088 0.1245 0.0004
0.12 -4.2 0.0146 0.1885 0.0146 0.1854 0.0087
0.02 -4.2 0.0088 0.1292 0.0088 0.1287 0.0014
0.02 -3.0 0.001 0.0973 0.001 0.0921 0.0119
0.01 -8.7 0.0088 0.127 0.0088 0.1268 0.0009
0.005 -5.1 0.0091 0.126 0.009 0.1256 0.0007
0.003 -4.2 0.0089 0.1232 0.0089 0.1232 0.0004
0.0025 -8.1 0.0073 0.1246 0.0072 0.124 0.0013
0.005 -6.3 0.0092 0.1279 0.0092 0.1276 0.0006
0.01 -7.2 0.0089 0.1238 0.0089 0.1238 0.0006
0.12 -6.3 0.026 0.2166 0.0255 0.2164 0.004
0.1 -8.1 0.0178 0.195 0.0175 0.1946 0.0034
0.12 -5.1 0.024 0.2129 0.0237 0.2124 0.0061
0.004 -8.4 0.0082 0.1298 0.0082 0.1295 0.0007
0.0035 -6.6 0.0086 0.1245 0.0086 0.1244 0.0005
0.0011 -7.2 0.0158 0.1421 0.0158 0.1421 0.0004
0.0035 -6.9 0.0083 0.1192 0.0082 0.119 0.0005
0.0035 -5.4 0.0101 0.1211 0.01 0.1208 0.0008
0.06 -5.1 0.013 0.1555 0.0129 0.1552 0.0021
0.08 -3.9 0.0054 0.1432 0.0054 0.1386 0.0092
0.04 -8.1 0.0104 0.1395 0.0104 0.1394 0.001
0.06 -6.3 0.0112 0.1523 0.0111 0.1516 0.0024
0.08 -3.6 0.001 0.1318 0.001 0.126 0.0115
0.007 -6.9 0.0091 0.1244 0.0091 0.1242 0.0008
0.007 -5.4 0.0074 0.1256 0.0074 0.1253 0.0009
0.0016 -5.7 0.0114 0.1255 0.0114 0.1253 0.0003
0.007 -6.6 0.0088 0.1252 0.0088 0.125 0.0006
0.0011 -8.7 0.0156 0.1434 0.0156 0.1433 0.0003
0.0016 -3.3 0.0098 0.1258 0.0097 0.1257 0.0003
0.1 -3.9 0.0055 0.1623 0.0055 0.1565 0.0149
0.1 -3.6 0.0013 0.1558 0.0013 0.1499 0.0167
0.0025 -3.6 0.0077 0.1247 0.0077 0.1246 0.0005
0.0025 -3.9 0.0082 0.1257 0.0082 0.1253 0.0008
0.005 -7.8 0.0087 0.1266 0.0086 0.1264 0.0006
0.005 -4.5 0.0081 0.1286 0.008 0.1285 0.0003
0.01 -6.9 0.0096 0.1268 0.0096 0.1262 0.001
0.0016 -3.0 0.011 0.1232 0.011 0.1226 0.0013
0.01 -5.4 0.0092 0.1271 0.0092 0.127 0.0003
0.12 -4.5 0.0215 0.206 0.0213 0.2046 0.0065
0.12 -7.8 0.0238 0.2176 0.0237 0.2171 0.0059
0.01 -6.6 0.0093 0.1293 0.0093 0.1291 0.0008
0.0016 -8.4 0.0091 0.1256 0.0091 0.1256 0.0003
0.0011 -6.9 0.0151 0.144 0.0151 0.1439 0.0003
0.0011 -5.4 0.0159 0.141 0.0158 0.141 0.0005
0.007 -8.7 0.0093 0.1246 0.0093 0.1243 0.0008
0.0011 -6.6 0.0157 0.1432 0.0157 0.143 0.0004
0.0035 -7.2 0.0095 0.1214 0.0095 0.1212 0.001
0.06 -9.0 0.0112 0.1523 0.0111 0.1521 0.003
0.06 -7.8 0.0124 0.1562 0.0122 0.1559 0.0023
0.06 -6.0 0.0136 0.1544 0.0135 0.1539 0.0026
0.06 -4.5 0.0131 0.1487 0.0131 0.1482 0.003
0.08 -8.1 0.0128 0.1739 0.0125 0.1735 0.0035
0.0035 -8.7 0.0086 0.1226 0.0085 0.1224 0.0004
0.04 -3.6 0.005 0.1135 0.005 0.1099 0.0072
0.007 -7.2 0.0086 0.1267 0.0085 0.1264 0.0011
0.004 -5.7 0.0084 0.1273 0.0084 0.1272 0.0007
0.04 -3.9 0.0077 0.1233 0.0077 0.1207 0.0057
0.004 -3.3 0.0089 0.1246 0.0088 0.1239 0.0015
0.0011 -7.5 0.0148 0.1432 0.0148 0.1432 0.0001
0.0011 -4.8 0.0158 0.1436 0.0157 0.1434 0.0004
0.0025 -6.0 0.0082 0.125 0.0082 0.1247 0.0006
0.002 -5.7 0.0091 0.1271 0.0091 0.1268 0.0006
0.0025 -9.0 0.0087 0.1242 0.0087 0.1237 0.0008
0.002 -3.3 0.0098 0.1255 0.0097 0.1254 0.0009
0.02 -4.5 0.0106 0.1253 0.0106 0.1251 0.001
0.02 -7.8 0.0091 0.1308 0.0091 0.1306 0.0007
0.08 -6.0 0.0135 0.1731 0.0132 0.1725 0.0032
0.08 -9.0 0.0138 0.173 0.0134 0.1727 0.0024
0.003 -4.5 0.0093 0.1244 0.0093 0.1243 0.0005
0.003 -7.8 0.0081 0.1258 0.0081 0.1255 0.0005
0.0011 -9.0 0.016 0.1412 0.016 0.141 0.0009
0.0013 -8.1 0.0115 0.1368 0.0115 0.1365 0.0003
0.0011 -6.0 0.0173 0.1432 0.0173 0.1431 0.0004
0.01 -7.5 0.0081 0.1256 0.0081 0.1252 0.0011
0.01 -4.8 0.0098 0.1251 0.0098 0.1249 0.0003
0.1 -7.5 0.0163 0.1945 0.0161 0.1943 0.0029
0.1 -4.8 0.0165 0.1936 0.0164 0.1926 0.005
0.003 -8.4 0.0094 0.1248 0.0094 0.1245 0.0007
0.0013 -7.2 0.012 0.1356 0.012 0.1351 0.0008
0.0025 -4.8 0.0085 0.1263 0.0084 0.126 0.0007
0.004 -3.0 0.007 0.1143 0.0069 0.1136 0.0026
0.0025 -7.5 0.0085 0.1246 0.0085 0.1244 0.0008
0.0013 -8.7 0.0131 0.1361 0.0131 0.1358 0.0009
0.02 -8.4 0.0103 0.1307 0.0103 0.1307 0.0006
0.002 -3.0 0.0089 0.1222 0.0088 0.1211 0.0015
0.04 -4.8 0.0107 0.1378 0.0107 0.1373 0.0021
0.04 -7.5 0.0106 0.1375 0.0106 0.1373 0.0014
0.002 -5.1 0.0101 0.127 0.0101 0.1268 0.0007
0.002 -6.3 0.0104 0.1244 0.0104 0.124 0.0008
0.004 -4.2 0.0094 0.1287 0.0092 0.1284 0.0005
0.0011 -3.6 0.0163 0.1421 0.0162 0.1418 0.0009
0.12 -3.0 0.0015 0.1744 0.0015 0.167 0.027
0.0011 -3.9 0.0157 0.1414 0.0157 0.1414 0.0004
0.007 -8.1 0.0087 0.1232 0.0087 0.1227 0.0008
0.08 -7.2 0.0141 0.171 0.0139 0.1707 0.0025
0.04 -5.4 0.0113 0.1355 0.0113 0.1355 0.0012
0.04 -6.9 0.01 0.1365 0.01 0.1363 0.0008
0.04 -6.6 0.0106 0.1368 0.0106 0.1364 0.0018
0.06 -8.4 0.0131 0.1523 0.0131 0.1523 0.0025
0.0035 -8.1 0.009 0.1232 0.0089 0.1231 0.0002
0.002 -4.2 0.0097 0.1245 0.0097 0.1245 0.0006
0.0016 -7.8 0.0095 0.1263 0.0095 0.1262 0.0003
0.004 -6.3 0.0089 0.1273 0.0088 0.127 0.0008
0.08 -8.7 0.0147 0.1734 0.0145 0.1731 0.0026
0.0016 -4.5 0.0109 0.1253 0.0109 0.1251 0.0005
0.004 -5.1 0.0074 0.1281 0.0072 0.1278 0.0009
0.12 -8.4 0.0246 0.2165 0.024 0.2159 0.0045
0.1 -6.6 0.0164 0.1936 0.0162 0.1935 0.0043
0.1 -6.9 0.0167 0.1976 0.0165 0.1971 0.0029
0.1 -5.4 0.0182 0.1917 0.0182 0.1913 0.0035
0.0025 -5.4 0.0085 0.1272 0.0085 0.1268 0.0007
0.0025 -6.9 0.0079 0.1261 0.0077 0.126 0.0003
0.005 -8.4 0.0081 0.129 0.008 0.1285 0.0011
0.0025 -6.6 0.0079 0.1217 0.0077 0.1215 0.0007
0.01 -3.6 0.0089 0.1191 0.0089 0.1186 0.0017
0.0013 -6.0 0.0113 0.1357 0.0112 0.1354 0.0007
0.01 -3.9 0.0092 0.123 0.0092 0.1227 0.0007
0.0013 -9.0 0.0124 0.1345 0.0123 0.1344 0.0005
0.06 -5.7 0.0106 0.1551 0.0105 0.1549 0.0019
0.0035 -3.9 0.0086 0.1199 0.0086 0.1198 0.0002
0.0035 -3.6 0.0089 0.122 0.0089 0.1218 0.0004
0.04 -8.7 0.0092 0.1377 0.0092 0.1373 0.0012
0.06 -3.3 0.0004 0.1153 0.0004 0.1105 0.0133
0.08 -6.6 0.0136 0.1741 0.0133 0.1736 0.003
0.08 -5.4 0.0138 0.1711 0.0136 0.1705 0.0026
0.08 -6.9 0.0138 0.1707 0.0136 0.1702 0.0039
0.01 -3.0 0.0031 0.0988 0.0031 0.0962 0.0068
0.04 -7.2 0.0097 0.1381 0.0097 0.1376 0.0026
0.007 -3.6 0.008 0.1234 0.008 0.1229 0.0013
0.007 -3.9 0.0086 0.1251 0.0086 0.1246 0.0009
0.004 -4.5 0.0097 0.1288 0.0097 0.1281 0.0011
0.0016 -6.3 0.0104 0.1276 0.0104 0.1273 0.0006
0.004 -7.8 0.0087 0.1278 0.0086 0.1276 0.001
0.0011 -8.1 0.0149 0.1424 0.0148 0.1421 0.0005
0.0016 -5.1 0.0093 0.1284 0.0093 0.1284 0.0001
0.1 -7.2 0.0184 0.1947 0.0182 0.1943 0.0027
0.01 -8.1 0.0087 0.1289 0.0086 0.1289 0.0006
0.0013 -4.8 0.0112 0.1346 0.0111 0.1346 0.0005
0.0013 -7.5 0.0117 0.1375 0.0116 0.1374 0.0008
0.0025 -7.2 0.0079 0.1268 0.0078 0.1265 0.0011
0.1 -8.7 0.0168 0.1945 0.0165 0.1942 0.0023
0.005 -3.3 0.0078 0.119 0.0078 0.1183 0.0013
0.12 -5.7 0.0245 0.2176 0.0241 0.217 0.0037
0.005 -5.7 0.0096 0.1288 0.0094 0.1287 0.0002
0.12 -3.3 0.0013 0.1755 0.0013 0.1702 0.0197
0.0025 -8.7 0.0074 0.1255 0.0073 0.1253 0.0006
0.04 -6.0 0.0106 0.1388 0.0106 0.1387 0.0013
0.02 -3.3 0.0035 0.1008 0.0035 0.098 0.0063
0.0035 -3.0 0.0076 0.1122 0.0075 0.1113 0.0017
0.04 -9.0 0.01 0.1389 0.01 0.1384 0.0015
0.0013 -6.6 0.012 0.1368 0.0119 0.1367 0.0005
0.02 -5.7 0.01 0.1314 0.01 0.1309 0.0014
0.0013 -5.4 0.0126 0.1365 0.0125 0.1362 0.0008
0.0013 -6.9 0.0122 0.1366 0.012 0.1364 0.0003
0.003 -3.3 0.0093 0.1193 0.0093 0.1192 0.0003
0.003 -5.7 0.0085 0.125 0.0085 0.1247 0.0005
0.08 -4.8 0.0133 0.1727 0.013 0.1719 0.003
0.08 -7.5 0.0134 0.1728 0.0133 0.1725 0.0025
0.002 -7.8 0.0104 0.1255 0.0104 0.1253 0.0004
0.002 -4.5 0.0099 0.1289 0.0099 0.1285 0.0006
0.0016 -4.2 0.011 0.1275 0.011 0.127 0.0008
0.12 -7.5 0.024 0.2159 0.0235 0.2156 0.0046
0.12 -4.8 0.0249 0.2095 0.0243 0.2094 0.0046
0.003 -6.6 0.0084 0.1243 0.0084 0.1239 0.0006
0.005 -4.8 0.0091 0.1273 0.0091 0.1273 0.0003
0.005 -7.5 0.0077 0.126 0.0076 0.1256 0.0006
0.003 -6.9 0.0076 0.1232 0.0076 0.1229 0.0006
0.003 -5.4 0.0088 0.1244 0.0088 0.1242 0.0004
0.1 -6.0 0.0189 0.1929 0.0189 0.1921 0.0036
0.1 -9.0 0.0181 0.1931 0.018 0.1928 0.0025
0.0013 -3.3 0.0124 0.1355 0.0124 0.1353 0.0003
0.02 -6.9 0.0099 0.1295 0.0099 0.1293 0.0009
0.02 -5.4 0.0085 0.1291 0.0085 0.1289 0.0009
0.0013 -5.7 0.0116 0.1354 0.0114 0.135 0.0009
0.02 -6.6 0.0089 0.1302 0.0089 0.1301 0.0006
0.003 -3.0 0.0084 0.1169 0.0084 0.1164 0.0011
0.005 -3.0 0.0067 0.1098 0.0065 0.1082 0.0031
0.007 -4.2 0.0099 0.1257 0.0099 0.1253 0.0009
0.007 -3.0 0.0041 0.1085 0.0041 0.1049 0.007
0.06 -4.8 0.0126 0.1526 0.0125 0.152 0.0026
0.06 -7.5 0.0121 0.1521 0.012 0.1519 0.0025
0.002 -8.1 0.0098 0.1266 0.0098 0.1265 0.0006
0.0035 -4.2 0.0094 0.1218 0.0093 0.1217 0.0002
0.0016 -3.9 0.0101 0.1243 0.0101 0.1242 0.0004
0.0016 -3.6 0.0105 0.1295 0.0105 0.1294 0.0001
0.007 -5.1 0.0088 0.1232 0.0087 0.123 0.0006
0.007 -6.3 0.0081 0.1225 0.008 0.1221 0.0008
0.06 -5.4 0.0117 0.1509 0.0117 0.1505 0.0033
0.06 -6.9 0.0125 0.1545 0.0123 0.1543 0.0024
0.08 -3.3 0.0006 0.132 0.0006 0.126 0.0169
0.06 -6.6 0.014 0.1524 0.0138 0.1522 0.0027
0.04 -8.4 0.0112 0.1373 0.0112 0.137 0.0023
0.0035 -6.3 0.0091 0.1206 0.0091 0.1204 0.0008
0.004 -8.1 0.0083 0.1278 0.0083 0.1273 0.0006
0.0011 -4.5 0.0141 0.1447 0.0141 0.1447 0.0003
0.0011 -7.8 0.0163 0.1424 0.0163 0.1421 0.0009
0.0035 -5.1 0.0093 0.1221 0.0092 0.1218 0.0007
0.08 -5.7 0.0136 0.1685 0.0135 0.168 0.0032
0.1 -8.4 0.019 0.194 0.0187 0.1937 0.0025
0.12 -6.6 0.0227 0.2143 0.0222 0.2138 0.0049
0.12 -6.9 0.0247 0.218 0.0246 0.2174 0.0059
0.12 -5.4 0.0257 0.2163 0.0251 0.2158 0.0063
0.01 -4.5 0.009 0.1278 0.009 0.1275 0.0007
0.01 -7.8 0.0083 0.1279 0.0083 0.1278 0.0009
0.005 -5.4 0.0094 0.1275 0.0092 0.1273 0.0004
0.005 -6.9 0.0096 0.1271 0.0094 0.1267 0.0007
0.003 -7.5 0.0075 0.124 0.0075 0.1237 0.0006
0.003 -4.8 0.009 0.1251 0.0089 0.125 0.0003
0.005 -6.6 0.0086 0.1252 0.0086 0.1249 0.0006
0.0025 -8.4 0.0079 0.1254 0.0079 0.1253 0.0004
0.02 -6.0 0.0097 0.1283 0.0097 0.128 0.0009
0.02 -9.0 0.0097 0.1284 0.0097 0.1281 0.0007
0.02 -7.5 0.0092 0.1289 0.0092 0.1283 0.0014
0.02 -4.8 0.0091 0.1295 0.0091 0.1293 0.0007
0.004 -3.9 0.0081 0.1265 0.0081 0.1264 0.0002
0.04 -5.7 0.0103 0.1371 0.0103 0.1368 0.0012
0.004 -3.6 0.0091 0.1283 0.0091 0.1281 0.0006
0.06 -8.7 0.0126 0.156 0.0126 0.1556 0.0016
0.04 -3.3 0.001 0.105 0.001 0.1011 0.0093
0.08 -8.4 0.0136 0.1723 0.0133 0.1718 0.0024
0.007 -4.5 0.0082 0.1243 0.0081 0.1241 0.0003
0.007 -7.8 0.0077 0.1235 0.0077 0.1234 0.0004
0.06 -7.2 0.0122 0.1529 0.0121 0.1527 0.0034
0.06 -3.0 0.0003 0.1101 0.0003 0.1051 0.0112
0.0035 -4.5 0.0077 0.1248 0.0076 0.1245 0.0005
0.0011 -5.1 0.0159 0.0005 0.0001 0.0 0.0005
0.0035 -7.8 0.0095 0.1208 0.0094 0.1205 0.0004
0.0016 -8.1 0.0114 0.1268 0.0114 0.1266 0.0009
0.0011 -6.3 0.0173 0.1449 0.0173 0.1448 0.0003
0.0016 -6.0 0.01 0.1256 0.01 0.1253 0.0004
0.01 -5.1 0.0092 0.1271 0.0092 0.127 0.0006
0.12 -7.2 0.0235 0.2148 0.0231 0.2146 0.0038
0.01 -6.3 0.0097 0.1267 0.0097 0.1264 0.0008
0.0016 -9.0 0.0109 0.1281 0.0109 0.1278 0.0007
0.005 -7.2 0.0083 0.1251 0.0083 0.1248 0.0008
0.0025 -3.3 0.0091 0.1247 0.009 0.1243 0.0009
0.12 -8.7 0.0235 0.2149 0.0231 0.2145 0.0044
0.1 -5.7 0.0174 0.1956 0.0174 0.195 0.0031
0.0025 -5.7 0.0079 0.1251 0.0079 0.1251 0.0003
0.005 -8.7 0.0093 0.1285 0.0093 0.1282 0.0007
0.1 -3.3 0.0005 0.1499 0.0005 0.143 0.0193
0.01 -4.2 0.0102 0.1265 0.0102 0.1264 0.0005
0.0013 -8.4 0.0127 0.1362 0.0127 0.1358 0.0008
0.02 -8.7 0.0098 0.1298 0.0098 0.1292 0.0011
0.0011 -3.0 0.016 0.1433 0.016 0.1432 0.0002
0.003 -7.2 0.0082 0.125 0.0082 0.1248 0.0006
0.08 -3.0 0.0005 0.127 0.0005 0.1209 0.0136
0.02 -7.2 0.0094 0.1308 0.0093 0.1306 0.0006
0.003 -8.7 0.0091 0.1241 0.0091 0.124 0.0001
0.002 -3.6 0.0101 0.1287 0.01 0.1286 0.0006
0.002 -3.9 0.0093 0.1271 0.0093 0.1266 0.001
0.0025 -3.0 0.0085 0.1215 0.0085 0.1208 0.0016
0.0011 -4.2 0.0153 0.1449 0.0153 0.1447 0.0006
0.004 -7.5 0.0086 0.1286 0.0085 0.128 0.0007
0.004 -4.8 0.0082 0.1259 0.0081 0.1258 0.0003
0.002 -5.4 0.0102 0.1263 0.0102 0.1261 0.0007
0.002 -6.9 0.0101 0.1262 0.0101 0.1262 0.0002
0.002 -6.6 0.0086 0.1241 0.0086 0.1237 0.0008
0.04 -4.2 0.01 0.1315 0.01 0.1306 0.0022
0.002 -6.0 0.0093 0.128 0.0092 0.1277 0.0008
0.002 -9.0 0.0096 0.1264 0.0096 0.1262 0.0005
0.02 -8.1 0.0094 0.1299 0.0094 0.1299 0.0004
0.0025 -4.2 0.0069 0.1259 0.0068 0.1256 0.0005
0.003 -8.1 0.0087 0.1246 0.0087 0.1245 0.0003
0.004 -9.0 0.0089 0.1278 0.0088 0.1272 0.0008
0.0013 -7.8 0.0124 0.1368 0.0123 0.1367 0.0001
0.0013 -4.5 0.0123 0.1367 0.0122 0.1366 0.0005
0.004 -6.0 0.0086 0.1276 0.0086 0.1271 0.0008
0.1 -4.2 0.0109 0.1738 0.0109 0.17 0.01
0.0013 -3.0 0.0116 0.1323 0.0115 0.1322 0.0005
0.01 -3.3 0.0066 0.1098 0.0066 0.1082 0.0032
0.01 -5.7 0.0074 0.1274 0.0074 0.1272 0.0011
0.0025 -5.1 0.0081 0.1275 0.0079 0.1273 0.0006
0.0025 -6.3 0.0081 0.1253 0.0081 0.1249 0.0007
0.005 -8.1 0.0086 0.1284 0.0086 0.1279 0.0007
0.1 -6.3 0.018 0.1955 0.0178 0.1953 0.0019
0.12 -8.1 0.0231 0.2142 0.0226 0.2139 0.0034
0.1 -5.1 0.0179 0.1923 0.0178 0.1921 0.0029
0.004 -6.6 0.0088 0.126 0.0087 0.1258 0.0008
0.0035 -8.4 0.008 0.1231 0.008 0.1229 0.0004
0.0016 -7.2 0.0091 0.1274 0.0091 0.1272 0.0007
0.004 -6.9 0.0089 0.1289 0.0089 0.1288 0.0003
0.004 -5.4 0.0083 0.1264 0.0083 0.1263 0.0004
0.002 -4.8 0.0097 0.1261 0.0097 0.1261 0.0
0.002 -7.5 0.0098 0.1254 0.0096 0.1252 0.0006
0.04 -5.1 0.0114 0.1359 0.0114 0.1358 0.0022
0.06 -8.1 0.0141 0.152 0.014 0.1517 0.0021
0.04 -6.3 0.0109 0.1387 0.0109 0.1384 0.0018
0.08 -7.8 0.0138 0.1748 0.0133 0.1747 0.0024
0.08 -4.5 0.0127 0.1699 0.0126 0.1684 0.0051
0.0016 -8.7 0.0102 0.1283 0.0102 0.1283 0.0006
0.0011 -5.7 0.0167 0.1434 0.0167 0.1431 0.0004
0.007 -8.4 0.0086 0.1234 0.0085 0.123 0.0011
0.0011 -3.3 0.0144 0.1443 0.0144 0.1441 0.0004
0.12 -9.0 0.0233 0.2165 0.0229 0.2162 0.0055
0.12 -6.0 0.023 0.2169 0.0226 0.2162 0.0054
0.12 -3.9 0.0051 0.1841 0.0051 0.178 0.0202
0.12 -3.6 0.0015 0.1756 0.0015 0.17 0.0171
0.005 -3.6 0.0098 0.1267 0.0098 0.1267 0.0004
0.005 -3.9 0.0081 0.1278 0.0081 0.1273 0.0006
0.0025 -7.8 0.0079 0.1299 0.0077 0.1295 0.0009
0.0025 -4.5 0.0082 0.1248 0.0081 0.1246 0.0005
0.0013 -4.2 0.0117 0.137 0.0116 0.1367 0.0007
0.1 -4.5 0.0161 0.1795 0.0159 0.1787 0.0034
0.1 -7.8 0.0163 0.1925 0.0162 0.1923 0.0026
0.01 -8.4 0.009 0.1258 0.009 0.1258 0.0009
0.0016 -6.6 0.0097 0.1256 0.0097 0.1255 0.0004
0.007 -5.7 0.0092 0.122 0.0092 0.1216 0.0007
0.0016 -5.4 0.0109 0.1287 0.0109 0.1286 0.0003
0.0016 -6.9 0.0092 0.1264 0.0092 0.1264 0.0001
0.004 -7.2 0.0089 0.1294 0.0089 0.1292 0.0009
0.0011 -8.4 0.0149 0.1435 0.0148 0.1435 0.0008
0.007 -3.3 0.0072 0.1173 0.0072 0.1155 0.0026
0.01 -6.0 0.0095 0.125 0.0095 0.1248 0.0009
0.04 -7.8 0.0105 0.1404 0.0105 0.1401 0.0015
0.04 -4.5 0.0106 0.1339 0.0106 0.1336 0.0022
0.01 -9.0 0.0104 0.128 0.0104 0.1279 0.0006
0.004 -8.7 0.0098 0.1267 0.0097 0.1264 0.0007
0.08 -6.3 0.0132 0.1689 0.0129 0.1688 0.0016
0.06 -3.6 0.0027 0.1195 0.0027 0.1151 0.01
0.08 -5.1 0.0146 0.1722 0.0141 0.1716 0.0028
0.06 -3.9 0.0069 0.1286 0.0068 0.1246 0.0089
0.0035 -5.7 0.0091 0.1218 0.009 0.1216 0.0004
0.0035 -3.3 0.0081 0.1181 0.0081 0.1174 0.0013
0.0016 -4.8 0.0093 0.1301 0.0093 0.13 0.0003
0.0016 -7.5 0.0102 0.1274 0.0102 0.127 0.0008
0.002 -7.2 0.0092 0.1264 0.0092 0.126 0.0006
0.08 -4.2 0.0094 0.155 0.0093 0.1528 0.0054
0.002 -8.7 0.0105 0.1263 0.0105 0.126 0.0007
0.003 -3.9 0.0077 0.1269 0.0077 0.1267 0.0007
0.003 -3.6 0.0075 0.1236 0.0075 0.1235 0.0004
0.0013 -6.3 0.0118 0.1363 0.0118 0.1361 0.0006
0.0013 -5.1 0.0114 0.1364 0.0114 0.1362 0.0006
0.04 -3.0 0.0007 0.103 0.0007 0.0967 0.0145
0.02 -3.6 0.0081 0.1144 0.0081 0.1128 0.0033
0.0035 -9.0 0.009 0.1233 0.009 0.1232 0.0003
0.02 -3.9 0.0091 0.123 0.0091 0.1219 0.0017
0.0035 -6.0 0.0086 0.1185 0.0086 0.1182 0.0006
